# time(yr)	runoff(mm/month)
0.0000000	38.5367997
0.0834028	38.5598404
0.1668057	43.2349800
0.2502085	42.8499926
0.3336113	44.5971082
0.4170142	42.5714404
0.5004170	41.7178717
0.5838198	41.4801817
0.6672227	41.1638505
0.7506255	40.4276050
0.8340284	39.9493180
0.9174312	36.8837416
1.0008340	38.5367997
1.0842369	38.5598404
1.1676397	43.2349800
1.2510425	42.8499926
1.3344454	44.5971082
1.4178482	42.5714404
1.5012510	41.7178717
1.5846539	41.4801817
1.6680567	41.1638505
1.7514595	40.4276050
1.8348624	39.9493180
1.9182652	36.8837416
2.0016681	38.5367997
2.0850709	38.5598404
2.1684737	43.2349800
2.2518766	42.8499926
2.3352794	44.5971082
2.4186822	42.5714404
2.5020851	41.7178717
2.5854879	41.4801817
2.6688907	41.1638505
2.7522936	40.4276050
2.8356964	39.9493180
2.9190992	36.8837416
3.0025021	38.5367997
3.0859049	38.5598404
3.1693078	43.2349800
3.2527106	42.8499926
3.3361134	44.5971082
3.4195163	42.5714404
3.5029191	41.7178717
3.5863219	41.4801817
3.6697248	41.1638505
3.7531276	40.4276050
3.8365304	39.9493180
3.9199333	36.8837416
4.0033361	38.5367997
4.0867389	38.5598404
4.1701418	43.2349800
4.2535446	42.8499926
4.3369475	44.5971082
4.4203503	42.5714404
4.5037531	41.7178717
4.5871560	41.4801817
4.6705588	41.1638505
4.7539616	40.4276050
4.8373645	39.9493180
4.9207673	36.8837416
5.0041701	38.5367997
5.0875730	38.5598404
5.1709758	43.2349800
5.2543786	42.8499926
5.3377815	44.5971082
5.4211843	42.5714404
5.5045872	41.7178717
5.5879900	41.4801817
5.6713928	41.1638505
5.7547957	40.4276050
5.8381985	39.9493180
5.9216013	36.8837416
6.0050042	38.5367997
6.0884070	38.5598404
6.1718098	43.2349800
6.2552127	42.8499926
6.3386155	44.5971082
6.4220183	42.5714404
6.5054212	41.7178717
6.5888240	41.4801817
6.6722269	41.1638505
6.7556297	40.4276050
6.8390325	39.9493180
6.9224354	36.8837416
7.0058382	38.5367997
7.0892410	38.5598404
7.1726439	43.2349800
7.2560467	42.8499926
7.3394495	44.5971082
7.4228524	42.5714404
7.5062552	41.7178717
7.5896580	41.4801817
7.6730609	41.1638505
7.7564637	40.4276050
7.8398666	39.9493180
7.9232694	36.8837416
8.0066722	38.5367997
8.0900751	38.5598404
8.1734779	43.2349800
8.2568807	42.8499926
8.3402836	44.5971082
8.4236864	42.5714404
8.5070892	41.7178717
8.5904921	41.4801817
8.6738949	41.1638505
8.7572977	40.4276050
8.8407006	39.9493180
8.9241034	36.8837416
9.0075063	38.5367997
9.0909091	38.5598404
9.1743119	43.2349800
9.2577148	42.8499926
9.3411176	44.5971082
9.4245204	42.5714404
9.5079233	41.7178717
9.5913261	41.4801817
9.6747289	41.1638505
9.7581318	40.4276050
9.8415346	39.9493180
9.9249374	36.8837416
10.0083403	38.5367997
10.0917431	38.5598404
10.1751460	43.2349800
10.2585488	42.8499926
10.3419516	44.5971082
10.4253545	42.5714404
10.5087573	41.7178717
10.5921601	41.4801817
10.6755630	41.1638505
10.7589658	40.4276050
10.8423686	39.9493180
10.9257715	36.8837416
11.0091743	38.5367997
11.0925771	38.5598404
11.1759800	43.2349800
11.2593828	42.8499926
11.3427857	44.5971082
11.4261885	42.5714404
11.5095913	41.7178717
11.5929942	41.4801817
11.6763970	41.1638505
11.7597998	40.4276050
11.8432027	39.9493180
11.9266055	36.8837416
12.0100083	38.5367997
12.0934112	38.5598404
12.1768140	43.2349800
12.2602168	42.8499926
12.3436197	44.5971082
12.4270225	42.5714404
12.5104254	41.7178717
12.5938282	41.4801817
12.6772310	41.1638505
12.7606339	40.4276050
12.8440367	39.9493180
12.9274395	36.8837416
13.0108424	38.5367997
13.0942452	38.5598404
13.1776480	43.2349800
13.2610509	42.8499926
13.3444537	44.5971082
13.4278565	42.5714404
13.5112594	41.7178717
13.5946622	41.4801817
13.6780651	41.1638505
13.7614679	40.4276050
13.8448707	39.9493180
13.9282736	36.8837416
14.0116764	38.5367997
14.0950792	38.5598404
14.1784821	43.2349800
14.2618849	42.8499926
14.3452877	44.5971082
14.4286906	42.5714404
14.5120934	41.7178717
14.5954962	41.4801817
14.6788991	41.1638505
14.7623019	40.4276050
14.8457048	39.9493180
14.9291076	36.8837416
15.0125104	38.5367997
15.0959133	38.5598404
15.1793161	43.2349800
15.2627189	42.8499926
15.3461218	44.5971082
15.4295246	42.5714404
15.5129274	41.7178717
15.5963303	41.4801817
15.6797331	41.1638505
15.7631359	40.4276050
15.8465388	39.9493180
15.9299416	36.8837416
16.0133445	38.5367997
16.0967473	38.5598404
16.1801501	43.2349800
16.2635530	42.8499926
16.3469558	44.5971082
16.4303586	42.5714404
16.5137615	41.7178717
16.5971643	41.4801817
16.6805671	41.1638505
16.7639700	40.4276050
16.8473728	39.9493180
16.9307756	36.8837416
17.0141785	38.5367997
17.0975813	38.5598404
17.1809842	43.2349800
17.2643870	42.8499926
17.3477898	44.5971082
17.4311927	42.5714404
17.5145955	41.7178717
17.5979983	41.4801817
17.6814012	41.1638505
17.7648040	40.4276050
17.8482068	39.9493180
17.9316097	36.8837416
18.0150125	38.5367997
18.0984153	38.5598404
18.1818182	43.2349800
18.2652210	42.8499926
18.3486239	44.5971082
18.4320267	42.5714404
18.5154295	41.7178717
18.5988324	41.4801817
18.6822352	41.1638505
18.7656380	40.4276050
18.8490409	39.9493180
18.9324437	36.8837416
19.0158465	38.5367997
19.0992494	38.5598404
19.1826522	43.2349800
19.2660550	42.8499926
19.3494579	44.5971082
19.4328607	42.5714404
19.5162636	41.7178717
19.5996664	41.4801817
19.6830692	41.1638505
19.7664721	40.4276050
19.8498749	39.9493180
19.9332777	36.8837416
20.0166806	38.5367997
20.1000834	38.5598404
20.1834862	43.2349800
20.2668891	42.8499926
20.3502919	44.5971082
20.4336947	42.5714404
20.5170976	41.7178717
20.6005004	41.4801817
20.6839033	41.1638505
20.7673061	40.4276050
20.8507089	39.9493180
20.9341118	36.8837416
21.0175146	38.5367997
21.1009174	38.5598404
21.1843203	43.2349800
21.2677231	42.8499926
21.3511259	44.5971082
21.4345288	42.5714404
21.5179316	41.7178717
21.6013344	41.4801817
21.6847373	41.1638505
21.7681401	40.4276050
21.8515430	39.9493180
21.9349458	36.8837416
22.0183486	38.5367997
22.1017515	38.5598404
22.1851543	43.2349800
22.2685571	42.8499926
22.3519600	44.5971082
22.4353628	42.5714404
22.5187656	41.7178717
22.6021685	41.4801817
22.6855713	41.1638505
22.7689741	40.4276050
22.8523770	39.9493180
22.9357798	36.8837416
23.0191827	38.5367997
23.1025855	38.5598404
23.1859883	43.2349800
23.2693912	42.8499926
23.3527940	44.5971082
23.4361968	42.5714404
23.5195997	41.7178717
23.6030025	41.4801817
23.6864053	41.1638505
23.7698082	40.4276050
23.8532110	39.9493180
23.9366138	36.8837416
24.0200167	38.5367997
24.1034195	38.5598404
24.1868224	43.2349800
24.2702252	42.8499926
24.3536280	44.5971082
24.4370309	42.5714404
24.5204337	41.7178717
24.6038365	41.4801817
24.6872394	41.1638505
24.7706422	40.4276050
24.8540450	39.9493180
24.9374479	36.8837416
25.0208507	38.5367997
25.1042535	38.5598404
25.1876564	43.2349800
25.2710592	42.8499926
25.3544621	44.5971082
25.4378649	42.5714404
25.5212677	41.7178717
25.6046706	41.4801817
25.6880734	41.1638505
25.7714762	40.4276050
25.8548791	39.9493180
25.9382819	36.8837416
26.0216847	38.5367997
26.1050876	38.5598404
26.1884904	43.2349800
26.2718932	42.8499926
26.3552961	44.5971082
26.4386989	42.5714404
26.5221018	41.7178717
26.6055046	41.4801817
26.6889074	41.1638505
26.7723103	40.4276050
26.8557131	39.9493180
26.9391159	36.8837416
27.0225188	38.5367997
27.1059216	38.5598404
27.1893244	43.2349800
27.2727273	42.8499926
27.3561301	44.5971082
27.4395329	42.5714404
27.5229358	41.7178717
27.6063386	41.4801817
27.6897415	41.1638505
27.7731443	40.4276050
27.8565471	39.9493180
27.9399500	36.8837416
28.0233528	38.5367997
28.1067556	38.5598404
28.1901585	43.2349800
28.2735613	42.8499926
28.3569641	44.5971082
28.4403670	42.5714404
28.5237698	41.7178717
28.6071726	41.4801817
28.6905755	41.1638505
28.7739783	40.4276050
28.8573812	39.9493180
28.9407840	36.8837416
29.0241868	38.5367997
29.1075897	38.5598404
29.1909925	43.2349800
29.2743953	42.8499926
29.3577982	44.5971082
29.4412010	42.5714404
29.5246038	41.7178717
29.6080067	41.4801817
29.6914095	41.1638505
29.7748123	40.4276050
29.8582152	39.9493180
29.9416180	36.8837416
30.0250209	38.5367997
30.1084237	38.5598404
30.1918265	43.2349800
30.2752294	42.8499926
30.3586322	44.5971082
30.4420350	42.5714404
30.5254379	41.7178717
30.6088407	41.4801817
30.6922435	41.1638505
30.7756464	40.4276050
30.8590492	39.9493180
30.9424520	36.8837416
31.0258549	38.5367997
31.1092577	38.5598404
31.1926606	43.2349800
31.2760634	42.8499926
31.3594662	44.5971082
31.4428691	42.5714404
31.5262719	41.7178717
31.6096747	41.4801817
31.6930776	41.1638505
31.7764804	40.4276050
31.8598832	39.9493180
31.9432861	36.8837416
32.0266889	38.5367997
32.1100917	38.5598404
32.1934946	43.2349800
32.2768974	42.8499926
32.3603003	44.5971082
32.4437031	42.5714404
32.5271059	41.7178717
32.6105088	41.4801817
32.6939116	41.1638505
32.7773144	40.4276050
32.8607173	39.9493180
32.9441201	36.8837416
33.0275229	38.5367997
33.1109258	38.5598404
33.1943286	43.2349800
33.2777314	42.8499926
33.3611343	44.5971082
33.4445371	42.5714404
33.5279399	41.7178717
33.6113428	41.4801817
33.6947456	41.1638505
33.7781485	40.4276050
33.8615513	39.9493180
33.9449541	36.8837416
34.0283570	38.5367997
34.1117598	38.5598404
34.1951626	43.2349800
34.2785655	42.8499926
34.3619683	44.5971082
34.4453711	42.5714404
34.5287740	41.7178717
34.6121768	41.4801817
34.6955796	41.1638505
34.7789825	40.4276050
34.8623853	39.9493180
34.9457882	36.8837416
35.0291910	38.5367997
35.1125938	38.5598404
35.1959967	43.2349800
35.2793995	42.8499926
35.3628023	44.5971082
35.4462052	42.5714404
35.5296080	41.7178717
35.6130108	41.4801817
35.6964137	41.1638505
35.7798165	40.4276050
35.8632193	39.9493180
35.9466222	36.8837416
36.0300250	38.5367997
36.1134279	38.5598404
36.1968307	43.2349800
36.2802335	42.8499926
36.3636364	44.5971082
36.4470392	42.5714404
36.5304420	41.7178717
36.6138449	41.4801817
36.6972477	41.1638505
36.7806505	40.4276050
36.8640534	39.9493180
36.9474562	36.8837416
37.0308590	38.5367997
37.1142619	38.5598404
37.1976647	43.2349800
37.2810676	42.8499926
37.3644704	44.5971082
37.4478732	42.5714404
37.5312761	41.7178717
37.6146789	41.4801817
37.6980817	41.1638505
37.7814846	40.4276050
37.8648874	39.9493180
37.9482902	36.8837416
38.0316931	38.5367997
38.1150959	38.5598404
38.1984987	43.2349800
38.2819016	42.8499926
38.3653044	44.5971082
38.4487073	42.5714404
38.5321101	41.7178717
38.6155129	41.4801817
38.6989158	41.1638505
38.7823186	40.4276050
38.8657214	39.9493180
38.9491243	36.8837416
39.0325271	38.5367997
39.1159299	38.5598404
39.1993328	43.2349800
39.2827356	42.8499926
39.3661384	44.5971082
39.4495413	42.5714404
39.5329441	41.7178717
39.6163470	41.4801817
39.6997498	41.1638505
39.7831526	40.4276050
39.8665555	39.9493180
39.9499583	36.8837416
40.0333611	38.5367997
40.1167640	38.5598404
40.2001668	43.2349800
40.2835696	42.8499926
40.3669725	44.5971082
40.4503753	42.5714404
40.5337781	41.7178717
40.6171810	41.4801817
40.7005838	41.1638505
40.7839867	40.4276050
40.8673895	39.9493180
40.9507923	36.8837416
41.0341952	38.5367997
41.1175980	38.5598404
41.2010008	43.2349800
41.2844037	42.8499926
41.3678065	44.5971082
41.4512093	42.5714404
41.5346122	41.7178717
41.6180150	41.4801817
41.7014178	41.1638505
41.7848207	40.4276050
41.8682235	39.9493180
41.9516264	36.8837416
42.0350292	38.5367997
42.1184320	38.5598404
42.2018349	43.2349800
42.2852377	42.8499926
42.3686405	44.5971082
42.4520434	42.5714404
42.5354462	41.7178717
42.6188490	41.4801817
42.7022519	41.1638505
42.7856547	40.4276050
42.8690575	39.9493180
42.9524604	36.8837416
43.0358632	38.5367997
43.1192661	38.5598404
43.2026689	43.2349800
43.2860717	42.8499926
43.3694746	44.5971082
43.4528774	42.5714404
43.5362802	41.7178717
43.6196831	41.4801817
43.7030859	41.1638505
43.7864887	40.4276050
43.8698916	39.9493180
43.9532944	36.8837416
44.0366972	38.5367997
44.1201001	38.5598404
44.2035029	43.2349800
44.2869058	42.8499926
44.3703086	44.5971082
44.4537114	42.5714404
44.5371143	41.7178717
44.6205171	41.4801817
44.7039199	41.1638505
44.7873228	40.4276050
44.8707256	39.9493180
44.9541284	36.8837416
45.0375313	38.5367997
45.1209341	38.5598404
45.2043369	43.2349800
45.2877398	42.8499926
45.3711426	44.5971082
45.4545455	42.5714404
45.5379483	41.7178717
45.6213511	41.4801817
45.7047540	41.1638505
45.7881568	40.4276050
45.8715596	39.9493180
45.9549625	36.8837416
46.0383653	38.5367997
46.1217681	38.5598404
46.2051710	43.2349800
46.2885738	42.8499926
46.3719766	44.5971082
46.4553795	42.5714404
46.5387823	41.7178717
46.6221852	41.4801817
46.7055880	41.1638505
46.7889908	40.4276050
46.8723937	39.9493180
46.9557965	36.8837416
47.0391993	38.5367997
47.1226022	38.5598404
47.2060050	43.2349800
47.2894078	42.8499926
47.3728107	44.5971082
47.4562135	42.5714404
47.5396163	41.7178717
47.6230192	41.4801817
47.7064220	41.1638505
47.7898249	40.4276050
47.8732277	39.9493180
47.9566305	36.8837416
48.0400334	38.5367997
48.1234362	38.5598404
48.2068390	43.2349800
48.2902419	42.8499926
48.3736447	44.5971082
48.4570475	42.5714404
48.5404504	41.7178717
48.6238532	41.4801817
48.7072560	41.1638505
48.7906589	40.4276050
48.8740617	39.9493180
48.9574646	36.8837416
49.0408674	38.5367997
49.1242702	38.5598404
49.2076731	43.2349800
49.2910759	42.8499926
49.3744787	44.5971082
49.4578816	42.5714404
49.5412844	41.7178717
49.6246872	41.4801817
49.7080901	41.1638505
49.7914929	40.4276050
49.8748957	39.9493180
49.9582986	36.8837416
50.0417014	38.5367997
50.1251043	38.5598404
50.2085071	43.2349800
50.2919099	42.8499926
50.3753128	44.5971082
50.4587156	42.5714404
50.5421184	41.7178717
50.6255213	41.4801817
50.7089241	41.1638505
50.7923269	40.4276050
50.8757298	39.9493180
50.9591326	36.8837416
51.0425354	38.5367997
51.1259383	38.5598404
51.2093411	43.2349800
51.2927440	42.8499926
51.3761468	44.5971082
51.4595496	42.5714404
51.5429525	41.7178717
51.6263553	41.4801817
51.7097581	41.1638505
51.7931610	40.4276050
51.8765638	39.9493180
51.9599666	36.8837416
52.0433695	38.5367997
52.1267723	38.5598404
52.2101751	43.2349800
52.2935780	42.8499926
52.3769808	44.5971082
52.4603837	42.5714404
52.5437865	41.7178717
52.6271893	41.4801817
52.7105922	41.1638505
52.7939950	40.4276050
52.8773978	39.9493180
52.9608007	36.8837416
53.0442035	38.5367997
53.1276063	38.5598404
53.2110092	43.2349800
53.2944120	42.8499926
53.3778148	44.5971082
53.4612177	42.5714404
53.5446205	41.7178717
53.6280234	41.4801817
53.7114262	41.1638505
53.7948290	40.4276050
53.8782319	39.9493180
53.9616347	36.8837416
54.0450375	38.5367997
54.1284404	38.5598404
54.2118432	43.2349800
54.2952460	42.8499926
54.3786489	44.5971082
54.4620517	42.5714404
54.5454545	41.7178717
54.6288574	41.4801817
54.7122602	41.1638505
54.7956631	40.4276050
54.8790659	39.9493180
54.9624687	36.8837416
55.0458716	38.5367997
55.1292744	38.5598404
55.2126772	43.2349800
55.2960801	42.8499926
55.3794829	44.5971082
55.4628857	42.5714404
55.5462886	41.7178717
55.6296914	41.4801817
55.7130942	41.1638505
55.7964971	40.4276050
55.8798999	39.9493180
55.9633028	36.8837416
56.0467056	38.5367997
56.1301084	38.5598404
56.2135113	43.2349800
56.2969141	42.8499926
56.3803169	44.5971082
56.4637198	42.5714404
56.5471226	41.7178717
56.6305254	41.4801817
56.7139283	41.1638505
56.7973311	40.4276050
56.8807339	39.9493180
56.9641368	36.8837416
57.0475396	38.5367997
57.1309425	38.5598404
57.2143453	43.2349800
57.2977481	42.8499926
57.3811510	44.5971082
57.4645538	42.5714404
57.5479566	41.7178717
57.6313595	41.4801817
57.7147623	41.1638505
57.7981651	40.4276050
57.8815680	39.9493180
57.9649708	36.8837416
58.0483736	38.5367997
58.1317765	38.5598404
58.2151793	43.2349800
58.2985822	42.8499926
58.3819850	44.5971082
58.4653878	42.5714404
58.5487907	41.7178717
58.6321935	41.4801817
58.7155963	41.1638505
58.7989992	40.4276050
58.8824020	39.9493180
58.9658048	36.8837416
59.0492077	38.5367997
59.1326105	38.5598404
59.2160133	43.2349800
59.2994162	42.8499926
59.3828190	44.5971082
59.4662219	42.5714404
59.5496247	41.7178717
59.6330275	41.4801817
59.7164304	41.1638505
59.7998332	40.4276050
59.8832360	39.9493180
59.9666389	36.8837416
60.0500417	38.5367997
60.1334445	38.5598404
60.2168474	43.2349800
60.3002502	42.8499926
60.3836530	44.5971082
60.4670559	42.5714404
60.5504587	41.7178717
60.6338616	41.4801817
60.7172644	41.1638505
60.8006672	40.4276050
60.8840701	39.9493180
60.9674729	36.8837416
61.0508757	38.5367997
61.1342786	38.5598404
61.2176814	43.2349800
61.3010842	42.8499926
61.3844871	44.5971082
61.4678899	42.5714404
61.5512927	41.7178717
61.6346956	41.4801817
61.7180984	41.1638505
61.8015013	40.4276050
61.8849041	39.9493180
61.9683069	36.8837416
62.0517098	38.5367997
62.1351126	38.5598404
62.2185154	43.2349800
62.3019183	42.8499926
62.3853211	44.5971082
62.4687239	42.5714404
62.5521268	41.7178717
62.6355296	41.4801817
62.7189324	41.1638505
62.8023353	40.4276050
62.8857381	39.9493180
62.9691410	36.8837416
63.0525438	38.5367997
63.1359466	38.5598404
63.2193495	43.2349800
63.3027523	42.8499926
63.3861551	44.5971082
63.4695580	42.5714404
63.5529608	41.7178717
63.6363636	41.4801817
63.7197665	41.1638505
63.8031693	40.4276050
63.8865721	39.9493180
63.9699750	36.8837416
64.0533778	38.5367997
64.1367807	38.5598404
64.2201835	43.2349800
64.3035863	42.8499926
64.3869892	44.5971082
64.4703920	42.5714404
64.5537948	41.7178717
64.6371977	41.4801817
64.7206005	41.1638505
64.8040033	40.4276050
64.8874062	39.9493180
64.9708090	36.8837416
65.0542118	38.5367997
65.1376147	38.5598404
65.2210175	43.2349800
65.3044204	42.8499926
65.3878232	44.5971082
65.4712260	42.5714404
65.5546289	41.7178717
65.6380317	41.4801817
65.7214345	41.1638505
65.8048374	40.4276050
65.8882402	39.9493180
65.9716430	36.8837416
66.0550459	38.5367997
66.1384487	38.5598404
66.2218515	43.2349800
66.3052544	42.8499926
66.3886572	44.5971082
66.4720601	42.5714404
66.5554629	41.7178717
66.6388657	41.4801817
66.7222686	41.1638505
66.8056714	40.4276050
66.8890742	39.9493180
66.9724771	36.8837416
67.0558799	38.5367997
67.1392827	38.5598404
67.2226856	43.2349800
67.3060884	42.8499926
67.3894912	44.5971082
67.4728941	42.5714404
67.5562969	41.7178717
67.6396997	41.4801817
67.7231026	41.1638505
67.8065054	40.4276050
67.8899083	39.9493180
67.9733111	36.8837416
68.0567139	38.5367997
68.1401168	38.5598404
68.2235196	43.2349800
68.3069224	42.8499926
68.3903253	44.5971082
68.4737281	42.5714404
68.5571309	41.7178717
68.6405338	41.4801817
68.7239366	41.1638505
68.8073394	40.4276050
68.8907423	39.9493180
68.9741451	36.8837416
69.0575480	38.5367997
69.1409508	38.5598404
69.2243536	43.2349800
69.3077565	42.8499926
69.3911593	44.5971082
69.4745621	42.5714404
69.5579650	41.7178717
69.6413678	41.4801817
69.7247706	41.1638505
69.8081735	40.4276050
69.8915763	39.9493180
69.9749791	36.8837416
70.0583820	38.5367997
70.1417848	38.5598404
70.2251877	43.2349800
70.3085905	42.8499926
70.3919933	44.5971082
70.4753962	42.5714404
70.5587990	41.7178717
70.6422018	41.4801817
70.7256047	41.1638505
70.8090075	40.4276050
70.8924103	39.9493180
70.9758132	36.8837416
71.0592160	38.5367997
71.1426188	38.5598404
71.2260217	43.2349800
71.3094245	42.8499926
71.3928274	44.5971082
71.4762302	42.5714404
71.5596330	41.7178717
71.6430359	41.4801817
71.7264387	41.1638505
71.8098415	40.4276050
71.8932444	39.9493180
71.9766472	36.8837416
72.0600500	38.5367997
72.1434529	38.5598404
72.2268557	43.2349800
72.3102585	42.8499926
72.3936614	44.5971082
72.4770642	42.5714404
72.5604671	41.7178717
72.6438699	41.4801817
72.7272727	41.1638505
72.8106756	40.4276050
72.8940784	39.9493180
72.9774812	36.8837416
73.0608841	38.5367997
73.1442869	38.5598404
73.2276897	43.2349800
73.3110926	42.8499926
73.3944954	44.5971082
73.4778982	42.5714404
73.5613011	41.7178717
73.6447039	41.4801817
73.7281068	41.1638505
73.8115096	40.4276050
73.8949124	39.9493180
73.9783153	36.8837416
74.0617181	38.5367997
74.1451209	38.5598404
74.2285238	43.2349800
74.3119266	42.8499926
74.3953294	44.5971082
74.4787323	42.5714404
74.5621351	41.7178717
74.6455379	41.4801817
74.7289408	41.1638505
74.8123436	40.4276050
74.8957465	39.9493180
74.9791493	36.8837416
75.0625521	38.5367997
75.1459550	38.5598404
75.2293578	43.2349800
75.3127606	42.8499926
75.3961635	44.5971082
75.4795663	42.5714404
75.5629691	41.7178717
75.6463720	41.4801817
75.7297748	41.1638505
75.8131776	40.4276050
75.8965805	39.9493180
75.9799833	36.8837416
76.0633862	38.5367997
76.1467890	38.5598404
76.2301918	43.2349800
76.3135947	42.8499926
76.3969975	44.5971082
76.4804003	42.5714404
76.5638032	41.7178717
76.6472060	41.4801817
76.7306088	41.1638505
76.8140117	40.4276050
76.8974145	39.9493180
76.9808173	36.8837416
77.0642202	38.5367997
77.1476230	38.5598404
77.2310259	43.2349800
77.3144287	42.8499926
77.3978315	44.5971082
77.4812344	42.5714404
77.5646372	41.7178717
77.6480400	41.4801817
77.7314429	41.1638505
77.8148457	40.4276050
77.8982485	39.9493180
77.9816514	36.8837416
78.0650542	38.5367997
78.1484570	38.5598404
78.2318599	43.2349800
78.3152627	42.8499926
78.3986656	44.5971082
78.4820684	42.5714404
78.5654712	41.7178717
78.6488741	41.4801817
78.7322769	41.1638505
78.8156797	40.4276050
78.8990826	39.9493180
78.9824854	36.8837416
79.0658882	38.5367997
79.1492911	38.5598404
79.2326939	43.2349800
79.3160967	42.8499926
79.3994996	44.5971082
79.4829024	42.5714404
79.5663053	41.7178717
79.6497081	41.4801817
79.7331109	41.1638505
79.8165138	40.4276050
79.8999166	39.9493180
79.9833194	36.8837416
80.0667223	38.5367997
80.1501251	38.5598404
80.2335279	43.2349800
80.3169308	42.8499926
80.4003336	44.5971082
80.4837364	42.5714404
80.5671393	41.7178717
80.6505421	41.4801817
80.7339450	41.1638505
80.8173478	40.4276050
80.9007506	39.9493180
80.9841535	36.8837416
81.0675563	38.5367997
81.1509591	38.5598404
81.2343620	43.2349800
81.3177648	42.8499926
81.4011676	44.5971082
81.4845705	42.5714404
81.5679733	41.7178717
81.6513761	41.4801817
81.7347790	41.1638505
81.8181818	40.4276050
81.9015847	39.9493180
81.9849875	36.8837416
82.0683903	38.5367997
82.1517932	38.5598404
82.2351960	43.2349800
82.3185988	42.8499926
82.4020017	44.5971082
82.4854045	42.5714404
82.5688073	41.7178717
82.6522102	41.4801817
82.7356130	41.1638505
82.8190158	40.4276050
82.9024187	39.9493180
82.9858215	36.8837416
83.0692244	38.5367997
83.1526272	38.5598404
83.2360300	43.2349800
83.3194329	42.8499926
83.4028357	44.5971082
83.4862385	42.5714404
83.5696414	41.7178717
83.6530442	41.4801817
83.7364470	41.1638505
83.8198499	40.4276050
83.9032527	39.9493180
83.9866555	36.8837416
84.0700584	38.5367997
84.1534612	38.5598404
84.2368641	43.2349800
84.3202669	42.8499926
84.4036697	44.5971082
84.4870726	42.5714404
84.5704754	41.7178717
84.6538782	41.4801817
84.7372811	41.1638505
84.8206839	40.4276050
84.9040867	39.9493180
84.9874896	36.8837416
85.0708924	38.5367997
85.1542952	38.5598404
85.2376981	43.2349800
85.3211009	42.8499926
85.4045038	44.5971082
85.4879066	42.5714404
85.5713094	41.7178717
85.6547123	41.4801817
85.7381151	41.1638505
85.8215179	40.4276050
85.9049208	39.9493180
85.9883236	36.8837416
86.0717264	38.5367997
86.1551293	38.5598404
86.2385321	43.2349800
86.3219349	42.8499926
86.4053378	44.5971082
86.4887406	42.5714404
86.5721435	41.7178717
86.6555463	41.4801817
86.7389491	41.1638505
86.8223520	40.4276050
86.9057548	39.9493180
86.9891576	36.8837416
87.0725605	38.5367997
87.1559633	38.5598404
87.2393661	43.2349800
87.3227690	42.8499926
87.4061718	44.5971082
87.4895746	42.5714404
87.5729775	41.7178717
87.6563803	41.4801817
87.7397832	41.1638505
87.8231860	40.4276050
87.9065888	39.9493180
87.9899917	36.8837416
88.0733945	38.5367997
88.1567973	38.5598404
88.2402002	43.2349800
88.3236030	42.8499926
88.4070058	44.5971082
88.4904087	42.5714404
88.5738115	41.7178717
88.6572143	41.4801817
88.7406172	41.1638505
88.8240200	40.4276050
88.9074229	39.9493180
88.9908257	36.8837416
89.0742285	38.5367997
89.1576314	38.5598404
89.2410342	43.2349800
89.3244370	42.8499926
89.4078399	44.5971082
89.4912427	42.5714404
89.5746455	41.7178717
89.6580484	41.4801817
89.7414512	41.1638505
89.8248540	40.4276050
89.9082569	39.9493180
89.9916597	36.8837416
90.0750626	38.5367997
90.1584654	38.5598404
90.2418682	43.2349800
90.3252711	42.8499926
90.4086739	44.5971082
90.4920767	42.5714404
90.5754796	41.7178717
90.6588824	41.4801817
90.7422852	41.1638505
90.8256881	40.4276050
90.9090909	39.9493180
90.9924937	36.8837416
91.0758966	38.5367997
91.1592994	38.5598404
91.2427023	43.2349800
91.3261051	42.8499926
91.4095079	44.5971082
91.4929108	42.5714404
91.5763136	41.7178717
91.6597164	41.4801817
91.7431193	41.1638505
91.8265221	40.4276050
91.9099249	39.9493180
91.9933278	36.8837416
92.0767306	38.5367997
92.1601334	38.5598404
92.2435363	43.2349800
92.3269391	42.8499926
92.4103420	44.5971082
92.4937448	42.5714404
92.5771476	41.7178717
92.6605505	41.4801817
92.7439533	41.1638505
92.8273561	40.4276050
92.9107590	39.9493180
92.9941618	36.8837416
93.0775646	38.5367997
93.1609675	38.5598404
93.2443703	43.2349800
93.3277731	42.8499926
93.4111760	44.5971082
93.4945788	42.5714404
93.5779817	41.7178717
93.6613845	41.4801817
93.7447873	41.1638505
93.8281902	40.4276050
93.9115930	39.9493180
93.9949958	36.8837416
94.0783987	38.5367997
94.1618015	38.5598404
94.2452043	43.2349800
94.3286072	42.8499926
94.4120100	44.5971082
94.4954128	42.5714404
94.5788157	41.7178717
94.6622185	41.4801817
94.7456214	41.1638505
94.8290242	40.4276050
94.9124270	39.9493180
94.9958299	36.8837416
95.0792327	38.5367997
95.1626355	38.5598404
95.2460384	43.2349800
95.3294412	42.8499926
95.4128440	44.5971082
95.4962469	42.5714404
95.5796497	41.7178717
95.6630525	41.4801817
95.7464554	41.1638505
95.8298582	40.4276050
95.9132611	39.9493180
95.9966639	36.8837416
96.0800667	38.5367997
96.1634696	38.5598404
96.2468724	43.2349800
96.3302752	42.8499926
96.4136781	44.5971082
96.4970809	42.5714404
96.5804837	41.7178717
96.6638866	41.4801817
96.7472894	41.1638505
96.8306922	40.4276050
96.9140951	39.9493180
96.9974979	36.8837416
97.0809008	38.5367997
97.1643036	38.5598404
97.2477064	43.2349800
97.3311093	42.8499926
97.4145121	44.5971082
97.4979149	42.5714404
97.5813178	41.7178717
97.6647206	41.4801817
97.7481234	41.1638505
97.8315263	40.4276050
97.9149291	39.9493180
97.9983319	36.8837416
98.0817348	38.5367997
98.1651376	38.5598404
98.2485405	43.2349800
98.3319433	42.8499926
98.4153461	44.5971082
98.4987490	42.5714404
98.5821518	41.7178717
98.6655546	41.4801817
98.7489575	41.1638505
98.8323603	40.4276050
98.9157631	39.9493180
98.9991660	36.8837416
99.0825688	38.5367997
99.1659716	38.5598404
99.2493745	43.2349800
99.3327773	42.8499926
99.4161802	44.5971082
99.4995830	42.5714404
99.5829858	41.7178717
99.6663887	41.4801817
99.7497915	41.1638505
99.8331943	40.4276050
99.9165972	39.9493180
100.0000000	36.8837416
