# time(yr)	T(C)
0.0000000	13.7583876
0.0834028	12.9435482
0.1668057	14.3543501
0.2502085	18.2557468
0.3336113	22.3432655
0.4170142	24.9651871
0.5004170	27.9692039
0.5838198	29.6269875
0.6672227	29.2493439
0.7506255	27.6434975
0.8340284	23.6820831
0.9174312	18.1364021
1.0008340	13.7583876
1.0842369	12.9435482
1.1676397	14.3543501
1.2510425	18.2557468
1.3344454	22.3432655
1.4178482	24.9651871
1.5012510	27.9692039
1.5846539	29.6269875
1.6680567	29.2493439
1.7514595	27.6434975
1.8348624	23.6820831
1.9182652	18.1364021
2.0016681	13.7583876
2.0850709	12.9435482
2.1684737	14.3543501
2.2518766	18.2557468
2.3352794	22.3432655
2.4186822	24.9651871
2.5020851	27.9692039
2.5854879	29.6269875
2.6688907	29.2493439
2.7522936	27.6434975
2.8356964	23.6820831
2.9190992	18.1364021
3.0025021	13.7583876
3.0859049	12.9435482
3.1693078	14.3543501
3.2527106	18.2557468
3.3361134	22.3432655
3.4195163	24.9651871
3.5029191	27.9692039
3.5863219	29.6269875
3.6697248	29.2493439
3.7531276	27.6434975
3.8365304	23.6820831
3.9199333	18.1364021
4.0033361	13.7583876
4.0867389	12.9435482
4.1701418	14.3543501
4.2535446	18.2557468
4.3369475	22.3432655
4.4203503	24.9651871
4.5037531	27.9692039
4.5871560	29.6269875
4.6705588	29.2493439
4.7539616	27.6434975
4.8373645	23.6820831
4.9207673	18.1364021
5.0041701	13.7583876
5.0875730	12.9435482
5.1709758	14.3543501
5.2543786	18.2557468
5.3377815	22.3432655
5.4211843	24.9651871
5.5045872	27.9692039
5.5879900	29.6269875
5.6713928	29.2493439
5.7547957	27.6434975
5.8381985	23.6820831
5.9216013	18.1364021
6.0050042	13.7583876
6.0884070	12.9435482
6.1718098	14.3543501
6.2552127	18.2557468
6.3386155	22.3432655
6.4220183	24.9651871
6.5054212	27.9692039
6.5888240	29.6269875
6.6722269	29.2493439
6.7556297	27.6434975
6.8390325	23.6820831
6.9224354	18.1364021
7.0058382	13.7583876
7.0892410	12.9435482
7.1726439	14.3543501
7.2560467	18.2557468
7.3394495	22.3432655
7.4228524	24.9651871
7.5062552	27.9692039
7.5896580	29.6269875
7.6730609	29.2493439
7.7564637	27.6434975
7.8398666	23.6820831
7.9232694	18.1364021
8.0066722	13.7583876
8.0900751	12.9435482
8.1734779	14.3543501
8.2568807	18.2557468
8.3402836	22.3432655
8.4236864	24.9651871
8.5070892	27.9692039
8.5904921	29.6269875
8.6738949	29.2493439
8.7572977	27.6434975
8.8407006	23.6820831
8.9241034	18.1364021
9.0075063	13.7583876
9.0909091	12.9435482
9.1743119	14.3543501
9.2577148	18.2557468
9.3411176	22.3432655
9.4245204	24.9651871
9.5079233	27.9692039
9.5913261	29.6269875
9.6747289	29.2493439
9.7581318	27.6434975
9.8415346	23.6820831
9.9249374	18.1364021
10.0083403	13.7583876
10.0917431	12.9435482
10.1751460	14.3543501
10.2585488	18.2557468
10.3419516	22.3432655
10.4253545	24.9651871
10.5087573	27.9692039
10.5921601	29.6269875
10.6755630	29.2493439
10.7589658	27.6434975
10.8423686	23.6820831
10.9257715	18.1364021
11.0091743	13.7583876
11.0925771	12.9435482
11.1759800	14.3543501
11.2593828	18.2557468
11.3427857	22.3432655
11.4261885	24.9651871
11.5095913	27.9692039
11.5929942	29.6269875
11.6763970	29.2493439
11.7597998	27.6434975
11.8432027	23.6820831
11.9266055	18.1364021
12.0100083	13.7583876
12.0934112	12.9435482
12.1768140	14.3543501
12.2602168	18.2557468
12.3436197	22.3432655
12.4270225	24.9651871
12.5104254	27.9692039
12.5938282	29.6269875
12.6772310	29.2493439
12.7606339	27.6434975
12.8440367	23.6820831
12.9274395	18.1364021
13.0108424	13.7583876
13.0942452	12.9435482
13.1776480	14.3543501
13.2610509	18.2557468
13.3444537	22.3432655
13.4278565	24.9651871
13.5112594	27.9692039
13.5946622	29.6269875
13.6780651	29.2493439
13.7614679	27.6434975
13.8448707	23.6820831
13.9282736	18.1364021
14.0116764	13.7583876
14.0950792	12.9435482
14.1784821	14.3543501
14.2618849	18.2557468
14.3452877	22.3432655
14.4286906	24.9651871
14.5120934	27.9692039
14.5954962	29.6269875
14.6788991	29.2493439
14.7623019	27.6434975
14.8457048	23.6820831
14.9291076	18.1364021
15.0125104	13.7583876
15.0959133	12.9435482
15.1793161	14.3543501
15.2627189	18.2557468
15.3461218	22.3432655
15.4295246	24.9651871
15.5129274	27.9692039
15.5963303	29.6269875
15.6797331	29.2493439
15.7631359	27.6434975
15.8465388	23.6820831
15.9299416	18.1364021
16.0133445	13.7583876
16.0967473	12.9435482
16.1801501	14.3543501
16.2635530	18.2557468
16.3469558	22.3432655
16.4303586	24.9651871
16.5137615	27.9692039
16.5971643	29.6269875
16.6805671	29.2493439
16.7639700	27.6434975
16.8473728	23.6820831
16.9307756	18.1364021
17.0141785	13.7583876
17.0975813	12.9435482
17.1809842	14.3543501
17.2643870	18.2557468
17.3477898	22.3432655
17.4311927	24.9651871
17.5145955	27.9692039
17.5979983	29.6269875
17.6814012	29.2493439
17.7648040	27.6434975
17.8482068	23.6820831
17.9316097	18.1364021
18.0150125	13.7583876
18.0984153	12.9435482
18.1818182	14.3543501
18.2652210	18.2557468
18.3486239	22.3432655
18.4320267	24.9651871
18.5154295	27.9692039
18.5988324	29.6269875
18.6822352	29.2493439
18.7656380	27.6434975
18.8490409	23.6820831
18.9324437	18.1364021
19.0158465	13.7583876
19.0992494	12.9435482
19.1826522	14.3543501
19.2660550	18.2557468
19.3494579	22.3432655
19.4328607	24.9651871
19.5162636	27.9692039
19.5996664	29.6269875
19.6830692	29.2493439
19.7664721	27.6434975
19.8498749	23.6820831
19.9332777	18.1364021
20.0166806	13.7583876
20.1000834	12.9435482
20.1834862	14.3543501
20.2668891	18.2557468
20.3502919	22.3432655
20.4336947	24.9651871
20.5170976	27.9692039
20.6005004	29.6269875
20.6839033	29.2493439
20.7673061	27.6434975
20.8507089	23.6820831
20.9341118	18.1364021
21.0175146	13.7583876
21.1009174	12.9435482
21.1843203	14.3543501
21.2677231	18.2557468
21.3511259	22.3432655
21.4345288	24.9651871
21.5179316	27.9692039
21.6013344	29.6269875
21.6847373	29.2493439
21.7681401	27.6434975
21.8515430	23.6820831
21.9349458	18.1364021
22.0183486	13.7583876
22.1017515	12.9435482
22.1851543	14.3543501
22.2685571	18.2557468
22.3519600	22.3432655
22.4353628	24.9651871
22.5187656	27.9692039
22.6021685	29.6269875
22.6855713	29.2493439
22.7689741	27.6434975
22.8523770	23.6820831
22.9357798	18.1364021
23.0191827	13.7583876
23.1025855	12.9435482
23.1859883	14.3543501
23.2693912	18.2557468
23.3527940	22.3432655
23.4361968	24.9651871
23.5195997	27.9692039
23.6030025	29.6269875
23.6864053	29.2493439
23.7698082	27.6434975
23.8532110	23.6820831
23.9366138	18.1364021
24.0200167	13.7583876
24.1034195	12.9435482
24.1868224	14.3543501
24.2702252	18.2557468
24.3536280	22.3432655
24.4370309	24.9651871
24.5204337	27.9692039
24.6038365	29.6269875
24.6872394	29.2493439
24.7706422	27.6434975
24.8540450	23.6820831
24.9374479	18.1364021
25.0208507	13.7583876
25.1042535	12.9435482
25.1876564	14.3543501
25.2710592	18.2557468
25.3544621	22.3432655
25.4378649	24.9651871
25.5212677	27.9692039
25.6046706	29.6269875
25.6880734	29.2493439
25.7714762	27.6434975
25.8548791	23.6820831
25.9382819	18.1364021
26.0216847	13.7583876
26.1050876	12.9435482
26.1884904	14.3543501
26.2718932	18.2557468
26.3552961	22.3432655
26.4386989	24.9651871
26.5221018	27.9692039
26.6055046	29.6269875
26.6889074	29.2493439
26.7723103	27.6434975
26.8557131	23.6820831
26.9391159	18.1364021
27.0225188	13.7583876
27.1059216	12.9435482
27.1893244	14.3543501
27.2727273	18.2557468
27.3561301	22.3432655
27.4395329	24.9651871
27.5229358	27.9692039
27.6063386	29.6269875
27.6897415	29.2493439
27.7731443	27.6434975
27.8565471	23.6820831
27.9399500	18.1364021
28.0233528	13.7583876
28.1067556	12.9435482
28.1901585	14.3543501
28.2735613	18.2557468
28.3569641	22.3432655
28.4403670	24.9651871
28.5237698	27.9692039
28.6071726	29.6269875
28.6905755	29.2493439
28.7739783	27.6434975
28.8573812	23.6820831
28.9407840	18.1364021
29.0241868	13.7583876
29.1075897	12.9435482
29.1909925	14.3543501
29.2743953	18.2557468
29.3577982	22.3432655
29.4412010	24.9651871
29.5246038	27.9692039
29.6080067	29.6269875
29.6914095	29.2493439
29.7748123	27.6434975
29.8582152	23.6820831
29.9416180	18.1364021
30.0250209	13.7583876
30.1084237	12.9435482
30.1918265	14.3543501
30.2752294	18.2557468
30.3586322	22.3432655
30.4420350	24.9651871
30.5254379	27.9692039
30.6088407	29.6269875
30.6922435	29.2493439
30.7756464	27.6434975
30.8590492	23.6820831
30.9424520	18.1364021
31.0258549	13.7583876
31.1092577	12.9435482
31.1926606	14.3543501
31.2760634	18.2557468
31.3594662	22.3432655
31.4428691	24.9651871
31.5262719	27.9692039
31.6096747	29.6269875
31.6930776	29.2493439
31.7764804	27.6434975
31.8598832	23.6820831
31.9432861	18.1364021
32.0266889	13.7583876
32.1100917	12.9435482
32.1934946	14.3543501
32.2768974	18.2557468
32.3603003	22.3432655
32.4437031	24.9651871
32.5271059	27.9692039
32.6105088	29.6269875
32.6939116	29.2493439
32.7773144	27.6434975
32.8607173	23.6820831
32.9441201	18.1364021
33.0275229	13.7583876
33.1109258	12.9435482
33.1943286	14.3543501
33.2777314	18.2557468
33.3611343	22.3432655
33.4445371	24.9651871
33.5279399	27.9692039
33.6113428	29.6269875
33.6947456	29.2493439
33.7781485	27.6434975
33.8615513	23.6820831
33.9449541	18.1364021
34.0283570	13.7583876
34.1117598	12.9435482
34.1951626	14.3543501
34.2785655	18.2557468
34.3619683	22.3432655
34.4453711	24.9651871
34.5287740	27.9692039
34.6121768	29.6269875
34.6955796	29.2493439
34.7789825	27.6434975
34.8623853	23.6820831
34.9457882	18.1364021
35.0291910	13.7583876
35.1125938	12.9435482
35.1959967	14.3543501
35.2793995	18.2557468
35.3628023	22.3432655
35.4462052	24.9651871
35.5296080	27.9692039
35.6130108	29.6269875
35.6964137	29.2493439
35.7798165	27.6434975
35.8632193	23.6820831
35.9466222	18.1364021
36.0300250	13.7583876
36.1134279	12.9435482
36.1968307	14.3543501
36.2802335	18.2557468
36.3636364	22.3432655
36.4470392	24.9651871
36.5304420	27.9692039
36.6138449	29.6269875
36.6972477	29.2493439
36.7806505	27.6434975
36.8640534	23.6820831
36.9474562	18.1364021
37.0308590	13.7583876
37.1142619	12.9435482
37.1976647	14.3543501
37.2810676	18.2557468
37.3644704	22.3432655
37.4478732	24.9651871
37.5312761	27.9692039
37.6146789	29.6269875
37.6980817	29.2493439
37.7814846	27.6434975
37.8648874	23.6820831
37.9482902	18.1364021
38.0316931	13.7583876
38.1150959	12.9435482
38.1984987	14.3543501
38.2819016	18.2557468
38.3653044	22.3432655
38.4487073	24.9651871
38.5321101	27.9692039
38.6155129	29.6269875
38.6989158	29.2493439
38.7823186	27.6434975
38.8657214	23.6820831
38.9491243	18.1364021
39.0325271	13.7583876
39.1159299	12.9435482
39.1993328	14.3543501
39.2827356	18.2557468
39.3661384	22.3432655
39.4495413	24.9651871
39.5329441	27.9692039
39.6163470	29.6269875
39.6997498	29.2493439
39.7831526	27.6434975
39.8665555	23.6820831
39.9499583	18.1364021
40.0333611	13.7583876
40.1167640	12.9435482
40.2001668	14.3543501
40.2835696	18.2557468
40.3669725	22.3432655
40.4503753	24.9651871
40.5337781	27.9692039
40.6171810	29.6269875
40.7005838	29.2493439
40.7839867	27.6434975
40.8673895	23.6820831
40.9507923	18.1364021
41.0341952	13.7583876
41.1175980	12.9435482
41.2010008	14.3543501
41.2844037	18.2557468
41.3678065	22.3432655
41.4512093	24.9651871
41.5346122	27.9692039
41.6180150	29.6269875
41.7014178	29.2493439
41.7848207	27.6434975
41.8682235	23.6820831
41.9516264	18.1364021
42.0350292	13.7583876
42.1184320	12.9435482
42.2018349	14.3543501
42.2852377	18.2557468
42.3686405	22.3432655
42.4520434	24.9651871
42.5354462	27.9692039
42.6188490	29.6269875
42.7022519	29.2493439
42.7856547	27.6434975
42.8690575	23.6820831
42.9524604	18.1364021
43.0358632	13.7583876
43.1192661	12.9435482
43.2026689	14.3543501
43.2860717	18.2557468
43.3694746	22.3432655
43.4528774	24.9651871
43.5362802	27.9692039
43.6196831	29.6269875
43.7030859	29.2493439
43.7864887	27.6434975
43.8698916	23.6820831
43.9532944	18.1364021
44.0366972	13.7583876
44.1201001	12.9435482
44.2035029	14.3543501
44.2869058	18.2557468
44.3703086	22.3432655
44.4537114	24.9651871
44.5371143	27.9692039
44.6205171	29.6269875
44.7039199	29.2493439
44.7873228	27.6434975
44.8707256	23.6820831
44.9541284	18.1364021
45.0375313	13.7583876
45.1209341	12.9435482
45.2043369	14.3543501
45.2877398	18.2557468
45.3711426	22.3432655
45.4545455	24.9651871
45.5379483	27.9692039
45.6213511	29.6269875
45.7047540	29.2493439
45.7881568	27.6434975
45.8715596	23.6820831
45.9549625	18.1364021
46.0383653	13.7583876
46.1217681	12.9435482
46.2051710	14.3543501
46.2885738	18.2557468
46.3719766	22.3432655
46.4553795	24.9651871
46.5387823	27.9692039
46.6221852	29.6269875
46.7055880	29.2493439
46.7889908	27.6434975
46.8723937	23.6820831
46.9557965	18.1364021
47.0391993	13.7583876
47.1226022	12.9435482
47.2060050	14.3543501
47.2894078	18.2557468
47.3728107	22.3432655
47.4562135	24.9651871
47.5396163	27.9692039
47.6230192	29.6269875
47.7064220	29.2493439
47.7898249	27.6434975
47.8732277	23.6820831
47.9566305	18.1364021
48.0400334	13.7583876
48.1234362	12.9435482
48.2068390	14.3543501
48.2902419	18.2557468
48.3736447	22.3432655
48.4570475	24.9651871
48.5404504	27.9692039
48.6238532	29.6269875
48.7072560	29.2493439
48.7906589	27.6434975
48.8740617	23.6820831
48.9574646	18.1364021
49.0408674	13.7583876
49.1242702	12.9435482
49.2076731	14.3543501
49.2910759	18.2557468
49.3744787	22.3432655
49.4578816	24.9651871
49.5412844	27.9692039
49.6246872	29.6269875
49.7080901	29.2493439
49.7914929	27.6434975
49.8748957	23.6820831
49.9582986	18.1364021
50.0417014	13.7583876
50.1251043	12.9435482
50.2085071	14.3543501
50.2919099	18.2557468
50.3753128	22.3432655
50.4587156	24.9651871
50.5421184	27.9692039
50.6255213	29.6269875
50.7089241	29.2493439
50.7923269	27.6434975
50.8757298	23.6820831
50.9591326	18.1364021
51.0425354	13.7583876
51.1259383	12.9435482
51.2093411	14.3543501
51.2927440	18.2557468
51.3761468	22.3432655
51.4595496	24.9651871
51.5429525	27.9692039
51.6263553	29.6269875
51.7097581	29.2493439
51.7931610	27.6434975
51.8765638	23.6820831
51.9599666	18.1364021
52.0433695	13.7583876
52.1267723	12.9435482
52.2101751	14.3543501
52.2935780	18.2557468
52.3769808	22.3432655
52.4603837	24.9651871
52.5437865	27.9692039
52.6271893	29.6269875
52.7105922	29.2493439
52.7939950	27.6434975
52.8773978	23.6820831
52.9608007	18.1364021
53.0442035	13.7583876
53.1276063	12.9435482
53.2110092	14.3543501
53.2944120	18.2557468
53.3778148	22.3432655
53.4612177	24.9651871
53.5446205	27.9692039
53.6280234	29.6269875
53.7114262	29.2493439
53.7948290	27.6434975
53.8782319	23.6820831
53.9616347	18.1364021
54.0450375	13.7583876
54.1284404	12.9435482
54.2118432	14.3543501
54.2952460	18.2557468
54.3786489	22.3432655
54.4620517	24.9651871
54.5454545	27.9692039
54.6288574	29.6269875
54.7122602	29.2493439
54.7956631	27.6434975
54.8790659	23.6820831
54.9624687	18.1364021
55.0458716	13.7583876
55.1292744	12.9435482
55.2126772	14.3543501
55.2960801	18.2557468
55.3794829	22.3432655
55.4628857	24.9651871
55.5462886	27.9692039
55.6296914	29.6269875
55.7130942	29.2493439
55.7964971	27.6434975
55.8798999	23.6820831
55.9633028	18.1364021
56.0467056	13.7583876
56.1301084	12.9435482
56.2135113	14.3543501
56.2969141	18.2557468
56.3803169	22.3432655
56.4637198	24.9651871
56.5471226	27.9692039
56.6305254	29.6269875
56.7139283	29.2493439
56.7973311	27.6434975
56.8807339	23.6820831
56.9641368	18.1364021
57.0475396	13.7583876
57.1309425	12.9435482
57.2143453	14.3543501
57.2977481	18.2557468
57.3811510	22.3432655
57.4645538	24.9651871
57.5479566	27.9692039
57.6313595	29.6269875
57.7147623	29.2493439
57.7981651	27.6434975
57.8815680	23.6820831
57.9649708	18.1364021
58.0483736	13.7583876
58.1317765	12.9435482
58.2151793	14.3543501
58.2985822	18.2557468
58.3819850	22.3432655
58.4653878	24.9651871
58.5487907	27.9692039
58.6321935	29.6269875
58.7155963	29.2493439
58.7989992	27.6434975
58.8824020	23.6820831
58.9658048	18.1364021
59.0492077	13.7583876
59.1326105	12.9435482
59.2160133	14.3543501
59.2994162	18.2557468
59.3828190	22.3432655
59.4662219	24.9651871
59.5496247	27.9692039
59.6330275	29.6269875
59.7164304	29.2493439
59.7998332	27.6434975
59.8832360	23.6820831
59.9666389	18.1364021
60.0500417	13.7583876
60.1334445	12.9435482
60.2168474	14.3543501
60.3002502	18.2557468
60.3836530	22.3432655
60.4670559	24.9651871
60.5504587	27.9692039
60.6338616	29.6269875
60.7172644	29.2493439
60.8006672	27.6434975
60.8840701	23.6820831
60.9674729	18.1364021
61.0508757	13.7583876
61.1342786	12.9435482
61.2176814	14.3543501
61.3010842	18.2557468
61.3844871	22.3432655
61.4678899	24.9651871
61.5512927	27.9692039
61.6346956	29.6269875
61.7180984	29.2493439
61.8015013	27.6434975
61.8849041	23.6820831
61.9683069	18.1364021
62.0517098	13.7583876
62.1351126	12.9435482
62.2185154	14.3543501
62.3019183	18.2557468
62.3853211	22.3432655
62.4687239	24.9651871
62.5521268	27.9692039
62.6355296	29.6269875
62.7189324	29.2493439
62.8023353	27.6434975
62.8857381	23.6820831
62.9691410	18.1364021
63.0525438	13.7583876
63.1359466	12.9435482
63.2193495	14.3543501
63.3027523	18.2557468
63.3861551	22.3432655
63.4695580	24.9651871
63.5529608	27.9692039
63.6363636	29.6269875
63.7197665	29.2493439
63.8031693	27.6434975
63.8865721	23.6820831
63.9699750	18.1364021
64.0533778	13.7583876
64.1367807	12.9435482
64.2201835	14.3543501
64.3035863	18.2557468
64.3869892	22.3432655
64.4703920	24.9651871
64.5537948	27.9692039
64.6371977	29.6269875
64.7206005	29.2493439
64.8040033	27.6434975
64.8874062	23.6820831
64.9708090	18.1364021
65.0542118	13.7583876
65.1376147	12.9435482
65.2210175	14.3543501
65.3044204	18.2557468
65.3878232	22.3432655
65.4712260	24.9651871
65.5546289	27.9692039
65.6380317	29.6269875
65.7214345	29.2493439
65.8048374	27.6434975
65.8882402	23.6820831
65.9716430	18.1364021
66.0550459	13.7583876
66.1384487	12.9435482
66.2218515	14.3543501
66.3052544	18.2557468
66.3886572	22.3432655
66.4720601	24.9651871
66.5554629	27.9692039
66.6388657	29.6269875
66.7222686	29.2493439
66.8056714	27.6434975
66.8890742	23.6820831
66.9724771	18.1364021
67.0558799	13.7583876
67.1392827	12.9435482
67.2226856	14.3543501
67.3060884	18.2557468
67.3894912	22.3432655
67.4728941	24.9651871
67.5562969	27.9692039
67.6396997	29.6269875
67.7231026	29.2493439
67.8065054	27.6434975
67.8899083	23.6820831
67.9733111	18.1364021
68.0567139	13.7583876
68.1401168	12.9435482
68.2235196	14.3543501
68.3069224	18.2557468
68.3903253	22.3432655
68.4737281	24.9651871
68.5571309	27.9692039
68.6405338	29.6269875
68.7239366	29.2493439
68.8073394	27.6434975
68.8907423	23.6820831
68.9741451	18.1364021
69.0575480	13.7583876
69.1409508	12.9435482
69.2243536	14.3543501
69.3077565	18.2557468
69.3911593	22.3432655
69.4745621	24.9651871
69.5579650	27.9692039
69.6413678	29.6269875
69.7247706	29.2493439
69.8081735	27.6434975
69.8915763	23.6820831
69.9749791	18.1364021
70.0583820	13.7583876
70.1417848	12.9435482
70.2251877	14.3543501
70.3085905	18.2557468
70.3919933	22.3432655
70.4753962	24.9651871
70.5587990	27.9692039
70.6422018	29.6269875
70.7256047	29.2493439
70.8090075	27.6434975
70.8924103	23.6820831
70.9758132	18.1364021
71.0592160	13.7583876
71.1426188	12.9435482
71.2260217	14.3543501
71.3094245	18.2557468
71.3928274	22.3432655
71.4762302	24.9651871
71.5596330	27.9692039
71.6430359	29.6269875
71.7264387	29.2493439
71.8098415	27.6434975
71.8932444	23.6820831
71.9766472	18.1364021
72.0600500	13.7583876
72.1434529	12.9435482
72.2268557	14.3543501
72.3102585	18.2557468
72.3936614	22.3432655
72.4770642	24.9651871
72.5604671	27.9692039
72.6438699	29.6269875
72.7272727	29.2493439
72.8106756	27.6434975
72.8940784	23.6820831
72.9774812	18.1364021
73.0608841	13.7583876
73.1442869	12.9435482
73.2276897	14.3543501
73.3110926	18.2557468
73.3944954	22.3432655
73.4778982	24.9651871
73.5613011	27.9692039
73.6447039	29.6269875
73.7281068	29.2493439
73.8115096	27.6434975
73.8949124	23.6820831
73.9783153	18.1364021
74.0617181	13.7583876
74.1451209	12.9435482
74.2285238	14.3543501
74.3119266	18.2557468
74.3953294	22.3432655
74.4787323	24.9651871
74.5621351	27.9692039
74.6455379	29.6269875
74.7289408	29.2493439
74.8123436	27.6434975
74.8957465	23.6820831
74.9791493	18.1364021
75.0625521	13.7583876
75.1459550	12.9435482
75.2293578	14.3543501
75.3127606	18.2557468
75.3961635	22.3432655
75.4795663	24.9651871
75.5629691	27.9692039
75.6463720	29.6269875
75.7297748	29.2493439
75.8131776	27.6434975
75.8965805	23.6820831
75.9799833	18.1364021
76.0633862	13.7583876
76.1467890	12.9435482
76.2301918	14.3543501
76.3135947	18.2557468
76.3969975	22.3432655
76.4804003	24.9651871
76.5638032	27.9692039
76.6472060	29.6269875
76.7306088	29.2493439
76.8140117	27.6434975
76.8974145	23.6820831
76.9808173	18.1364021
77.0642202	13.7583876
77.1476230	12.9435482
77.2310259	14.3543501
77.3144287	18.2557468
77.3978315	22.3432655
77.4812344	24.9651871
77.5646372	27.9692039
77.6480400	29.6269875
77.7314429	29.2493439
77.8148457	27.6434975
77.8982485	23.6820831
77.9816514	18.1364021
78.0650542	13.7583876
78.1484570	12.9435482
78.2318599	14.3543501
78.3152627	18.2557468
78.3986656	22.3432655
78.4820684	24.9651871
78.5654712	27.9692039
78.6488741	29.6269875
78.7322769	29.2493439
78.8156797	27.6434975
78.8990826	23.6820831
78.9824854	18.1364021
79.0658882	13.7583876
79.1492911	12.9435482
79.2326939	14.3543501
79.3160967	18.2557468
79.3994996	22.3432655
79.4829024	24.9651871
79.5663053	27.9692039
79.6497081	29.6269875
79.7331109	29.2493439
79.8165138	27.6434975
79.8999166	23.6820831
79.9833194	18.1364021
80.0667223	13.7583876
80.1501251	12.9435482
80.2335279	14.3543501
80.3169308	18.2557468
80.4003336	22.3432655
80.4837364	24.9651871
80.5671393	27.9692039
80.6505421	29.6269875
80.7339450	29.2493439
80.8173478	27.6434975
80.9007506	23.6820831
80.9841535	18.1364021
81.0675563	13.7583876
81.1509591	12.9435482
81.2343620	14.3543501
81.3177648	18.2557468
81.4011676	22.3432655
81.4845705	24.9651871
81.5679733	27.9692039
81.6513761	29.6269875
81.7347790	29.2493439
81.8181818	27.6434975
81.9015847	23.6820831
81.9849875	18.1364021
82.0683903	13.7583876
82.1517932	12.9435482
82.2351960	14.3543501
82.3185988	18.2557468
82.4020017	22.3432655
82.4854045	24.9651871
82.5688073	27.9692039
82.6522102	29.6269875
82.7356130	29.2493439
82.8190158	27.6434975
82.9024187	23.6820831
82.9858215	18.1364021
83.0692244	13.7583876
83.1526272	12.9435482
83.2360300	14.3543501
83.3194329	18.2557468
83.4028357	22.3432655
83.4862385	24.9651871
83.5696414	27.9692039
83.6530442	29.6269875
83.7364470	29.2493439
83.8198499	27.6434975
83.9032527	23.6820831
83.9866555	18.1364021
84.0700584	13.7583876
84.1534612	12.9435482
84.2368641	14.3543501
84.3202669	18.2557468
84.4036697	22.3432655
84.4870726	24.9651871
84.5704754	27.9692039
84.6538782	29.6269875
84.7372811	29.2493439
84.8206839	27.6434975
84.9040867	23.6820831
84.9874896	18.1364021
85.0708924	13.7583876
85.1542952	12.9435482
85.2376981	14.3543501
85.3211009	18.2557468
85.4045038	22.3432655
85.4879066	24.9651871
85.5713094	27.9692039
85.6547123	29.6269875
85.7381151	29.2493439
85.8215179	27.6434975
85.9049208	23.6820831
85.9883236	18.1364021
86.0717264	13.7583876
86.1551293	12.9435482
86.2385321	14.3543501
86.3219349	18.2557468
86.4053378	22.3432655
86.4887406	24.9651871
86.5721435	27.9692039
86.6555463	29.6269875
86.7389491	29.2493439
86.8223520	27.6434975
86.9057548	23.6820831
86.9891576	18.1364021
87.0725605	13.7583876
87.1559633	12.9435482
87.2393661	14.3543501
87.3227690	18.2557468
87.4061718	22.3432655
87.4895746	24.9651871
87.5729775	27.9692039
87.6563803	29.6269875
87.7397832	29.2493439
87.8231860	27.6434975
87.9065888	23.6820831
87.9899917	18.1364021
88.0733945	13.7583876
88.1567973	12.9435482
88.2402002	14.3543501
88.3236030	18.2557468
88.4070058	22.3432655
88.4904087	24.9651871
88.5738115	27.9692039
88.6572143	29.6269875
88.7406172	29.2493439
88.8240200	27.6434975
88.9074229	23.6820831
88.9908257	18.1364021
89.0742285	13.7583876
89.1576314	12.9435482
89.2410342	14.3543501
89.3244370	18.2557468
89.4078399	22.3432655
89.4912427	24.9651871
89.5746455	27.9692039
89.6580484	29.6269875
89.7414512	29.2493439
89.8248540	27.6434975
89.9082569	23.6820831
89.9916597	18.1364021
90.0750626	13.7583876
90.1584654	12.9435482
90.2418682	14.3543501
90.3252711	18.2557468
90.4086739	22.3432655
90.4920767	24.9651871
90.5754796	27.9692039
90.6588824	29.6269875
90.7422852	29.2493439
90.8256881	27.6434975
90.9090909	23.6820831
90.9924937	18.1364021
91.0758966	13.7583876
91.1592994	12.9435482
91.2427023	14.3543501
91.3261051	18.2557468
91.4095079	22.3432655
91.4929108	24.9651871
91.5763136	27.9692039
91.6597164	29.6269875
91.7431193	29.2493439
91.8265221	27.6434975
91.9099249	23.6820831
91.9933278	18.1364021
92.0767306	13.7583876
92.1601334	12.9435482
92.2435363	14.3543501
92.3269391	18.2557468
92.4103420	22.3432655
92.4937448	24.9651871
92.5771476	27.9692039
92.6605505	29.6269875
92.7439533	29.2493439
92.8273561	27.6434975
92.9107590	23.6820831
92.9941618	18.1364021
93.0775646	13.7583876
93.1609675	12.9435482
93.2443703	14.3543501
93.3277731	18.2557468
93.4111760	22.3432655
93.4945788	24.9651871
93.5779817	27.9692039
93.6613845	29.6269875
93.7447873	29.2493439
93.8281902	27.6434975
93.9115930	23.6820831
93.9949958	18.1364021
94.0783987	13.7583876
94.1618015	12.9435482
94.2452043	14.3543501
94.3286072	18.2557468
94.4120100	22.3432655
94.4954128	24.9651871
94.5788157	27.9692039
94.6622185	29.6269875
94.7456214	29.2493439
94.8290242	27.6434975
94.9124270	23.6820831
94.9958299	18.1364021
95.0792327	13.7583876
95.1626355	12.9435482
95.2460384	14.3543501
95.3294412	18.2557468
95.4128440	22.3432655
95.4962469	24.9651871
95.5796497	27.9692039
95.6630525	29.6269875
95.7464554	29.2493439
95.8298582	27.6434975
95.9132611	23.6820831
95.9966639	18.1364021
96.0800667	13.7583876
96.1634696	12.9435482
96.2468724	14.3543501
96.3302752	18.2557468
96.4136781	22.3432655
96.4970809	24.9651871
96.5804837	27.9692039
96.6638866	29.6269875
96.7472894	29.2493439
96.8306922	27.6434975
96.9140951	23.6820831
96.9974979	18.1364021
97.0809008	13.7583876
97.1643036	12.9435482
97.2477064	14.3543501
97.3311093	18.2557468
97.4145121	22.3432655
97.4979149	24.9651871
97.5813178	27.9692039
97.6647206	29.6269875
97.7481234	29.2493439
97.8315263	27.6434975
97.9149291	23.6820831
97.9983319	18.1364021
98.0817348	13.7583876
98.1651376	12.9435482
98.2485405	14.3543501
98.3319433	18.2557468
98.4153461	22.3432655
98.4987490	24.9651871
98.5821518	27.9692039
98.6655546	29.6269875
98.7489575	29.2493439
98.8323603	27.6434975
98.9157631	23.6820831
98.9991660	18.1364021
99.0825688	13.7583876
99.1659716	12.9435482
99.2493745	14.3543501
99.3327773	18.2557468
99.4161802	22.3432655
99.4995830	24.9651871
99.5829858	27.9692039
99.6663887	29.6269875
99.7497915	29.2493439
99.8331943	27.6434975
99.9165972	23.6820831
100.0000000	18.1364021
