# time(yr)	moisture(mm/m)
0.0000000	309.7513733
0.0834028	316.5253906
0.1668057	319.0610657
0.2502085	308.4677124
0.3336113	297.4449768
0.4170142	280.8567810
0.5004170	265.6213379
0.5838198	268.3694763
0.6672227	275.9063110
0.7506255	280.8833923
0.8340284	297.9026489
0.9174312	295.1669312
1.0008340	309.7513733
1.0842369	316.5253906
1.1676397	319.0610657
1.2510425	308.4677124
1.3344454	297.4449768
1.4178482	280.8567810
1.5012510	265.6213379
1.5846539	268.3694763
1.6680567	275.9063110
1.7514595	280.8833923
1.8348624	297.9026489
1.9182652	295.1669312
2.0016681	309.7513733
2.0850709	316.5253906
2.1684737	319.0610657
2.2518766	308.4677124
2.3352794	297.4449768
2.4186822	280.8567810
2.5020851	265.6213379
2.5854879	268.3694763
2.6688907	275.9063110
2.7522936	280.8833923
2.8356964	297.9026489
2.9190992	295.1669312
3.0025021	309.7513733
3.0859049	316.5253906
3.1693078	319.0610657
3.2527106	308.4677124
3.3361134	297.4449768
3.4195163	280.8567810
3.5029191	265.6213379
3.5863219	268.3694763
3.6697248	275.9063110
3.7531276	280.8833923
3.8365304	297.9026489
3.9199333	295.1669312
4.0033361	309.7513733
4.0867389	316.5253906
4.1701418	319.0610657
4.2535446	308.4677124
4.3369475	297.4449768
4.4203503	280.8567810
4.5037531	265.6213379
4.5871560	268.3694763
4.6705588	275.9063110
4.7539616	280.8833923
4.8373645	297.9026489
4.9207673	295.1669312
5.0041701	309.7513733
5.0875730	316.5253906
5.1709758	319.0610657
5.2543786	308.4677124
5.3377815	297.4449768
5.4211843	280.8567810
5.5045872	265.6213379
5.5879900	268.3694763
5.6713928	275.9063110
5.7547957	280.8833923
5.8381985	297.9026489
5.9216013	295.1669312
6.0050042	309.7513733
6.0884070	316.5253906
6.1718098	319.0610657
6.2552127	308.4677124
6.3386155	297.4449768
6.4220183	280.8567810
6.5054212	265.6213379
6.5888240	268.3694763
6.6722269	275.9063110
6.7556297	280.8833923
6.8390325	297.9026489
6.9224354	295.1669312
7.0058382	309.7513733
7.0892410	316.5253906
7.1726439	319.0610657
7.2560467	308.4677124
7.3394495	297.4449768
7.4228524	280.8567810
7.5062552	265.6213379
7.5896580	268.3694763
7.6730609	275.9063110
7.7564637	280.8833923
7.8398666	297.9026489
7.9232694	295.1669312
8.0066722	309.7513733
8.0900751	316.5253906
8.1734779	319.0610657
8.2568807	308.4677124
8.3402836	297.4449768
8.4236864	280.8567810
8.5070892	265.6213379
8.5904921	268.3694763
8.6738949	275.9063110
8.7572977	280.8833923
8.8407006	297.9026489
8.9241034	295.1669312
9.0075063	309.7513733
9.0909091	316.5253906
9.1743119	319.0610657
9.2577148	308.4677124
9.3411176	297.4449768
9.4245204	280.8567810
9.5079233	265.6213379
9.5913261	268.3694763
9.6747289	275.9063110
9.7581318	280.8833923
9.8415346	297.9026489
9.9249374	295.1669312
10.0083403	309.7513733
10.0917431	316.5253906
10.1751460	319.0610657
10.2585488	308.4677124
10.3419516	297.4449768
10.4253545	280.8567810
10.5087573	265.6213379
10.5921601	268.3694763
10.6755630	275.9063110
10.7589658	280.8833923
10.8423686	297.9026489
10.9257715	295.1669312
11.0091743	309.7513733
11.0925771	316.5253906
11.1759800	319.0610657
11.2593828	308.4677124
11.3427857	297.4449768
11.4261885	280.8567810
11.5095913	265.6213379
11.5929942	268.3694763
11.6763970	275.9063110
11.7597998	280.8833923
11.8432027	297.9026489
11.9266055	295.1669312
12.0100083	309.7513733
12.0934112	316.5253906
12.1768140	319.0610657
12.2602168	308.4677124
12.3436197	297.4449768
12.4270225	280.8567810
12.5104254	265.6213379
12.5938282	268.3694763
12.6772310	275.9063110
12.7606339	280.8833923
12.8440367	297.9026489
12.9274395	295.1669312
13.0108424	309.7513733
13.0942452	316.5253906
13.1776480	319.0610657
13.2610509	308.4677124
13.3444537	297.4449768
13.4278565	280.8567810
13.5112594	265.6213379
13.5946622	268.3694763
13.6780651	275.9063110
13.7614679	280.8833923
13.8448707	297.9026489
13.9282736	295.1669312
14.0116764	309.7513733
14.0950792	316.5253906
14.1784821	319.0610657
14.2618849	308.4677124
14.3452877	297.4449768
14.4286906	280.8567810
14.5120934	265.6213379
14.5954962	268.3694763
14.6788991	275.9063110
14.7623019	280.8833923
14.8457048	297.9026489
14.9291076	295.1669312
15.0125104	309.7513733
15.0959133	316.5253906
15.1793161	319.0610657
15.2627189	308.4677124
15.3461218	297.4449768
15.4295246	280.8567810
15.5129274	265.6213379
15.5963303	268.3694763
15.6797331	275.9063110
15.7631359	280.8833923
15.8465388	297.9026489
15.9299416	295.1669312
16.0133445	309.7513733
16.0967473	316.5253906
16.1801501	319.0610657
16.2635530	308.4677124
16.3469558	297.4449768
16.4303586	280.8567810
16.5137615	265.6213379
16.5971643	268.3694763
16.6805671	275.9063110
16.7639700	280.8833923
16.8473728	297.9026489
16.9307756	295.1669312
17.0141785	309.7513733
17.0975813	316.5253906
17.1809842	319.0610657
17.2643870	308.4677124
17.3477898	297.4449768
17.4311927	280.8567810
17.5145955	265.6213379
17.5979983	268.3694763
17.6814012	275.9063110
17.7648040	280.8833923
17.8482068	297.9026489
17.9316097	295.1669312
18.0150125	309.7513733
18.0984153	316.5253906
18.1818182	319.0610657
18.2652210	308.4677124
18.3486239	297.4449768
18.4320267	280.8567810
18.5154295	265.6213379
18.5988324	268.3694763
18.6822352	275.9063110
18.7656380	280.8833923
18.8490409	297.9026489
18.9324437	295.1669312
19.0158465	309.7513733
19.0992494	316.5253906
19.1826522	319.0610657
19.2660550	308.4677124
19.3494579	297.4449768
19.4328607	280.8567810
19.5162636	265.6213379
19.5996664	268.3694763
19.6830692	275.9063110
19.7664721	280.8833923
19.8498749	297.9026489
19.9332777	295.1669312
20.0166806	309.7513733
20.1000834	316.5253906
20.1834862	319.0610657
20.2668891	308.4677124
20.3502919	297.4449768
20.4336947	280.8567810
20.5170976	265.6213379
20.6005004	268.3694763
20.6839033	275.9063110
20.7673061	280.8833923
20.8507089	297.9026489
20.9341118	295.1669312
21.0175146	309.7513733
21.1009174	316.5253906
21.1843203	319.0610657
21.2677231	308.4677124
21.3511259	297.4449768
21.4345288	280.8567810
21.5179316	265.6213379
21.6013344	268.3694763
21.6847373	275.9063110
21.7681401	280.8833923
21.8515430	297.9026489
21.9349458	295.1669312
22.0183486	309.7513733
22.1017515	316.5253906
22.1851543	319.0610657
22.2685571	308.4677124
22.3519600	297.4449768
22.4353628	280.8567810
22.5187656	265.6213379
22.6021685	268.3694763
22.6855713	275.9063110
22.7689741	280.8833923
22.8523770	297.9026489
22.9357798	295.1669312
23.0191827	309.7513733
23.1025855	316.5253906
23.1859883	319.0610657
23.2693912	308.4677124
23.3527940	297.4449768
23.4361968	280.8567810
23.5195997	265.6213379
23.6030025	268.3694763
23.6864053	275.9063110
23.7698082	280.8833923
23.8532110	297.9026489
23.9366138	295.1669312
24.0200167	309.7513733
24.1034195	316.5253906
24.1868224	319.0610657
24.2702252	308.4677124
24.3536280	297.4449768
24.4370309	280.8567810
24.5204337	265.6213379
24.6038365	268.3694763
24.6872394	275.9063110
24.7706422	280.8833923
24.8540450	297.9026489
24.9374479	295.1669312
25.0208507	309.7513733
25.1042535	316.5253906
25.1876564	319.0610657
25.2710592	308.4677124
25.3544621	297.4449768
25.4378649	280.8567810
25.5212677	265.6213379
25.6046706	268.3694763
25.6880734	275.9063110
25.7714762	280.8833923
25.8548791	297.9026489
25.9382819	295.1669312
26.0216847	309.7513733
26.1050876	316.5253906
26.1884904	319.0610657
26.2718932	308.4677124
26.3552961	297.4449768
26.4386989	280.8567810
26.5221018	265.6213379
26.6055046	268.3694763
26.6889074	275.9063110
26.7723103	280.8833923
26.8557131	297.9026489
26.9391159	295.1669312
27.0225188	309.7513733
27.1059216	316.5253906
27.1893244	319.0610657
27.2727273	308.4677124
27.3561301	297.4449768
27.4395329	280.8567810
27.5229358	265.6213379
27.6063386	268.3694763
27.6897415	275.9063110
27.7731443	280.8833923
27.8565471	297.9026489
27.9399500	295.1669312
28.0233528	309.7513733
28.1067556	316.5253906
28.1901585	319.0610657
28.2735613	308.4677124
28.3569641	297.4449768
28.4403670	280.8567810
28.5237698	265.6213379
28.6071726	268.3694763
28.6905755	275.9063110
28.7739783	280.8833923
28.8573812	297.9026489
28.9407840	295.1669312
29.0241868	309.7513733
29.1075897	316.5253906
29.1909925	319.0610657
29.2743953	308.4677124
29.3577982	297.4449768
29.4412010	280.8567810
29.5246038	265.6213379
29.6080067	268.3694763
29.6914095	275.9063110
29.7748123	280.8833923
29.8582152	297.9026489
29.9416180	295.1669312
30.0250209	309.7513733
30.1084237	316.5253906
30.1918265	319.0610657
30.2752294	308.4677124
30.3586322	297.4449768
30.4420350	280.8567810
30.5254379	265.6213379
30.6088407	268.3694763
30.6922435	275.9063110
30.7756464	280.8833923
30.8590492	297.9026489
30.9424520	295.1669312
31.0258549	309.7513733
31.1092577	316.5253906
31.1926606	319.0610657
31.2760634	308.4677124
31.3594662	297.4449768
31.4428691	280.8567810
31.5262719	265.6213379
31.6096747	268.3694763
31.6930776	275.9063110
31.7764804	280.8833923
31.8598832	297.9026489
31.9432861	295.1669312
32.0266889	309.7513733
32.1100917	316.5253906
32.1934946	319.0610657
32.2768974	308.4677124
32.3603003	297.4449768
32.4437031	280.8567810
32.5271059	265.6213379
32.6105088	268.3694763
32.6939116	275.9063110
32.7773144	280.8833923
32.8607173	297.9026489
32.9441201	295.1669312
33.0275229	309.7513733
33.1109258	316.5253906
33.1943286	319.0610657
33.2777314	308.4677124
33.3611343	297.4449768
33.4445371	280.8567810
33.5279399	265.6213379
33.6113428	268.3694763
33.6947456	275.9063110
33.7781485	280.8833923
33.8615513	297.9026489
33.9449541	295.1669312
34.0283570	309.7513733
34.1117598	316.5253906
34.1951626	319.0610657
34.2785655	308.4677124
34.3619683	297.4449768
34.4453711	280.8567810
34.5287740	265.6213379
34.6121768	268.3694763
34.6955796	275.9063110
34.7789825	280.8833923
34.8623853	297.9026489
34.9457882	295.1669312
35.0291910	309.7513733
35.1125938	316.5253906
35.1959967	319.0610657
35.2793995	308.4677124
35.3628023	297.4449768
35.4462052	280.8567810
35.5296080	265.6213379
35.6130108	268.3694763
35.6964137	275.9063110
35.7798165	280.8833923
35.8632193	297.9026489
35.9466222	295.1669312
36.0300250	309.7513733
36.1134279	316.5253906
36.1968307	319.0610657
36.2802335	308.4677124
36.3636364	297.4449768
36.4470392	280.8567810
36.5304420	265.6213379
36.6138449	268.3694763
36.6972477	275.9063110
36.7806505	280.8833923
36.8640534	297.9026489
36.9474562	295.1669312
37.0308590	309.7513733
37.1142619	316.5253906
37.1976647	319.0610657
37.2810676	308.4677124
37.3644704	297.4449768
37.4478732	280.8567810
37.5312761	265.6213379
37.6146789	268.3694763
37.6980817	275.9063110
37.7814846	280.8833923
37.8648874	297.9026489
37.9482902	295.1669312
38.0316931	309.7513733
38.1150959	316.5253906
38.1984987	319.0610657
38.2819016	308.4677124
38.3653044	297.4449768
38.4487073	280.8567810
38.5321101	265.6213379
38.6155129	268.3694763
38.6989158	275.9063110
38.7823186	280.8833923
38.8657214	297.9026489
38.9491243	295.1669312
39.0325271	309.7513733
39.1159299	316.5253906
39.1993328	319.0610657
39.2827356	308.4677124
39.3661384	297.4449768
39.4495413	280.8567810
39.5329441	265.6213379
39.6163470	268.3694763
39.6997498	275.9063110
39.7831526	280.8833923
39.8665555	297.9026489
39.9499583	295.1669312
40.0333611	309.7513733
40.1167640	316.5253906
40.2001668	319.0610657
40.2835696	308.4677124
40.3669725	297.4449768
40.4503753	280.8567810
40.5337781	265.6213379
40.6171810	268.3694763
40.7005838	275.9063110
40.7839867	280.8833923
40.8673895	297.9026489
40.9507923	295.1669312
41.0341952	309.7513733
41.1175980	316.5253906
41.2010008	319.0610657
41.2844037	308.4677124
41.3678065	297.4449768
41.4512093	280.8567810
41.5346122	265.6213379
41.6180150	268.3694763
41.7014178	275.9063110
41.7848207	280.8833923
41.8682235	297.9026489
41.9516264	295.1669312
42.0350292	309.7513733
42.1184320	316.5253906
42.2018349	319.0610657
42.2852377	308.4677124
42.3686405	297.4449768
42.4520434	280.8567810
42.5354462	265.6213379
42.6188490	268.3694763
42.7022519	275.9063110
42.7856547	280.8833923
42.8690575	297.9026489
42.9524604	295.1669312
43.0358632	309.7513733
43.1192661	316.5253906
43.2026689	319.0610657
43.2860717	308.4677124
43.3694746	297.4449768
43.4528774	280.8567810
43.5362802	265.6213379
43.6196831	268.3694763
43.7030859	275.9063110
43.7864887	280.8833923
43.8698916	297.9026489
43.9532944	295.1669312
44.0366972	309.7513733
44.1201001	316.5253906
44.2035029	319.0610657
44.2869058	308.4677124
44.3703086	297.4449768
44.4537114	280.8567810
44.5371143	265.6213379
44.6205171	268.3694763
44.7039199	275.9063110
44.7873228	280.8833923
44.8707256	297.9026489
44.9541284	295.1669312
45.0375313	309.7513733
45.1209341	316.5253906
45.2043369	319.0610657
45.2877398	308.4677124
45.3711426	297.4449768
45.4545455	280.8567810
45.5379483	265.6213379
45.6213511	268.3694763
45.7047540	275.9063110
45.7881568	280.8833923
45.8715596	297.9026489
45.9549625	295.1669312
46.0383653	309.7513733
46.1217681	316.5253906
46.2051710	319.0610657
46.2885738	308.4677124
46.3719766	297.4449768
46.4553795	280.8567810
46.5387823	265.6213379
46.6221852	268.3694763
46.7055880	275.9063110
46.7889908	280.8833923
46.8723937	297.9026489
46.9557965	295.1669312
47.0391993	309.7513733
47.1226022	316.5253906
47.2060050	319.0610657
47.2894078	308.4677124
47.3728107	297.4449768
47.4562135	280.8567810
47.5396163	265.6213379
47.6230192	268.3694763
47.7064220	275.9063110
47.7898249	280.8833923
47.8732277	297.9026489
47.9566305	295.1669312
48.0400334	309.7513733
48.1234362	316.5253906
48.2068390	319.0610657
48.2902419	308.4677124
48.3736447	297.4449768
48.4570475	280.8567810
48.5404504	265.6213379
48.6238532	268.3694763
48.7072560	275.9063110
48.7906589	280.8833923
48.8740617	297.9026489
48.9574646	295.1669312
49.0408674	309.7513733
49.1242702	316.5253906
49.2076731	319.0610657
49.2910759	308.4677124
49.3744787	297.4449768
49.4578816	280.8567810
49.5412844	265.6213379
49.6246872	268.3694763
49.7080901	275.9063110
49.7914929	280.8833923
49.8748957	297.9026489
49.9582986	295.1669312
50.0417014	309.7513733
50.1251043	316.5253906
50.2085071	319.0610657
50.2919099	308.4677124
50.3753128	297.4449768
50.4587156	280.8567810
50.5421184	265.6213379
50.6255213	268.3694763
50.7089241	275.9063110
50.7923269	280.8833923
50.8757298	297.9026489
50.9591326	295.1669312
51.0425354	309.7513733
51.1259383	316.5253906
51.2093411	319.0610657
51.2927440	308.4677124
51.3761468	297.4449768
51.4595496	280.8567810
51.5429525	265.6213379
51.6263553	268.3694763
51.7097581	275.9063110
51.7931610	280.8833923
51.8765638	297.9026489
51.9599666	295.1669312
52.0433695	309.7513733
52.1267723	316.5253906
52.2101751	319.0610657
52.2935780	308.4677124
52.3769808	297.4449768
52.4603837	280.8567810
52.5437865	265.6213379
52.6271893	268.3694763
52.7105922	275.9063110
52.7939950	280.8833923
52.8773978	297.9026489
52.9608007	295.1669312
53.0442035	309.7513733
53.1276063	316.5253906
53.2110092	319.0610657
53.2944120	308.4677124
53.3778148	297.4449768
53.4612177	280.8567810
53.5446205	265.6213379
53.6280234	268.3694763
53.7114262	275.9063110
53.7948290	280.8833923
53.8782319	297.9026489
53.9616347	295.1669312
54.0450375	309.7513733
54.1284404	316.5253906
54.2118432	319.0610657
54.2952460	308.4677124
54.3786489	297.4449768
54.4620517	280.8567810
54.5454545	265.6213379
54.6288574	268.3694763
54.7122602	275.9063110
54.7956631	280.8833923
54.8790659	297.9026489
54.9624687	295.1669312
55.0458716	309.7513733
55.1292744	316.5253906
55.2126772	319.0610657
55.2960801	308.4677124
55.3794829	297.4449768
55.4628857	280.8567810
55.5462886	265.6213379
55.6296914	268.3694763
55.7130942	275.9063110
55.7964971	280.8833923
55.8798999	297.9026489
55.9633028	295.1669312
56.0467056	309.7513733
56.1301084	316.5253906
56.2135113	319.0610657
56.2969141	308.4677124
56.3803169	297.4449768
56.4637198	280.8567810
56.5471226	265.6213379
56.6305254	268.3694763
56.7139283	275.9063110
56.7973311	280.8833923
56.8807339	297.9026489
56.9641368	295.1669312
57.0475396	309.7513733
57.1309425	316.5253906
57.2143453	319.0610657
57.2977481	308.4677124
57.3811510	297.4449768
57.4645538	280.8567810
57.5479566	265.6213379
57.6313595	268.3694763
57.7147623	275.9063110
57.7981651	280.8833923
57.8815680	297.9026489
57.9649708	295.1669312
58.0483736	309.7513733
58.1317765	316.5253906
58.2151793	319.0610657
58.2985822	308.4677124
58.3819850	297.4449768
58.4653878	280.8567810
58.5487907	265.6213379
58.6321935	268.3694763
58.7155963	275.9063110
58.7989992	280.8833923
58.8824020	297.9026489
58.9658048	295.1669312
59.0492077	309.7513733
59.1326105	316.5253906
59.2160133	319.0610657
59.2994162	308.4677124
59.3828190	297.4449768
59.4662219	280.8567810
59.5496247	265.6213379
59.6330275	268.3694763
59.7164304	275.9063110
59.7998332	280.8833923
59.8832360	297.9026489
59.9666389	295.1669312
60.0500417	309.7513733
60.1334445	316.5253906
60.2168474	319.0610657
60.3002502	308.4677124
60.3836530	297.4449768
60.4670559	280.8567810
60.5504587	265.6213379
60.6338616	268.3694763
60.7172644	275.9063110
60.8006672	280.8833923
60.8840701	297.9026489
60.9674729	295.1669312
61.0508757	309.7513733
61.1342786	316.5253906
61.2176814	319.0610657
61.3010842	308.4677124
61.3844871	297.4449768
61.4678899	280.8567810
61.5512927	265.6213379
61.6346956	268.3694763
61.7180984	275.9063110
61.8015013	280.8833923
61.8849041	297.9026489
61.9683069	295.1669312
62.0517098	309.7513733
62.1351126	316.5253906
62.2185154	319.0610657
62.3019183	308.4677124
62.3853211	297.4449768
62.4687239	280.8567810
62.5521268	265.6213379
62.6355296	268.3694763
62.7189324	275.9063110
62.8023353	280.8833923
62.8857381	297.9026489
62.9691410	295.1669312
63.0525438	309.7513733
63.1359466	316.5253906
63.2193495	319.0610657
63.3027523	308.4677124
63.3861551	297.4449768
63.4695580	280.8567810
63.5529608	265.6213379
63.6363636	268.3694763
63.7197665	275.9063110
63.8031693	280.8833923
63.8865721	297.9026489
63.9699750	295.1669312
64.0533778	309.7513733
64.1367807	316.5253906
64.2201835	319.0610657
64.3035863	308.4677124
64.3869892	297.4449768
64.4703920	280.8567810
64.5537948	265.6213379
64.6371977	268.3694763
64.7206005	275.9063110
64.8040033	280.8833923
64.8874062	297.9026489
64.9708090	295.1669312
65.0542118	309.7513733
65.1376147	316.5253906
65.2210175	319.0610657
65.3044204	308.4677124
65.3878232	297.4449768
65.4712260	280.8567810
65.5546289	265.6213379
65.6380317	268.3694763
65.7214345	275.9063110
65.8048374	280.8833923
65.8882402	297.9026489
65.9716430	295.1669312
66.0550459	309.7513733
66.1384487	316.5253906
66.2218515	319.0610657
66.3052544	308.4677124
66.3886572	297.4449768
66.4720601	280.8567810
66.5554629	265.6213379
66.6388657	268.3694763
66.7222686	275.9063110
66.8056714	280.8833923
66.8890742	297.9026489
66.9724771	295.1669312
67.0558799	309.7513733
67.1392827	316.5253906
67.2226856	319.0610657
67.3060884	308.4677124
67.3894912	297.4449768
67.4728941	280.8567810
67.5562969	265.6213379
67.6396997	268.3694763
67.7231026	275.9063110
67.8065054	280.8833923
67.8899083	297.9026489
67.9733111	295.1669312
68.0567139	309.7513733
68.1401168	316.5253906
68.2235196	319.0610657
68.3069224	308.4677124
68.3903253	297.4449768
68.4737281	280.8567810
68.5571309	265.6213379
68.6405338	268.3694763
68.7239366	275.9063110
68.8073394	280.8833923
68.8907423	297.9026489
68.9741451	295.1669312
69.0575480	309.7513733
69.1409508	316.5253906
69.2243536	319.0610657
69.3077565	308.4677124
69.3911593	297.4449768
69.4745621	280.8567810
69.5579650	265.6213379
69.6413678	268.3694763
69.7247706	275.9063110
69.8081735	280.8833923
69.8915763	297.9026489
69.9749791	295.1669312
70.0583820	309.7513733
70.1417848	316.5253906
70.2251877	319.0610657
70.3085905	308.4677124
70.3919933	297.4449768
70.4753962	280.8567810
70.5587990	265.6213379
70.6422018	268.3694763
70.7256047	275.9063110
70.8090075	280.8833923
70.8924103	297.9026489
70.9758132	295.1669312
71.0592160	309.7513733
71.1426188	316.5253906
71.2260217	319.0610657
71.3094245	308.4677124
71.3928274	297.4449768
71.4762302	280.8567810
71.5596330	265.6213379
71.6430359	268.3694763
71.7264387	275.9063110
71.8098415	280.8833923
71.8932444	297.9026489
71.9766472	295.1669312
72.0600500	309.7513733
72.1434529	316.5253906
72.2268557	319.0610657
72.3102585	308.4677124
72.3936614	297.4449768
72.4770642	280.8567810
72.5604671	265.6213379
72.6438699	268.3694763
72.7272727	275.9063110
72.8106756	280.8833923
72.8940784	297.9026489
72.9774812	295.1669312
73.0608841	309.7513733
73.1442869	316.5253906
73.2276897	319.0610657
73.3110926	308.4677124
73.3944954	297.4449768
73.4778982	280.8567810
73.5613011	265.6213379
73.6447039	268.3694763
73.7281068	275.9063110
73.8115096	280.8833923
73.8949124	297.9026489
73.9783153	295.1669312
74.0617181	309.7513733
74.1451209	316.5253906
74.2285238	319.0610657
74.3119266	308.4677124
74.3953294	297.4449768
74.4787323	280.8567810
74.5621351	265.6213379
74.6455379	268.3694763
74.7289408	275.9063110
74.8123436	280.8833923
74.8957465	297.9026489
74.9791493	295.1669312
75.0625521	309.7513733
75.1459550	316.5253906
75.2293578	319.0610657
75.3127606	308.4677124
75.3961635	297.4449768
75.4795663	280.8567810
75.5629691	265.6213379
75.6463720	268.3694763
75.7297748	275.9063110
75.8131776	280.8833923
75.8965805	297.9026489
75.9799833	295.1669312
76.0633862	309.7513733
76.1467890	316.5253906
76.2301918	319.0610657
76.3135947	308.4677124
76.3969975	297.4449768
76.4804003	280.8567810
76.5638032	265.6213379
76.6472060	268.3694763
76.7306088	275.9063110
76.8140117	280.8833923
76.8974145	297.9026489
76.9808173	295.1669312
77.0642202	309.7513733
77.1476230	316.5253906
77.2310259	319.0610657
77.3144287	308.4677124
77.3978315	297.4449768
77.4812344	280.8567810
77.5646372	265.6213379
77.6480400	268.3694763
77.7314429	275.9063110
77.8148457	280.8833923
77.8982485	297.9026489
77.9816514	295.1669312
78.0650542	309.7513733
78.1484570	316.5253906
78.2318599	319.0610657
78.3152627	308.4677124
78.3986656	297.4449768
78.4820684	280.8567810
78.5654712	265.6213379
78.6488741	268.3694763
78.7322769	275.9063110
78.8156797	280.8833923
78.8990826	297.9026489
78.9824854	295.1669312
79.0658882	309.7513733
79.1492911	316.5253906
79.2326939	319.0610657
79.3160967	308.4677124
79.3994996	297.4449768
79.4829024	280.8567810
79.5663053	265.6213379
79.6497081	268.3694763
79.7331109	275.9063110
79.8165138	280.8833923
79.8999166	297.9026489
79.9833194	295.1669312
80.0667223	309.7513733
80.1501251	316.5253906
80.2335279	319.0610657
80.3169308	308.4677124
80.4003336	297.4449768
80.4837364	280.8567810
80.5671393	265.6213379
80.6505421	268.3694763
80.7339450	275.9063110
80.8173478	280.8833923
80.9007506	297.9026489
80.9841535	295.1669312
81.0675563	309.7513733
81.1509591	316.5253906
81.2343620	319.0610657
81.3177648	308.4677124
81.4011676	297.4449768
81.4845705	280.8567810
81.5679733	265.6213379
81.6513761	268.3694763
81.7347790	275.9063110
81.8181818	280.8833923
81.9015847	297.9026489
81.9849875	295.1669312
82.0683903	309.7513733
82.1517932	316.5253906
82.2351960	319.0610657
82.3185988	308.4677124
82.4020017	297.4449768
82.4854045	280.8567810
82.5688073	265.6213379
82.6522102	268.3694763
82.7356130	275.9063110
82.8190158	280.8833923
82.9024187	297.9026489
82.9858215	295.1669312
83.0692244	309.7513733
83.1526272	316.5253906
83.2360300	319.0610657
83.3194329	308.4677124
83.4028357	297.4449768
83.4862385	280.8567810
83.5696414	265.6213379
83.6530442	268.3694763
83.7364470	275.9063110
83.8198499	280.8833923
83.9032527	297.9026489
83.9866555	295.1669312
84.0700584	309.7513733
84.1534612	316.5253906
84.2368641	319.0610657
84.3202669	308.4677124
84.4036697	297.4449768
84.4870726	280.8567810
84.5704754	265.6213379
84.6538782	268.3694763
84.7372811	275.9063110
84.8206839	280.8833923
84.9040867	297.9026489
84.9874896	295.1669312
85.0708924	309.7513733
85.1542952	316.5253906
85.2376981	319.0610657
85.3211009	308.4677124
85.4045038	297.4449768
85.4879066	280.8567810
85.5713094	265.6213379
85.6547123	268.3694763
85.7381151	275.9063110
85.8215179	280.8833923
85.9049208	297.9026489
85.9883236	295.1669312
86.0717264	309.7513733
86.1551293	316.5253906
86.2385321	319.0610657
86.3219349	308.4677124
86.4053378	297.4449768
86.4887406	280.8567810
86.5721435	265.6213379
86.6555463	268.3694763
86.7389491	275.9063110
86.8223520	280.8833923
86.9057548	297.9026489
86.9891576	295.1669312
87.0725605	309.7513733
87.1559633	316.5253906
87.2393661	319.0610657
87.3227690	308.4677124
87.4061718	297.4449768
87.4895746	280.8567810
87.5729775	265.6213379
87.6563803	268.3694763
87.7397832	275.9063110
87.8231860	280.8833923
87.9065888	297.9026489
87.9899917	295.1669312
88.0733945	309.7513733
88.1567973	316.5253906
88.2402002	319.0610657
88.3236030	308.4677124
88.4070058	297.4449768
88.4904087	280.8567810
88.5738115	265.6213379
88.6572143	268.3694763
88.7406172	275.9063110
88.8240200	280.8833923
88.9074229	297.9026489
88.9908257	295.1669312
89.0742285	309.7513733
89.1576314	316.5253906
89.2410342	319.0610657
89.3244370	308.4677124
89.4078399	297.4449768
89.4912427	280.8567810
89.5746455	265.6213379
89.6580484	268.3694763
89.7414512	275.9063110
89.8248540	280.8833923
89.9082569	297.9026489
89.9916597	295.1669312
90.0750626	309.7513733
90.1584654	316.5253906
90.2418682	319.0610657
90.3252711	308.4677124
90.4086739	297.4449768
90.4920767	280.8567810
90.5754796	265.6213379
90.6588824	268.3694763
90.7422852	275.9063110
90.8256881	280.8833923
90.9090909	297.9026489
90.9924937	295.1669312
91.0758966	309.7513733
91.1592994	316.5253906
91.2427023	319.0610657
91.3261051	308.4677124
91.4095079	297.4449768
91.4929108	280.8567810
91.5763136	265.6213379
91.6597164	268.3694763
91.7431193	275.9063110
91.8265221	280.8833923
91.9099249	297.9026489
91.9933278	295.1669312
92.0767306	309.7513733
92.1601334	316.5253906
92.2435363	319.0610657
92.3269391	308.4677124
92.4103420	297.4449768
92.4937448	280.8567810
92.5771476	265.6213379
92.6605505	268.3694763
92.7439533	275.9063110
92.8273561	280.8833923
92.9107590	297.9026489
92.9941618	295.1669312
93.0775646	309.7513733
93.1609675	316.5253906
93.2443703	319.0610657
93.3277731	308.4677124
93.4111760	297.4449768
93.4945788	280.8567810
93.5779817	265.6213379
93.6613845	268.3694763
93.7447873	275.9063110
93.8281902	280.8833923
93.9115930	297.9026489
93.9949958	295.1669312
94.0783987	309.7513733
94.1618015	316.5253906
94.2452043	319.0610657
94.3286072	308.4677124
94.4120100	297.4449768
94.4954128	280.8567810
94.5788157	265.6213379
94.6622185	268.3694763
94.7456214	275.9063110
94.8290242	280.8833923
94.9124270	297.9026489
94.9958299	295.1669312
95.0792327	309.7513733
95.1626355	316.5253906
95.2460384	319.0610657
95.3294412	308.4677124
95.4128440	297.4449768
95.4962469	280.8567810
95.5796497	265.6213379
95.6630525	268.3694763
95.7464554	275.9063110
95.8298582	280.8833923
95.9132611	297.9026489
95.9966639	295.1669312
96.0800667	309.7513733
96.1634696	316.5253906
96.2468724	319.0610657
96.3302752	308.4677124
96.4136781	297.4449768
96.4970809	280.8567810
96.5804837	265.6213379
96.6638866	268.3694763
96.7472894	275.9063110
96.8306922	280.8833923
96.9140951	297.9026489
96.9974979	295.1669312
97.0809008	309.7513733
97.1643036	316.5253906
97.2477064	319.0610657
97.3311093	308.4677124
97.4145121	297.4449768
97.4979149	280.8567810
97.5813178	265.6213379
97.6647206	268.3694763
97.7481234	275.9063110
97.8315263	280.8833923
97.9149291	297.9026489
97.9983319	295.1669312
98.0817348	309.7513733
98.1651376	316.5253906
98.2485405	319.0610657
98.3319433	308.4677124
98.4153461	297.4449768
98.4987490	280.8567810
98.5821518	265.6213379
98.6655546	268.3694763
98.7489575	275.9063110
98.8323603	280.8833923
98.9157631	297.9026489
98.9991660	295.1669312
99.0825688	309.7513733
99.1659716	316.5253906
99.2493745	319.0610657
99.3327773	308.4677124
99.4161802	297.4449768
99.4995830	280.8567810
99.5829858	265.6213379
99.6663887	268.3694763
99.7497915	275.9063110
99.8331943	280.8833923
99.9165972	297.9026489
100.0000000	295.1669312
