# time(yr)	runoff(mm/month)
0.0000000	9.7647349
0.0834028	9.3192083
0.1668057	13.0612949
0.2502085	40.8601583
0.3336113	38.1137001
0.4170142	8.8734222
0.5004170	15.1768107
0.5838198	18.3468826
0.6672227	18.2827120
0.7506255	17.3968928
0.8340284	16.0409195
0.9174312	12.9559864
1.0008340	9.7647349
1.0842369	9.3192083
1.1676397	13.0612949
1.2510425	40.8601583
1.3344454	38.1137001
1.4178482	8.8734222
1.5012510	15.1768107
1.5846539	18.3468826
1.6680567	18.2827120
1.7514595	17.3968928
1.8348624	16.0409195
1.9182652	12.9559864
2.0016681	9.7647349
2.0850709	9.3192083
2.1684737	13.0612949
2.2518766	40.8601583
2.3352794	38.1137001
2.4186822	8.8734222
2.5020851	15.1768107
2.5854879	18.3468826
2.6688907	18.2827120
2.7522936	17.3968928
2.8356964	16.0409195
2.9190992	12.9559864
3.0025021	9.7647349
3.0859049	9.3192083
3.1693078	13.0612949
3.2527106	40.8601583
3.3361134	38.1137001
3.4195163	8.8734222
3.5029191	15.1768107
3.5863219	18.3468826
3.6697248	18.2827120
3.7531276	17.3968928
3.8365304	16.0409195
3.9199333	12.9559864
4.0033361	9.7647349
4.0867389	9.3192083
4.1701418	13.0612949
4.2535446	40.8601583
4.3369475	38.1137001
4.4203503	8.8734222
4.5037531	15.1768107
4.5871560	18.3468826
4.6705588	18.2827120
4.7539616	17.3968928
4.8373645	16.0409195
4.9207673	12.9559864
5.0041701	9.7647349
5.0875730	9.3192083
5.1709758	13.0612949
5.2543786	40.8601583
5.3377815	38.1137001
5.4211843	8.8734222
5.5045872	15.1768107
5.5879900	18.3468826
5.6713928	18.2827120
5.7547957	17.3968928
5.8381985	16.0409195
5.9216013	12.9559864
6.0050042	9.7647349
6.0884070	9.3192083
6.1718098	13.0612949
6.2552127	40.8601583
6.3386155	38.1137001
6.4220183	8.8734222
6.5054212	15.1768107
6.5888240	18.3468826
6.6722269	18.2827120
6.7556297	17.3968928
6.8390325	16.0409195
6.9224354	12.9559864
7.0058382	9.7647349
7.0892410	9.3192083
7.1726439	13.0612949
7.2560467	40.8601583
7.3394495	38.1137001
7.4228524	8.8734222
7.5062552	15.1768107
7.5896580	18.3468826
7.6730609	18.2827120
7.7564637	17.3968928
7.8398666	16.0409195
7.9232694	12.9559864
8.0066722	9.7647349
8.0900751	9.3192083
8.1734779	13.0612949
8.2568807	40.8601583
8.3402836	38.1137001
8.4236864	8.8734222
8.5070892	15.1768107
8.5904921	18.3468826
8.6738949	18.2827120
8.7572977	17.3968928
8.8407006	16.0409195
8.9241034	12.9559864
9.0075063	9.7647349
9.0909091	9.3192083
9.1743119	13.0612949
9.2577148	40.8601583
9.3411176	38.1137001
9.4245204	8.8734222
9.5079233	15.1768107
9.5913261	18.3468826
9.6747289	18.2827120
9.7581318	17.3968928
9.8415346	16.0409195
9.9249374	12.9559864
10.0083403	9.7647349
10.0917431	9.3192083
10.1751460	13.0612949
10.2585488	40.8601583
10.3419516	38.1137001
10.4253545	8.8734222
10.5087573	15.1768107
10.5921601	18.3468826
10.6755630	18.2827120
10.7589658	17.3968928
10.8423686	16.0409195
10.9257715	12.9559864
11.0091743	9.7647349
11.0925771	9.3192083
11.1759800	13.0612949
11.2593828	40.8601583
11.3427857	38.1137001
11.4261885	8.8734222
11.5095913	15.1768107
11.5929942	18.3468826
11.6763970	18.2827120
11.7597998	17.3968928
11.8432027	16.0409195
11.9266055	12.9559864
12.0100083	9.7647349
12.0934112	9.3192083
12.1768140	13.0612949
12.2602168	40.8601583
12.3436197	38.1137001
12.4270225	8.8734222
12.5104254	15.1768107
12.5938282	18.3468826
12.6772310	18.2827120
12.7606339	17.3968928
12.8440367	16.0409195
12.9274395	12.9559864
13.0108424	9.7647349
13.0942452	9.3192083
13.1776480	13.0612949
13.2610509	40.8601583
13.3444537	38.1137001
13.4278565	8.8734222
13.5112594	15.1768107
13.5946622	18.3468826
13.6780651	18.2827120
13.7614679	17.3968928
13.8448707	16.0409195
13.9282736	12.9559864
14.0116764	9.7647349
14.0950792	9.3192083
14.1784821	13.0612949
14.2618849	40.8601583
14.3452877	38.1137001
14.4286906	8.8734222
14.5120934	15.1768107
14.5954962	18.3468826
14.6788991	18.2827120
14.7623019	17.3968928
14.8457048	16.0409195
14.9291076	12.9559864
15.0125104	9.7647349
15.0959133	9.3192083
15.1793161	13.0612949
15.2627189	40.8601583
15.3461218	38.1137001
15.4295246	8.8734222
15.5129274	15.1768107
15.5963303	18.3468826
15.6797331	18.2827120
15.7631359	17.3968928
15.8465388	16.0409195
15.9299416	12.9559864
16.0133445	9.7647349
16.0967473	9.3192083
16.1801501	13.0612949
16.2635530	40.8601583
16.3469558	38.1137001
16.4303586	8.8734222
16.5137615	15.1768107
16.5971643	18.3468826
16.6805671	18.2827120
16.7639700	17.3968928
16.8473728	16.0409195
16.9307756	12.9559864
17.0141785	9.7647349
17.0975813	9.3192083
17.1809842	13.0612949
17.2643870	40.8601583
17.3477898	38.1137001
17.4311927	8.8734222
17.5145955	15.1768107
17.5979983	18.3468826
17.6814012	18.2827120
17.7648040	17.3968928
17.8482068	16.0409195
17.9316097	12.9559864
18.0150125	9.7647349
18.0984153	9.3192083
18.1818182	13.0612949
18.2652210	40.8601583
18.3486239	38.1137001
18.4320267	8.8734222
18.5154295	15.1768107
18.5988324	18.3468826
18.6822352	18.2827120
18.7656380	17.3968928
18.8490409	16.0409195
18.9324437	12.9559864
19.0158465	9.7647349
19.0992494	9.3192083
19.1826522	13.0612949
19.2660550	40.8601583
19.3494579	38.1137001
19.4328607	8.8734222
19.5162636	15.1768107
19.5996664	18.3468826
19.6830692	18.2827120
19.7664721	17.3968928
19.8498749	16.0409195
19.9332777	12.9559864
20.0166806	9.7647349
20.1000834	9.3192083
20.1834862	13.0612949
20.2668891	40.8601583
20.3502919	38.1137001
20.4336947	8.8734222
20.5170976	15.1768107
20.6005004	18.3468826
20.6839033	18.2827120
20.7673061	17.3968928
20.8507089	16.0409195
20.9341118	12.9559864
21.0175146	9.7647349
21.1009174	9.3192083
21.1843203	13.0612949
21.2677231	40.8601583
21.3511259	38.1137001
21.4345288	8.8734222
21.5179316	15.1768107
21.6013344	18.3468826
21.6847373	18.2827120
21.7681401	17.3968928
21.8515430	16.0409195
21.9349458	12.9559864
22.0183486	9.7647349
22.1017515	9.3192083
22.1851543	13.0612949
22.2685571	40.8601583
22.3519600	38.1137001
22.4353628	8.8734222
22.5187656	15.1768107
22.6021685	18.3468826
22.6855713	18.2827120
22.7689741	17.3968928
22.8523770	16.0409195
22.9357798	12.9559864
23.0191827	9.7647349
23.1025855	9.3192083
23.1859883	13.0612949
23.2693912	40.8601583
23.3527940	38.1137001
23.4361968	8.8734222
23.5195997	15.1768107
23.6030025	18.3468826
23.6864053	18.2827120
23.7698082	17.3968928
23.8532110	16.0409195
23.9366138	12.9559864
24.0200167	9.7647349
24.1034195	9.3192083
24.1868224	13.0612949
24.2702252	40.8601583
24.3536280	38.1137001
24.4370309	8.8734222
24.5204337	15.1768107
24.6038365	18.3468826
24.6872394	18.2827120
24.7706422	17.3968928
24.8540450	16.0409195
24.9374479	12.9559864
25.0208507	9.7647349
25.1042535	9.3192083
25.1876564	13.0612949
25.2710592	40.8601583
25.3544621	38.1137001
25.4378649	8.8734222
25.5212677	15.1768107
25.6046706	18.3468826
25.6880734	18.2827120
25.7714762	17.3968928
25.8548791	16.0409195
25.9382819	12.9559864
26.0216847	9.7647349
26.1050876	9.3192083
26.1884904	13.0612949
26.2718932	40.8601583
26.3552961	38.1137001
26.4386989	8.8734222
26.5221018	15.1768107
26.6055046	18.3468826
26.6889074	18.2827120
26.7723103	17.3968928
26.8557131	16.0409195
26.9391159	12.9559864
27.0225188	9.7647349
27.1059216	9.3192083
27.1893244	13.0612949
27.2727273	40.8601583
27.3561301	38.1137001
27.4395329	8.8734222
27.5229358	15.1768107
27.6063386	18.3468826
27.6897415	18.2827120
27.7731443	17.3968928
27.8565471	16.0409195
27.9399500	12.9559864
28.0233528	9.7647349
28.1067556	9.3192083
28.1901585	13.0612949
28.2735613	40.8601583
28.3569641	38.1137001
28.4403670	8.8734222
28.5237698	15.1768107
28.6071726	18.3468826
28.6905755	18.2827120
28.7739783	17.3968928
28.8573812	16.0409195
28.9407840	12.9559864
29.0241868	9.7647349
29.1075897	9.3192083
29.1909925	13.0612949
29.2743953	40.8601583
29.3577982	38.1137001
29.4412010	8.8734222
29.5246038	15.1768107
29.6080067	18.3468826
29.6914095	18.2827120
29.7748123	17.3968928
29.8582152	16.0409195
29.9416180	12.9559864
30.0250209	9.7647349
30.1084237	9.3192083
30.1918265	13.0612949
30.2752294	40.8601583
30.3586322	38.1137001
30.4420350	8.8734222
30.5254379	15.1768107
30.6088407	18.3468826
30.6922435	18.2827120
30.7756464	17.3968928
30.8590492	16.0409195
30.9424520	12.9559864
31.0258549	9.7647349
31.1092577	9.3192083
31.1926606	13.0612949
31.2760634	40.8601583
31.3594662	38.1137001
31.4428691	8.8734222
31.5262719	15.1768107
31.6096747	18.3468826
31.6930776	18.2827120
31.7764804	17.3968928
31.8598832	16.0409195
31.9432861	12.9559864
32.0266889	9.7647349
32.1100917	9.3192083
32.1934946	13.0612949
32.2768974	40.8601583
32.3603003	38.1137001
32.4437031	8.8734222
32.5271059	15.1768107
32.6105088	18.3468826
32.6939116	18.2827120
32.7773144	17.3968928
32.8607173	16.0409195
32.9441201	12.9559864
33.0275229	9.7647349
33.1109258	9.3192083
33.1943286	13.0612949
33.2777314	40.8601583
33.3611343	38.1137001
33.4445371	8.8734222
33.5279399	15.1768107
33.6113428	18.3468826
33.6947456	18.2827120
33.7781485	17.3968928
33.8615513	16.0409195
33.9449541	12.9559864
34.0283570	9.7647349
34.1117598	9.3192083
34.1951626	13.0612949
34.2785655	40.8601583
34.3619683	38.1137001
34.4453711	8.8734222
34.5287740	15.1768107
34.6121768	18.3468826
34.6955796	18.2827120
34.7789825	17.3968928
34.8623853	16.0409195
34.9457882	12.9559864
35.0291910	9.7647349
35.1125938	9.3192083
35.1959967	13.0612949
35.2793995	40.8601583
35.3628023	38.1137001
35.4462052	8.8734222
35.5296080	15.1768107
35.6130108	18.3468826
35.6964137	18.2827120
35.7798165	17.3968928
35.8632193	16.0409195
35.9466222	12.9559864
36.0300250	9.7647349
36.1134279	9.3192083
36.1968307	13.0612949
36.2802335	40.8601583
36.3636364	38.1137001
36.4470392	8.8734222
36.5304420	15.1768107
36.6138449	18.3468826
36.6972477	18.2827120
36.7806505	17.3968928
36.8640534	16.0409195
36.9474562	12.9559864
37.0308590	9.7647349
37.1142619	9.3192083
37.1976647	13.0612949
37.2810676	40.8601583
37.3644704	38.1137001
37.4478732	8.8734222
37.5312761	15.1768107
37.6146789	18.3468826
37.6980817	18.2827120
37.7814846	17.3968928
37.8648874	16.0409195
37.9482902	12.9559864
38.0316931	9.7647349
38.1150959	9.3192083
38.1984987	13.0612949
38.2819016	40.8601583
38.3653044	38.1137001
38.4487073	8.8734222
38.5321101	15.1768107
38.6155129	18.3468826
38.6989158	18.2827120
38.7823186	17.3968928
38.8657214	16.0409195
38.9491243	12.9559864
39.0325271	9.7647349
39.1159299	9.3192083
39.1993328	13.0612949
39.2827356	40.8601583
39.3661384	38.1137001
39.4495413	8.8734222
39.5329441	15.1768107
39.6163470	18.3468826
39.6997498	18.2827120
39.7831526	17.3968928
39.8665555	16.0409195
39.9499583	12.9559864
40.0333611	9.7647349
40.1167640	9.3192083
40.2001668	13.0612949
40.2835696	40.8601583
40.3669725	38.1137001
40.4503753	8.8734222
40.5337781	15.1768107
40.6171810	18.3468826
40.7005838	18.2827120
40.7839867	17.3968928
40.8673895	16.0409195
40.9507923	12.9559864
41.0341952	9.7647349
41.1175980	9.3192083
41.2010008	13.0612949
41.2844037	40.8601583
41.3678065	38.1137001
41.4512093	8.8734222
41.5346122	15.1768107
41.6180150	18.3468826
41.7014178	18.2827120
41.7848207	17.3968928
41.8682235	16.0409195
41.9516264	12.9559864
42.0350292	9.7647349
42.1184320	9.3192083
42.2018349	13.0612949
42.2852377	40.8601583
42.3686405	38.1137001
42.4520434	8.8734222
42.5354462	15.1768107
42.6188490	18.3468826
42.7022519	18.2827120
42.7856547	17.3968928
42.8690575	16.0409195
42.9524604	12.9559864
43.0358632	9.7647349
43.1192661	9.3192083
43.2026689	13.0612949
43.2860717	40.8601583
43.3694746	38.1137001
43.4528774	8.8734222
43.5362802	15.1768107
43.6196831	18.3468826
43.7030859	18.2827120
43.7864887	17.3968928
43.8698916	16.0409195
43.9532944	12.9559864
44.0366972	9.7647349
44.1201001	9.3192083
44.2035029	13.0612949
44.2869058	40.8601583
44.3703086	38.1137001
44.4537114	8.8734222
44.5371143	15.1768107
44.6205171	18.3468826
44.7039199	18.2827120
44.7873228	17.3968928
44.8707256	16.0409195
44.9541284	12.9559864
45.0375313	9.7647349
45.1209341	9.3192083
45.2043369	13.0612949
45.2877398	40.8601583
45.3711426	38.1137001
45.4545455	8.8734222
45.5379483	15.1768107
45.6213511	18.3468826
45.7047540	18.2827120
45.7881568	17.3968928
45.8715596	16.0409195
45.9549625	12.9559864
46.0383653	9.7647349
46.1217681	9.3192083
46.2051710	13.0612949
46.2885738	40.8601583
46.3719766	38.1137001
46.4553795	8.8734222
46.5387823	15.1768107
46.6221852	18.3468826
46.7055880	18.2827120
46.7889908	17.3968928
46.8723937	16.0409195
46.9557965	12.9559864
47.0391993	9.7647349
47.1226022	9.3192083
47.2060050	13.0612949
47.2894078	40.8601583
47.3728107	38.1137001
47.4562135	8.8734222
47.5396163	15.1768107
47.6230192	18.3468826
47.7064220	18.2827120
47.7898249	17.3968928
47.8732277	16.0409195
47.9566305	12.9559864
48.0400334	9.7647349
48.1234362	9.3192083
48.2068390	13.0612949
48.2902419	40.8601583
48.3736447	38.1137001
48.4570475	8.8734222
48.5404504	15.1768107
48.6238532	18.3468826
48.7072560	18.2827120
48.7906589	17.3968928
48.8740617	16.0409195
48.9574646	12.9559864
49.0408674	9.7647349
49.1242702	9.3192083
49.2076731	13.0612949
49.2910759	40.8601583
49.3744787	38.1137001
49.4578816	8.8734222
49.5412844	15.1768107
49.6246872	18.3468826
49.7080901	18.2827120
49.7914929	17.3968928
49.8748957	16.0409195
49.9582986	12.9559864
50.0417014	9.7647349
50.1251043	9.3192083
50.2085071	13.0612949
50.2919099	40.8601583
50.3753128	38.1137001
50.4587156	8.8734222
50.5421184	15.1768107
50.6255213	18.3468826
50.7089241	18.2827120
50.7923269	17.3968928
50.8757298	16.0409195
50.9591326	12.9559864
51.0425354	9.7647349
51.1259383	9.3192083
51.2093411	13.0612949
51.2927440	40.8601583
51.3761468	38.1137001
51.4595496	8.8734222
51.5429525	15.1768107
51.6263553	18.3468826
51.7097581	18.2827120
51.7931610	17.3968928
51.8765638	16.0409195
51.9599666	12.9559864
52.0433695	9.7647349
52.1267723	9.3192083
52.2101751	13.0612949
52.2935780	40.8601583
52.3769808	38.1137001
52.4603837	8.8734222
52.5437865	15.1768107
52.6271893	18.3468826
52.7105922	18.2827120
52.7939950	17.3968928
52.8773978	16.0409195
52.9608007	12.9559864
53.0442035	9.7647349
53.1276063	9.3192083
53.2110092	13.0612949
53.2944120	40.8601583
53.3778148	38.1137001
53.4612177	8.8734222
53.5446205	15.1768107
53.6280234	18.3468826
53.7114262	18.2827120
53.7948290	17.3968928
53.8782319	16.0409195
53.9616347	12.9559864
54.0450375	9.7647349
54.1284404	9.3192083
54.2118432	13.0612949
54.2952460	40.8601583
54.3786489	38.1137001
54.4620517	8.8734222
54.5454545	15.1768107
54.6288574	18.3468826
54.7122602	18.2827120
54.7956631	17.3968928
54.8790659	16.0409195
54.9624687	12.9559864
55.0458716	9.7647349
55.1292744	9.3192083
55.2126772	13.0612949
55.2960801	40.8601583
55.3794829	38.1137001
55.4628857	8.8734222
55.5462886	15.1768107
55.6296914	18.3468826
55.7130942	18.2827120
55.7964971	17.3968928
55.8798999	16.0409195
55.9633028	12.9559864
56.0467056	9.7647349
56.1301084	9.3192083
56.2135113	13.0612949
56.2969141	40.8601583
56.3803169	38.1137001
56.4637198	8.8734222
56.5471226	15.1768107
56.6305254	18.3468826
56.7139283	18.2827120
56.7973311	17.3968928
56.8807339	16.0409195
56.9641368	12.9559864
57.0475396	9.7647349
57.1309425	9.3192083
57.2143453	13.0612949
57.2977481	40.8601583
57.3811510	38.1137001
57.4645538	8.8734222
57.5479566	15.1768107
57.6313595	18.3468826
57.7147623	18.2827120
57.7981651	17.3968928
57.8815680	16.0409195
57.9649708	12.9559864
58.0483736	9.7647349
58.1317765	9.3192083
58.2151793	13.0612949
58.2985822	40.8601583
58.3819850	38.1137001
58.4653878	8.8734222
58.5487907	15.1768107
58.6321935	18.3468826
58.7155963	18.2827120
58.7989992	17.3968928
58.8824020	16.0409195
58.9658048	12.9559864
59.0492077	9.7647349
59.1326105	9.3192083
59.2160133	13.0612949
59.2994162	40.8601583
59.3828190	38.1137001
59.4662219	8.8734222
59.5496247	15.1768107
59.6330275	18.3468826
59.7164304	18.2827120
59.7998332	17.3968928
59.8832360	16.0409195
59.9666389	12.9559864
60.0500417	9.7647349
60.1334445	9.3192083
60.2168474	13.0612949
60.3002502	40.8601583
60.3836530	38.1137001
60.4670559	8.8734222
60.5504587	15.1768107
60.6338616	18.3468826
60.7172644	18.2827120
60.8006672	17.3968928
60.8840701	16.0409195
60.9674729	12.9559864
61.0508757	9.7647349
61.1342786	9.3192083
61.2176814	13.0612949
61.3010842	40.8601583
61.3844871	38.1137001
61.4678899	8.8734222
61.5512927	15.1768107
61.6346956	18.3468826
61.7180984	18.2827120
61.8015013	17.3968928
61.8849041	16.0409195
61.9683069	12.9559864
62.0517098	9.7647349
62.1351126	9.3192083
62.2185154	13.0612949
62.3019183	40.8601583
62.3853211	38.1137001
62.4687239	8.8734222
62.5521268	15.1768107
62.6355296	18.3468826
62.7189324	18.2827120
62.8023353	17.3968928
62.8857381	16.0409195
62.9691410	12.9559864
63.0525438	9.7647349
63.1359466	9.3192083
63.2193495	13.0612949
63.3027523	40.8601583
63.3861551	38.1137001
63.4695580	8.8734222
63.5529608	15.1768107
63.6363636	18.3468826
63.7197665	18.2827120
63.8031693	17.3968928
63.8865721	16.0409195
63.9699750	12.9559864
64.0533778	9.7647349
64.1367807	9.3192083
64.2201835	13.0612949
64.3035863	40.8601583
64.3869892	38.1137001
64.4703920	8.8734222
64.5537948	15.1768107
64.6371977	18.3468826
64.7206005	18.2827120
64.8040033	17.3968928
64.8874062	16.0409195
64.9708090	12.9559864
65.0542118	9.7647349
65.1376147	9.3192083
65.2210175	13.0612949
65.3044204	40.8601583
65.3878232	38.1137001
65.4712260	8.8734222
65.5546289	15.1768107
65.6380317	18.3468826
65.7214345	18.2827120
65.8048374	17.3968928
65.8882402	16.0409195
65.9716430	12.9559864
66.0550459	9.7647349
66.1384487	9.3192083
66.2218515	13.0612949
66.3052544	40.8601583
66.3886572	38.1137001
66.4720601	8.8734222
66.5554629	15.1768107
66.6388657	18.3468826
66.7222686	18.2827120
66.8056714	17.3968928
66.8890742	16.0409195
66.9724771	12.9559864
67.0558799	9.7647349
67.1392827	9.3192083
67.2226856	13.0612949
67.3060884	40.8601583
67.3894912	38.1137001
67.4728941	8.8734222
67.5562969	15.1768107
67.6396997	18.3468826
67.7231026	18.2827120
67.8065054	17.3968928
67.8899083	16.0409195
67.9733111	12.9559864
68.0567139	9.7647349
68.1401168	9.3192083
68.2235196	13.0612949
68.3069224	40.8601583
68.3903253	38.1137001
68.4737281	8.8734222
68.5571309	15.1768107
68.6405338	18.3468826
68.7239366	18.2827120
68.8073394	17.3968928
68.8907423	16.0409195
68.9741451	12.9559864
69.0575480	9.7647349
69.1409508	9.3192083
69.2243536	13.0612949
69.3077565	40.8601583
69.3911593	38.1137001
69.4745621	8.8734222
69.5579650	15.1768107
69.6413678	18.3468826
69.7247706	18.2827120
69.8081735	17.3968928
69.8915763	16.0409195
69.9749791	12.9559864
70.0583820	9.7647349
70.1417848	9.3192083
70.2251877	13.0612949
70.3085905	40.8601583
70.3919933	38.1137001
70.4753962	8.8734222
70.5587990	15.1768107
70.6422018	18.3468826
70.7256047	18.2827120
70.8090075	17.3968928
70.8924103	16.0409195
70.9758132	12.9559864
71.0592160	9.7647349
71.1426188	9.3192083
71.2260217	13.0612949
71.3094245	40.8601583
71.3928274	38.1137001
71.4762302	8.8734222
71.5596330	15.1768107
71.6430359	18.3468826
71.7264387	18.2827120
71.8098415	17.3968928
71.8932444	16.0409195
71.9766472	12.9559864
72.0600500	9.7647349
72.1434529	9.3192083
72.2268557	13.0612949
72.3102585	40.8601583
72.3936614	38.1137001
72.4770642	8.8734222
72.5604671	15.1768107
72.6438699	18.3468826
72.7272727	18.2827120
72.8106756	17.3968928
72.8940784	16.0409195
72.9774812	12.9559864
73.0608841	9.7647349
73.1442869	9.3192083
73.2276897	13.0612949
73.3110926	40.8601583
73.3944954	38.1137001
73.4778982	8.8734222
73.5613011	15.1768107
73.6447039	18.3468826
73.7281068	18.2827120
73.8115096	17.3968928
73.8949124	16.0409195
73.9783153	12.9559864
74.0617181	9.7647349
74.1451209	9.3192083
74.2285238	13.0612949
74.3119266	40.8601583
74.3953294	38.1137001
74.4787323	8.8734222
74.5621351	15.1768107
74.6455379	18.3468826
74.7289408	18.2827120
74.8123436	17.3968928
74.8957465	16.0409195
74.9791493	12.9559864
75.0625521	9.7647349
75.1459550	9.3192083
75.2293578	13.0612949
75.3127606	40.8601583
75.3961635	38.1137001
75.4795663	8.8734222
75.5629691	15.1768107
75.6463720	18.3468826
75.7297748	18.2827120
75.8131776	17.3968928
75.8965805	16.0409195
75.9799833	12.9559864
76.0633862	9.7647349
76.1467890	9.3192083
76.2301918	13.0612949
76.3135947	40.8601583
76.3969975	38.1137001
76.4804003	8.8734222
76.5638032	15.1768107
76.6472060	18.3468826
76.7306088	18.2827120
76.8140117	17.3968928
76.8974145	16.0409195
76.9808173	12.9559864
77.0642202	9.7647349
77.1476230	9.3192083
77.2310259	13.0612949
77.3144287	40.8601583
77.3978315	38.1137001
77.4812344	8.8734222
77.5646372	15.1768107
77.6480400	18.3468826
77.7314429	18.2827120
77.8148457	17.3968928
77.8982485	16.0409195
77.9816514	12.9559864
78.0650542	9.7647349
78.1484570	9.3192083
78.2318599	13.0612949
78.3152627	40.8601583
78.3986656	38.1137001
78.4820684	8.8734222
78.5654712	15.1768107
78.6488741	18.3468826
78.7322769	18.2827120
78.8156797	17.3968928
78.8990826	16.0409195
78.9824854	12.9559864
79.0658882	9.7647349
79.1492911	9.3192083
79.2326939	13.0612949
79.3160967	40.8601583
79.3994996	38.1137001
79.4829024	8.8734222
79.5663053	15.1768107
79.6497081	18.3468826
79.7331109	18.2827120
79.8165138	17.3968928
79.8999166	16.0409195
79.9833194	12.9559864
80.0667223	9.7647349
80.1501251	9.3192083
80.2335279	13.0612949
80.3169308	40.8601583
80.4003336	38.1137001
80.4837364	8.8734222
80.5671393	15.1768107
80.6505421	18.3468826
80.7339450	18.2827120
80.8173478	17.3968928
80.9007506	16.0409195
80.9841535	12.9559864
81.0675563	9.7647349
81.1509591	9.3192083
81.2343620	13.0612949
81.3177648	40.8601583
81.4011676	38.1137001
81.4845705	8.8734222
81.5679733	15.1768107
81.6513761	18.3468826
81.7347790	18.2827120
81.8181818	17.3968928
81.9015847	16.0409195
81.9849875	12.9559864
82.0683903	9.7647349
82.1517932	9.3192083
82.2351960	13.0612949
82.3185988	40.8601583
82.4020017	38.1137001
82.4854045	8.8734222
82.5688073	15.1768107
82.6522102	18.3468826
82.7356130	18.2827120
82.8190158	17.3968928
82.9024187	16.0409195
82.9858215	12.9559864
83.0692244	9.7647349
83.1526272	9.3192083
83.2360300	13.0612949
83.3194329	40.8601583
83.4028357	38.1137001
83.4862385	8.8734222
83.5696414	15.1768107
83.6530442	18.3468826
83.7364470	18.2827120
83.8198499	17.3968928
83.9032527	16.0409195
83.9866555	12.9559864
84.0700584	9.7647349
84.1534612	9.3192083
84.2368641	13.0612949
84.3202669	40.8601583
84.4036697	38.1137001
84.4870726	8.8734222
84.5704754	15.1768107
84.6538782	18.3468826
84.7372811	18.2827120
84.8206839	17.3968928
84.9040867	16.0409195
84.9874896	12.9559864
85.0708924	9.7647349
85.1542952	9.3192083
85.2376981	13.0612949
85.3211009	40.8601583
85.4045038	38.1137001
85.4879066	8.8734222
85.5713094	15.1768107
85.6547123	18.3468826
85.7381151	18.2827120
85.8215179	17.3968928
85.9049208	16.0409195
85.9883236	12.9559864
86.0717264	9.7647349
86.1551293	9.3192083
86.2385321	13.0612949
86.3219349	40.8601583
86.4053378	38.1137001
86.4887406	8.8734222
86.5721435	15.1768107
86.6555463	18.3468826
86.7389491	18.2827120
86.8223520	17.3968928
86.9057548	16.0409195
86.9891576	12.9559864
87.0725605	9.7647349
87.1559633	9.3192083
87.2393661	13.0612949
87.3227690	40.8601583
87.4061718	38.1137001
87.4895746	8.8734222
87.5729775	15.1768107
87.6563803	18.3468826
87.7397832	18.2827120
87.8231860	17.3968928
87.9065888	16.0409195
87.9899917	12.9559864
88.0733945	9.7647349
88.1567973	9.3192083
88.2402002	13.0612949
88.3236030	40.8601583
88.4070058	38.1137001
88.4904087	8.8734222
88.5738115	15.1768107
88.6572143	18.3468826
88.7406172	18.2827120
88.8240200	17.3968928
88.9074229	16.0409195
88.9908257	12.9559864
89.0742285	9.7647349
89.1576314	9.3192083
89.2410342	13.0612949
89.3244370	40.8601583
89.4078399	38.1137001
89.4912427	8.8734222
89.5746455	15.1768107
89.6580484	18.3468826
89.7414512	18.2827120
89.8248540	17.3968928
89.9082569	16.0409195
89.9916597	12.9559864
90.0750626	9.7647349
90.1584654	9.3192083
90.2418682	13.0612949
90.3252711	40.8601583
90.4086739	38.1137001
90.4920767	8.8734222
90.5754796	15.1768107
90.6588824	18.3468826
90.7422852	18.2827120
90.8256881	17.3968928
90.9090909	16.0409195
90.9924937	12.9559864
91.0758966	9.7647349
91.1592994	9.3192083
91.2427023	13.0612949
91.3261051	40.8601583
91.4095079	38.1137001
91.4929108	8.8734222
91.5763136	15.1768107
91.6597164	18.3468826
91.7431193	18.2827120
91.8265221	17.3968928
91.9099249	16.0409195
91.9933278	12.9559864
92.0767306	9.7647349
92.1601334	9.3192083
92.2435363	13.0612949
92.3269391	40.8601583
92.4103420	38.1137001
92.4937448	8.8734222
92.5771476	15.1768107
92.6605505	18.3468826
92.7439533	18.2827120
92.8273561	17.3968928
92.9107590	16.0409195
92.9941618	12.9559864
93.0775646	9.7647349
93.1609675	9.3192083
93.2443703	13.0612949
93.3277731	40.8601583
93.4111760	38.1137001
93.4945788	8.8734222
93.5779817	15.1768107
93.6613845	18.3468826
93.7447873	18.2827120
93.8281902	17.3968928
93.9115930	16.0409195
93.9949958	12.9559864
94.0783987	9.7647349
94.1618015	9.3192083
94.2452043	13.0612949
94.3286072	40.8601583
94.4120100	38.1137001
94.4954128	8.8734222
94.5788157	15.1768107
94.6622185	18.3468826
94.7456214	18.2827120
94.8290242	17.3968928
94.9124270	16.0409195
94.9958299	12.9559864
95.0792327	9.7647349
95.1626355	9.3192083
95.2460384	13.0612949
95.3294412	40.8601583
95.4128440	38.1137001
95.4962469	8.8734222
95.5796497	15.1768107
95.6630525	18.3468826
95.7464554	18.2827120
95.8298582	17.3968928
95.9132611	16.0409195
95.9966639	12.9559864
96.0800667	9.7647349
96.1634696	9.3192083
96.2468724	13.0612949
96.3302752	40.8601583
96.4136781	38.1137001
96.4970809	8.8734222
96.5804837	15.1768107
96.6638866	18.3468826
96.7472894	18.2827120
96.8306922	17.3968928
96.9140951	16.0409195
96.9974979	12.9559864
97.0809008	9.7647349
97.1643036	9.3192083
97.2477064	13.0612949
97.3311093	40.8601583
97.4145121	38.1137001
97.4979149	8.8734222
97.5813178	15.1768107
97.6647206	18.3468826
97.7481234	18.2827120
97.8315263	17.3968928
97.9149291	16.0409195
97.9983319	12.9559864
98.0817348	9.7647349
98.1651376	9.3192083
98.2485405	13.0612949
98.3319433	40.8601583
98.4153461	38.1137001
98.4987490	8.8734222
98.5821518	15.1768107
98.6655546	18.3468826
98.7489575	18.2827120
98.8323603	17.3968928
98.9157631	16.0409195
98.9991660	12.9559864
99.0825688	9.7647349
99.1659716	9.3192083
99.2493745	13.0612949
99.3327773	40.8601583
99.4161802	38.1137001
99.4995830	8.8734222
99.5829858	15.1768107
99.6663887	18.3468826
99.7497915	18.2827120
99.8331943	17.3968928
99.9165972	16.0409195
100.0000000	12.9559864
