# time(yr)	T(C)
0.0000000	-3.5869629
0.0834028	-8.5278511
0.1668057	-8.6038780
0.2502085	-2.4921799
0.3336113	10.9235764
0.4170142	19.7676640
0.5004170	24.1879196
0.5838198	29.1747589
0.6672227	28.9031219
0.7506255	22.6615772
0.8340284	14.0475588
0.9174312	4.7735839
1.0008340	-3.5869629
1.0842369	-8.5278511
1.1676397	-8.6038780
1.2510425	-2.4921799
1.3344454	10.9235764
1.4178482	19.7676640
1.5012510	24.1879196
1.5846539	29.1747589
1.6680567	28.9031219
1.7514595	22.6615772
1.8348624	14.0475588
1.9182652	4.7735839
2.0016681	-3.5869629
2.0850709	-8.5278511
2.1684737	-8.6038780
2.2518766	-2.4921799
2.3352794	10.9235764
2.4186822	19.7676640
2.5020851	24.1879196
2.5854879	29.1747589
2.6688907	28.9031219
2.7522936	22.6615772
2.8356964	14.0475588
2.9190992	4.7735839
3.0025021	-3.5869629
3.0859049	-8.5278511
3.1693078	-8.6038780
3.2527106	-2.4921799
3.3361134	10.9235764
3.4195163	19.7676640
3.5029191	24.1879196
3.5863219	29.1747589
3.6697248	28.9031219
3.7531276	22.6615772
3.8365304	14.0475588
3.9199333	4.7735839
4.0033361	-3.5869629
4.0867389	-8.5278511
4.1701418	-8.6038780
4.2535446	-2.4921799
4.3369475	10.9235764
4.4203503	19.7676640
4.5037531	24.1879196
4.5871560	29.1747589
4.6705588	28.9031219
4.7539616	22.6615772
4.8373645	14.0475588
4.9207673	4.7735839
5.0041701	-3.5869629
5.0875730	-8.5278511
5.1709758	-8.6038780
5.2543786	-2.4921799
5.3377815	10.9235764
5.4211843	19.7676640
5.5045872	24.1879196
5.5879900	29.1747589
5.6713928	28.9031219
5.7547957	22.6615772
5.8381985	14.0475588
5.9216013	4.7735839
6.0050042	-3.5869629
6.0884070	-8.5278511
6.1718098	-8.6038780
6.2552127	-2.4921799
6.3386155	10.9235764
6.4220183	19.7676640
6.5054212	24.1879196
6.5888240	29.1747589
6.6722269	28.9031219
6.7556297	22.6615772
6.8390325	14.0475588
6.9224354	4.7735839
7.0058382	-3.5869629
7.0892410	-8.5278511
7.1726439	-8.6038780
7.2560467	-2.4921799
7.3394495	10.9235764
7.4228524	19.7676640
7.5062552	24.1879196
7.5896580	29.1747589
7.6730609	28.9031219
7.7564637	22.6615772
7.8398666	14.0475588
7.9232694	4.7735839
8.0066722	-3.5869629
8.0900751	-8.5278511
8.1734779	-8.6038780
8.2568807	-2.4921799
8.3402836	10.9235764
8.4236864	19.7676640
8.5070892	24.1879196
8.5904921	29.1747589
8.6738949	28.9031219
8.7572977	22.6615772
8.8407006	14.0475588
8.9241034	4.7735839
9.0075063	-3.5869629
9.0909091	-8.5278511
9.1743119	-8.6038780
9.2577148	-2.4921799
9.3411176	10.9235764
9.4245204	19.7676640
9.5079233	24.1879196
9.5913261	29.1747589
9.6747289	28.9031219
9.7581318	22.6615772
9.8415346	14.0475588
9.9249374	4.7735839
10.0083403	-3.5869629
10.0917431	-8.5278511
10.1751460	-8.6038780
10.2585488	-2.4921799
10.3419516	10.9235764
10.4253545	19.7676640
10.5087573	24.1879196
10.5921601	29.1747589
10.6755630	28.9031219
10.7589658	22.6615772
10.8423686	14.0475588
10.9257715	4.7735839
11.0091743	-3.5869629
11.0925771	-8.5278511
11.1759800	-8.6038780
11.2593828	-2.4921799
11.3427857	10.9235764
11.4261885	19.7676640
11.5095913	24.1879196
11.5929942	29.1747589
11.6763970	28.9031219
11.7597998	22.6615772
11.8432027	14.0475588
11.9266055	4.7735839
12.0100083	-3.5869629
12.0934112	-8.5278511
12.1768140	-8.6038780
12.2602168	-2.4921799
12.3436197	10.9235764
12.4270225	19.7676640
12.5104254	24.1879196
12.5938282	29.1747589
12.6772310	28.9031219
12.7606339	22.6615772
12.8440367	14.0475588
12.9274395	4.7735839
13.0108424	-3.5869629
13.0942452	-8.5278511
13.1776480	-8.6038780
13.2610509	-2.4921799
13.3444537	10.9235764
13.4278565	19.7676640
13.5112594	24.1879196
13.5946622	29.1747589
13.6780651	28.9031219
13.7614679	22.6615772
13.8448707	14.0475588
13.9282736	4.7735839
14.0116764	-3.5869629
14.0950792	-8.5278511
14.1784821	-8.6038780
14.2618849	-2.4921799
14.3452877	10.9235764
14.4286906	19.7676640
14.5120934	24.1879196
14.5954962	29.1747589
14.6788991	28.9031219
14.7623019	22.6615772
14.8457048	14.0475588
14.9291076	4.7735839
15.0125104	-3.5869629
15.0959133	-8.5278511
15.1793161	-8.6038780
15.2627189	-2.4921799
15.3461218	10.9235764
15.4295246	19.7676640
15.5129274	24.1879196
15.5963303	29.1747589
15.6797331	28.9031219
15.7631359	22.6615772
15.8465388	14.0475588
15.9299416	4.7735839
16.0133445	-3.5869629
16.0967473	-8.5278511
16.1801501	-8.6038780
16.2635530	-2.4921799
16.3469558	10.9235764
16.4303586	19.7676640
16.5137615	24.1879196
16.5971643	29.1747589
16.6805671	28.9031219
16.7639700	22.6615772
16.8473728	14.0475588
16.9307756	4.7735839
17.0141785	-3.5869629
17.0975813	-8.5278511
17.1809842	-8.6038780
17.2643870	-2.4921799
17.3477898	10.9235764
17.4311927	19.7676640
17.5145955	24.1879196
17.5979983	29.1747589
17.6814012	28.9031219
17.7648040	22.6615772
17.8482068	14.0475588
17.9316097	4.7735839
18.0150125	-3.5869629
18.0984153	-8.5278511
18.1818182	-8.6038780
18.2652210	-2.4921799
18.3486239	10.9235764
18.4320267	19.7676640
18.5154295	24.1879196
18.5988324	29.1747589
18.6822352	28.9031219
18.7656380	22.6615772
18.8490409	14.0475588
18.9324437	4.7735839
19.0158465	-3.5869629
19.0992494	-8.5278511
19.1826522	-8.6038780
19.2660550	-2.4921799
19.3494579	10.9235764
19.4328607	19.7676640
19.5162636	24.1879196
19.5996664	29.1747589
19.6830692	28.9031219
19.7664721	22.6615772
19.8498749	14.0475588
19.9332777	4.7735839
20.0166806	-3.5869629
20.1000834	-8.5278511
20.1834862	-8.6038780
20.2668891	-2.4921799
20.3502919	10.9235764
20.4336947	19.7676640
20.5170976	24.1879196
20.6005004	29.1747589
20.6839033	28.9031219
20.7673061	22.6615772
20.8507089	14.0475588
20.9341118	4.7735839
21.0175146	-3.5869629
21.1009174	-8.5278511
21.1843203	-8.6038780
21.2677231	-2.4921799
21.3511259	10.9235764
21.4345288	19.7676640
21.5179316	24.1879196
21.6013344	29.1747589
21.6847373	28.9031219
21.7681401	22.6615772
21.8515430	14.0475588
21.9349458	4.7735839
22.0183486	-3.5869629
22.1017515	-8.5278511
22.1851543	-8.6038780
22.2685571	-2.4921799
22.3519600	10.9235764
22.4353628	19.7676640
22.5187656	24.1879196
22.6021685	29.1747589
22.6855713	28.9031219
22.7689741	22.6615772
22.8523770	14.0475588
22.9357798	4.7735839
23.0191827	-3.5869629
23.1025855	-8.5278511
23.1859883	-8.6038780
23.2693912	-2.4921799
23.3527940	10.9235764
23.4361968	19.7676640
23.5195997	24.1879196
23.6030025	29.1747589
23.6864053	28.9031219
23.7698082	22.6615772
23.8532110	14.0475588
23.9366138	4.7735839
24.0200167	-3.5869629
24.1034195	-8.5278511
24.1868224	-8.6038780
24.2702252	-2.4921799
24.3536280	10.9235764
24.4370309	19.7676640
24.5204337	24.1879196
24.6038365	29.1747589
24.6872394	28.9031219
24.7706422	22.6615772
24.8540450	14.0475588
24.9374479	4.7735839
25.0208507	-3.5869629
25.1042535	-8.5278511
25.1876564	-8.6038780
25.2710592	-2.4921799
25.3544621	10.9235764
25.4378649	19.7676640
25.5212677	24.1879196
25.6046706	29.1747589
25.6880734	28.9031219
25.7714762	22.6615772
25.8548791	14.0475588
25.9382819	4.7735839
26.0216847	-3.5869629
26.1050876	-8.5278511
26.1884904	-8.6038780
26.2718932	-2.4921799
26.3552961	10.9235764
26.4386989	19.7676640
26.5221018	24.1879196
26.6055046	29.1747589
26.6889074	28.9031219
26.7723103	22.6615772
26.8557131	14.0475588
26.9391159	4.7735839
27.0225188	-3.5869629
27.1059216	-8.5278511
27.1893244	-8.6038780
27.2727273	-2.4921799
27.3561301	10.9235764
27.4395329	19.7676640
27.5229358	24.1879196
27.6063386	29.1747589
27.6897415	28.9031219
27.7731443	22.6615772
27.8565471	14.0475588
27.9399500	4.7735839
28.0233528	-3.5869629
28.1067556	-8.5278511
28.1901585	-8.6038780
28.2735613	-2.4921799
28.3569641	10.9235764
28.4403670	19.7676640
28.5237698	24.1879196
28.6071726	29.1747589
28.6905755	28.9031219
28.7739783	22.6615772
28.8573812	14.0475588
28.9407840	4.7735839
29.0241868	-3.5869629
29.1075897	-8.5278511
29.1909925	-8.6038780
29.2743953	-2.4921799
29.3577982	10.9235764
29.4412010	19.7676640
29.5246038	24.1879196
29.6080067	29.1747589
29.6914095	28.9031219
29.7748123	22.6615772
29.8582152	14.0475588
29.9416180	4.7735839
30.0250209	-3.5869629
30.1084237	-8.5278511
30.1918265	-8.6038780
30.2752294	-2.4921799
30.3586322	10.9235764
30.4420350	19.7676640
30.5254379	24.1879196
30.6088407	29.1747589
30.6922435	28.9031219
30.7756464	22.6615772
30.8590492	14.0475588
30.9424520	4.7735839
31.0258549	-3.5869629
31.1092577	-8.5278511
31.1926606	-8.6038780
31.2760634	-2.4921799
31.3594662	10.9235764
31.4428691	19.7676640
31.5262719	24.1879196
31.6096747	29.1747589
31.6930776	28.9031219
31.7764804	22.6615772
31.8598832	14.0475588
31.9432861	4.7735839
32.0266889	-3.5869629
32.1100917	-8.5278511
32.1934946	-8.6038780
32.2768974	-2.4921799
32.3603003	10.9235764
32.4437031	19.7676640
32.5271059	24.1879196
32.6105088	29.1747589
32.6939116	28.9031219
32.7773144	22.6615772
32.8607173	14.0475588
32.9441201	4.7735839
33.0275229	-3.5869629
33.1109258	-8.5278511
33.1943286	-8.6038780
33.2777314	-2.4921799
33.3611343	10.9235764
33.4445371	19.7676640
33.5279399	24.1879196
33.6113428	29.1747589
33.6947456	28.9031219
33.7781485	22.6615772
33.8615513	14.0475588
33.9449541	4.7735839
34.0283570	-3.5869629
34.1117598	-8.5278511
34.1951626	-8.6038780
34.2785655	-2.4921799
34.3619683	10.9235764
34.4453711	19.7676640
34.5287740	24.1879196
34.6121768	29.1747589
34.6955796	28.9031219
34.7789825	22.6615772
34.8623853	14.0475588
34.9457882	4.7735839
35.0291910	-3.5869629
35.1125938	-8.5278511
35.1959967	-8.6038780
35.2793995	-2.4921799
35.3628023	10.9235764
35.4462052	19.7676640
35.5296080	24.1879196
35.6130108	29.1747589
35.6964137	28.9031219
35.7798165	22.6615772
35.8632193	14.0475588
35.9466222	4.7735839
36.0300250	-3.5869629
36.1134279	-8.5278511
36.1968307	-8.6038780
36.2802335	-2.4921799
36.3636364	10.9235764
36.4470392	19.7676640
36.5304420	24.1879196
36.6138449	29.1747589
36.6972477	28.9031219
36.7806505	22.6615772
36.8640534	14.0475588
36.9474562	4.7735839
37.0308590	-3.5869629
37.1142619	-8.5278511
37.1976647	-8.6038780
37.2810676	-2.4921799
37.3644704	10.9235764
37.4478732	19.7676640
37.5312761	24.1879196
37.6146789	29.1747589
37.6980817	28.9031219
37.7814846	22.6615772
37.8648874	14.0475588
37.9482902	4.7735839
38.0316931	-3.5869629
38.1150959	-8.5278511
38.1984987	-8.6038780
38.2819016	-2.4921799
38.3653044	10.9235764
38.4487073	19.7676640
38.5321101	24.1879196
38.6155129	29.1747589
38.6989158	28.9031219
38.7823186	22.6615772
38.8657214	14.0475588
38.9491243	4.7735839
39.0325271	-3.5869629
39.1159299	-8.5278511
39.1993328	-8.6038780
39.2827356	-2.4921799
39.3661384	10.9235764
39.4495413	19.7676640
39.5329441	24.1879196
39.6163470	29.1747589
39.6997498	28.9031219
39.7831526	22.6615772
39.8665555	14.0475588
39.9499583	4.7735839
40.0333611	-3.5869629
40.1167640	-8.5278511
40.2001668	-8.6038780
40.2835696	-2.4921799
40.3669725	10.9235764
40.4503753	19.7676640
40.5337781	24.1879196
40.6171810	29.1747589
40.7005838	28.9031219
40.7839867	22.6615772
40.8673895	14.0475588
40.9507923	4.7735839
41.0341952	-3.5869629
41.1175980	-8.5278511
41.2010008	-8.6038780
41.2844037	-2.4921799
41.3678065	10.9235764
41.4512093	19.7676640
41.5346122	24.1879196
41.6180150	29.1747589
41.7014178	28.9031219
41.7848207	22.6615772
41.8682235	14.0475588
41.9516264	4.7735839
42.0350292	-3.5869629
42.1184320	-8.5278511
42.2018349	-8.6038780
42.2852377	-2.4921799
42.3686405	10.9235764
42.4520434	19.7676640
42.5354462	24.1879196
42.6188490	29.1747589
42.7022519	28.9031219
42.7856547	22.6615772
42.8690575	14.0475588
42.9524604	4.7735839
43.0358632	-3.5869629
43.1192661	-8.5278511
43.2026689	-8.6038780
43.2860717	-2.4921799
43.3694746	10.9235764
43.4528774	19.7676640
43.5362802	24.1879196
43.6196831	29.1747589
43.7030859	28.9031219
43.7864887	22.6615772
43.8698916	14.0475588
43.9532944	4.7735839
44.0366972	-3.5869629
44.1201001	-8.5278511
44.2035029	-8.6038780
44.2869058	-2.4921799
44.3703086	10.9235764
44.4537114	19.7676640
44.5371143	24.1879196
44.6205171	29.1747589
44.7039199	28.9031219
44.7873228	22.6615772
44.8707256	14.0475588
44.9541284	4.7735839
45.0375313	-3.5869629
45.1209341	-8.5278511
45.2043369	-8.6038780
45.2877398	-2.4921799
45.3711426	10.9235764
45.4545455	19.7676640
45.5379483	24.1879196
45.6213511	29.1747589
45.7047540	28.9031219
45.7881568	22.6615772
45.8715596	14.0475588
45.9549625	4.7735839
46.0383653	-3.5869629
46.1217681	-8.5278511
46.2051710	-8.6038780
46.2885738	-2.4921799
46.3719766	10.9235764
46.4553795	19.7676640
46.5387823	24.1879196
46.6221852	29.1747589
46.7055880	28.9031219
46.7889908	22.6615772
46.8723937	14.0475588
46.9557965	4.7735839
47.0391993	-3.5869629
47.1226022	-8.5278511
47.2060050	-8.6038780
47.2894078	-2.4921799
47.3728107	10.9235764
47.4562135	19.7676640
47.5396163	24.1879196
47.6230192	29.1747589
47.7064220	28.9031219
47.7898249	22.6615772
47.8732277	14.0475588
47.9566305	4.7735839
48.0400334	-3.5869629
48.1234362	-8.5278511
48.2068390	-8.6038780
48.2902419	-2.4921799
48.3736447	10.9235764
48.4570475	19.7676640
48.5404504	24.1879196
48.6238532	29.1747589
48.7072560	28.9031219
48.7906589	22.6615772
48.8740617	14.0475588
48.9574646	4.7735839
49.0408674	-3.5869629
49.1242702	-8.5278511
49.2076731	-8.6038780
49.2910759	-2.4921799
49.3744787	10.9235764
49.4578816	19.7676640
49.5412844	24.1879196
49.6246872	29.1747589
49.7080901	28.9031219
49.7914929	22.6615772
49.8748957	14.0475588
49.9582986	4.7735839
50.0417014	-3.5869629
50.1251043	-8.5278511
50.2085071	-8.6038780
50.2919099	-2.4921799
50.3753128	10.9235764
50.4587156	19.7676640
50.5421184	24.1879196
50.6255213	29.1747589
50.7089241	28.9031219
50.7923269	22.6615772
50.8757298	14.0475588
50.9591326	4.7735839
51.0425354	-3.5869629
51.1259383	-8.5278511
51.2093411	-8.6038780
51.2927440	-2.4921799
51.3761468	10.9235764
51.4595496	19.7676640
51.5429525	24.1879196
51.6263553	29.1747589
51.7097581	28.9031219
51.7931610	22.6615772
51.8765638	14.0475588
51.9599666	4.7735839
52.0433695	-3.5869629
52.1267723	-8.5278511
52.2101751	-8.6038780
52.2935780	-2.4921799
52.3769808	10.9235764
52.4603837	19.7676640
52.5437865	24.1879196
52.6271893	29.1747589
52.7105922	28.9031219
52.7939950	22.6615772
52.8773978	14.0475588
52.9608007	4.7735839
53.0442035	-3.5869629
53.1276063	-8.5278511
53.2110092	-8.6038780
53.2944120	-2.4921799
53.3778148	10.9235764
53.4612177	19.7676640
53.5446205	24.1879196
53.6280234	29.1747589
53.7114262	28.9031219
53.7948290	22.6615772
53.8782319	14.0475588
53.9616347	4.7735839
54.0450375	-3.5869629
54.1284404	-8.5278511
54.2118432	-8.6038780
54.2952460	-2.4921799
54.3786489	10.9235764
54.4620517	19.7676640
54.5454545	24.1879196
54.6288574	29.1747589
54.7122602	28.9031219
54.7956631	22.6615772
54.8790659	14.0475588
54.9624687	4.7735839
55.0458716	-3.5869629
55.1292744	-8.5278511
55.2126772	-8.6038780
55.2960801	-2.4921799
55.3794829	10.9235764
55.4628857	19.7676640
55.5462886	24.1879196
55.6296914	29.1747589
55.7130942	28.9031219
55.7964971	22.6615772
55.8798999	14.0475588
55.9633028	4.7735839
56.0467056	-3.5869629
56.1301084	-8.5278511
56.2135113	-8.6038780
56.2969141	-2.4921799
56.3803169	10.9235764
56.4637198	19.7676640
56.5471226	24.1879196
56.6305254	29.1747589
56.7139283	28.9031219
56.7973311	22.6615772
56.8807339	14.0475588
56.9641368	4.7735839
57.0475396	-3.5869629
57.1309425	-8.5278511
57.2143453	-8.6038780
57.2977481	-2.4921799
57.3811510	10.9235764
57.4645538	19.7676640
57.5479566	24.1879196
57.6313595	29.1747589
57.7147623	28.9031219
57.7981651	22.6615772
57.8815680	14.0475588
57.9649708	4.7735839
58.0483736	-3.5869629
58.1317765	-8.5278511
58.2151793	-8.6038780
58.2985822	-2.4921799
58.3819850	10.9235764
58.4653878	19.7676640
58.5487907	24.1879196
58.6321935	29.1747589
58.7155963	28.9031219
58.7989992	22.6615772
58.8824020	14.0475588
58.9658048	4.7735839
59.0492077	-3.5869629
59.1326105	-8.5278511
59.2160133	-8.6038780
59.2994162	-2.4921799
59.3828190	10.9235764
59.4662219	19.7676640
59.5496247	24.1879196
59.6330275	29.1747589
59.7164304	28.9031219
59.7998332	22.6615772
59.8832360	14.0475588
59.9666389	4.7735839
60.0500417	-3.5869629
60.1334445	-8.5278511
60.2168474	-8.6038780
60.3002502	-2.4921799
60.3836530	10.9235764
60.4670559	19.7676640
60.5504587	24.1879196
60.6338616	29.1747589
60.7172644	28.9031219
60.8006672	22.6615772
60.8840701	14.0475588
60.9674729	4.7735839
61.0508757	-3.5869629
61.1342786	-8.5278511
61.2176814	-8.6038780
61.3010842	-2.4921799
61.3844871	10.9235764
61.4678899	19.7676640
61.5512927	24.1879196
61.6346956	29.1747589
61.7180984	28.9031219
61.8015013	22.6615772
61.8849041	14.0475588
61.9683069	4.7735839
62.0517098	-3.5869629
62.1351126	-8.5278511
62.2185154	-8.6038780
62.3019183	-2.4921799
62.3853211	10.9235764
62.4687239	19.7676640
62.5521268	24.1879196
62.6355296	29.1747589
62.7189324	28.9031219
62.8023353	22.6615772
62.8857381	14.0475588
62.9691410	4.7735839
63.0525438	-3.5869629
63.1359466	-8.5278511
63.2193495	-8.6038780
63.3027523	-2.4921799
63.3861551	10.9235764
63.4695580	19.7676640
63.5529608	24.1879196
63.6363636	29.1747589
63.7197665	28.9031219
63.8031693	22.6615772
63.8865721	14.0475588
63.9699750	4.7735839
64.0533778	-3.5869629
64.1367807	-8.5278511
64.2201835	-8.6038780
64.3035863	-2.4921799
64.3869892	10.9235764
64.4703920	19.7676640
64.5537948	24.1879196
64.6371977	29.1747589
64.7206005	28.9031219
64.8040033	22.6615772
64.8874062	14.0475588
64.9708090	4.7735839
65.0542118	-3.5869629
65.1376147	-8.5278511
65.2210175	-8.6038780
65.3044204	-2.4921799
65.3878232	10.9235764
65.4712260	19.7676640
65.5546289	24.1879196
65.6380317	29.1747589
65.7214345	28.9031219
65.8048374	22.6615772
65.8882402	14.0475588
65.9716430	4.7735839
66.0550459	-3.5869629
66.1384487	-8.5278511
66.2218515	-8.6038780
66.3052544	-2.4921799
66.3886572	10.9235764
66.4720601	19.7676640
66.5554629	24.1879196
66.6388657	29.1747589
66.7222686	28.9031219
66.8056714	22.6615772
66.8890742	14.0475588
66.9724771	4.7735839
67.0558799	-3.5869629
67.1392827	-8.5278511
67.2226856	-8.6038780
67.3060884	-2.4921799
67.3894912	10.9235764
67.4728941	19.7676640
67.5562969	24.1879196
67.6396997	29.1747589
67.7231026	28.9031219
67.8065054	22.6615772
67.8899083	14.0475588
67.9733111	4.7735839
68.0567139	-3.5869629
68.1401168	-8.5278511
68.2235196	-8.6038780
68.3069224	-2.4921799
68.3903253	10.9235764
68.4737281	19.7676640
68.5571309	24.1879196
68.6405338	29.1747589
68.7239366	28.9031219
68.8073394	22.6615772
68.8907423	14.0475588
68.9741451	4.7735839
69.0575480	-3.5869629
69.1409508	-8.5278511
69.2243536	-8.6038780
69.3077565	-2.4921799
69.3911593	10.9235764
69.4745621	19.7676640
69.5579650	24.1879196
69.6413678	29.1747589
69.7247706	28.9031219
69.8081735	22.6615772
69.8915763	14.0475588
69.9749791	4.7735839
70.0583820	-3.5869629
70.1417848	-8.5278511
70.2251877	-8.6038780
70.3085905	-2.4921799
70.3919933	10.9235764
70.4753962	19.7676640
70.5587990	24.1879196
70.6422018	29.1747589
70.7256047	28.9031219
70.8090075	22.6615772
70.8924103	14.0475588
70.9758132	4.7735839
71.0592160	-3.5869629
71.1426188	-8.5278511
71.2260217	-8.6038780
71.3094245	-2.4921799
71.3928274	10.9235764
71.4762302	19.7676640
71.5596330	24.1879196
71.6430359	29.1747589
71.7264387	28.9031219
71.8098415	22.6615772
71.8932444	14.0475588
71.9766472	4.7735839
72.0600500	-3.5869629
72.1434529	-8.5278511
72.2268557	-8.6038780
72.3102585	-2.4921799
72.3936614	10.9235764
72.4770642	19.7676640
72.5604671	24.1879196
72.6438699	29.1747589
72.7272727	28.9031219
72.8106756	22.6615772
72.8940784	14.0475588
72.9774812	4.7735839
73.0608841	-3.5869629
73.1442869	-8.5278511
73.2276897	-8.6038780
73.3110926	-2.4921799
73.3944954	10.9235764
73.4778982	19.7676640
73.5613011	24.1879196
73.6447039	29.1747589
73.7281068	28.9031219
73.8115096	22.6615772
73.8949124	14.0475588
73.9783153	4.7735839
74.0617181	-3.5869629
74.1451209	-8.5278511
74.2285238	-8.6038780
74.3119266	-2.4921799
74.3953294	10.9235764
74.4787323	19.7676640
74.5621351	24.1879196
74.6455379	29.1747589
74.7289408	28.9031219
74.8123436	22.6615772
74.8957465	14.0475588
74.9791493	4.7735839
75.0625521	-3.5869629
75.1459550	-8.5278511
75.2293578	-8.6038780
75.3127606	-2.4921799
75.3961635	10.9235764
75.4795663	19.7676640
75.5629691	24.1879196
75.6463720	29.1747589
75.7297748	28.9031219
75.8131776	22.6615772
75.8965805	14.0475588
75.9799833	4.7735839
76.0633862	-3.5869629
76.1467890	-8.5278511
76.2301918	-8.6038780
76.3135947	-2.4921799
76.3969975	10.9235764
76.4804003	19.7676640
76.5638032	24.1879196
76.6472060	29.1747589
76.7306088	28.9031219
76.8140117	22.6615772
76.8974145	14.0475588
76.9808173	4.7735839
77.0642202	-3.5869629
77.1476230	-8.5278511
77.2310259	-8.6038780
77.3144287	-2.4921799
77.3978315	10.9235764
77.4812344	19.7676640
77.5646372	24.1879196
77.6480400	29.1747589
77.7314429	28.9031219
77.8148457	22.6615772
77.8982485	14.0475588
77.9816514	4.7735839
78.0650542	-3.5869629
78.1484570	-8.5278511
78.2318599	-8.6038780
78.3152627	-2.4921799
78.3986656	10.9235764
78.4820684	19.7676640
78.5654712	24.1879196
78.6488741	29.1747589
78.7322769	28.9031219
78.8156797	22.6615772
78.8990826	14.0475588
78.9824854	4.7735839
79.0658882	-3.5869629
79.1492911	-8.5278511
79.2326939	-8.6038780
79.3160967	-2.4921799
79.3994996	10.9235764
79.4829024	19.7676640
79.5663053	24.1879196
79.6497081	29.1747589
79.7331109	28.9031219
79.8165138	22.6615772
79.8999166	14.0475588
79.9833194	4.7735839
80.0667223	-3.5869629
80.1501251	-8.5278511
80.2335279	-8.6038780
80.3169308	-2.4921799
80.4003336	10.9235764
80.4837364	19.7676640
80.5671393	24.1879196
80.6505421	29.1747589
80.7339450	28.9031219
80.8173478	22.6615772
80.9007506	14.0475588
80.9841535	4.7735839
81.0675563	-3.5869629
81.1509591	-8.5278511
81.2343620	-8.6038780
81.3177648	-2.4921799
81.4011676	10.9235764
81.4845705	19.7676640
81.5679733	24.1879196
81.6513761	29.1747589
81.7347790	28.9031219
81.8181818	22.6615772
81.9015847	14.0475588
81.9849875	4.7735839
82.0683903	-3.5869629
82.1517932	-8.5278511
82.2351960	-8.6038780
82.3185988	-2.4921799
82.4020017	10.9235764
82.4854045	19.7676640
82.5688073	24.1879196
82.6522102	29.1747589
82.7356130	28.9031219
82.8190158	22.6615772
82.9024187	14.0475588
82.9858215	4.7735839
83.0692244	-3.5869629
83.1526272	-8.5278511
83.2360300	-8.6038780
83.3194329	-2.4921799
83.4028357	10.9235764
83.4862385	19.7676640
83.5696414	24.1879196
83.6530442	29.1747589
83.7364470	28.9031219
83.8198499	22.6615772
83.9032527	14.0475588
83.9866555	4.7735839
84.0700584	-3.5869629
84.1534612	-8.5278511
84.2368641	-8.6038780
84.3202669	-2.4921799
84.4036697	10.9235764
84.4870726	19.7676640
84.5704754	24.1879196
84.6538782	29.1747589
84.7372811	28.9031219
84.8206839	22.6615772
84.9040867	14.0475588
84.9874896	4.7735839
85.0708924	-3.5869629
85.1542952	-8.5278511
85.2376981	-8.6038780
85.3211009	-2.4921799
85.4045038	10.9235764
85.4879066	19.7676640
85.5713094	24.1879196
85.6547123	29.1747589
85.7381151	28.9031219
85.8215179	22.6615772
85.9049208	14.0475588
85.9883236	4.7735839
86.0717264	-3.5869629
86.1551293	-8.5278511
86.2385321	-8.6038780
86.3219349	-2.4921799
86.4053378	10.9235764
86.4887406	19.7676640
86.5721435	24.1879196
86.6555463	29.1747589
86.7389491	28.9031219
86.8223520	22.6615772
86.9057548	14.0475588
86.9891576	4.7735839
87.0725605	-3.5869629
87.1559633	-8.5278511
87.2393661	-8.6038780
87.3227690	-2.4921799
87.4061718	10.9235764
87.4895746	19.7676640
87.5729775	24.1879196
87.6563803	29.1747589
87.7397832	28.9031219
87.8231860	22.6615772
87.9065888	14.0475588
87.9899917	4.7735839
88.0733945	-3.5869629
88.1567973	-8.5278511
88.2402002	-8.6038780
88.3236030	-2.4921799
88.4070058	10.9235764
88.4904087	19.7676640
88.5738115	24.1879196
88.6572143	29.1747589
88.7406172	28.9031219
88.8240200	22.6615772
88.9074229	14.0475588
88.9908257	4.7735839
89.0742285	-3.5869629
89.1576314	-8.5278511
89.2410342	-8.6038780
89.3244370	-2.4921799
89.4078399	10.9235764
89.4912427	19.7676640
89.5746455	24.1879196
89.6580484	29.1747589
89.7414512	28.9031219
89.8248540	22.6615772
89.9082569	14.0475588
89.9916597	4.7735839
90.0750626	-3.5869629
90.1584654	-8.5278511
90.2418682	-8.6038780
90.3252711	-2.4921799
90.4086739	10.9235764
90.4920767	19.7676640
90.5754796	24.1879196
90.6588824	29.1747589
90.7422852	28.9031219
90.8256881	22.6615772
90.9090909	14.0475588
90.9924937	4.7735839
91.0758966	-3.5869629
91.1592994	-8.5278511
91.2427023	-8.6038780
91.3261051	-2.4921799
91.4095079	10.9235764
91.4929108	19.7676640
91.5763136	24.1879196
91.6597164	29.1747589
91.7431193	28.9031219
91.8265221	22.6615772
91.9099249	14.0475588
91.9933278	4.7735839
92.0767306	-3.5869629
92.1601334	-8.5278511
92.2435363	-8.6038780
92.3269391	-2.4921799
92.4103420	10.9235764
92.4937448	19.7676640
92.5771476	24.1879196
92.6605505	29.1747589
92.7439533	28.9031219
92.8273561	22.6615772
92.9107590	14.0475588
92.9941618	4.7735839
93.0775646	-3.5869629
93.1609675	-8.5278511
93.2443703	-8.6038780
93.3277731	-2.4921799
93.4111760	10.9235764
93.4945788	19.7676640
93.5779817	24.1879196
93.6613845	29.1747589
93.7447873	28.9031219
93.8281902	22.6615772
93.9115930	14.0475588
93.9949958	4.7735839
94.0783987	-3.5869629
94.1618015	-8.5278511
94.2452043	-8.6038780
94.3286072	-2.4921799
94.4120100	10.9235764
94.4954128	19.7676640
94.5788157	24.1879196
94.6622185	29.1747589
94.7456214	28.9031219
94.8290242	22.6615772
94.9124270	14.0475588
94.9958299	4.7735839
95.0792327	-3.5869629
95.1626355	-8.5278511
95.2460384	-8.6038780
95.3294412	-2.4921799
95.4128440	10.9235764
95.4962469	19.7676640
95.5796497	24.1879196
95.6630525	29.1747589
95.7464554	28.9031219
95.8298582	22.6615772
95.9132611	14.0475588
95.9966639	4.7735839
96.0800667	-3.5869629
96.1634696	-8.5278511
96.2468724	-8.6038780
96.3302752	-2.4921799
96.4136781	10.9235764
96.4970809	19.7676640
96.5804837	24.1879196
96.6638866	29.1747589
96.7472894	28.9031219
96.8306922	22.6615772
96.9140951	14.0475588
96.9974979	4.7735839
97.0809008	-3.5869629
97.1643036	-8.5278511
97.2477064	-8.6038780
97.3311093	-2.4921799
97.4145121	10.9235764
97.4979149	19.7676640
97.5813178	24.1879196
97.6647206	29.1747589
97.7481234	28.9031219
97.8315263	22.6615772
97.9149291	14.0475588
97.9983319	4.7735839
98.0817348	-3.5869629
98.1651376	-8.5278511
98.2485405	-8.6038780
98.3319433	-2.4921799
98.4153461	10.9235764
98.4987490	19.7676640
98.5821518	24.1879196
98.6655546	29.1747589
98.7489575	28.9031219
98.8323603	22.6615772
98.9157631	14.0475588
98.9991660	4.7735839
99.0825688	-3.5869629
99.1659716	-8.5278511
99.2493745	-8.6038780
99.3327773	-2.4921799
99.4161802	10.9235764
99.4995830	19.7676640
99.5829858	24.1879196
99.6663887	29.1747589
99.7497915	28.9031219
99.8331943	22.6615772
99.9165972	14.0475588
100.0000000	4.7735839
