# time(yr)	moisture(mm/m)
0.0000000	329.4638977
0.0834028	356.7240295
0.1668057	361.9532776
0.2502085	374.2863159
0.3336113	360.9108582
0.4170142	314.2329407
0.5004170	284.7305603
0.5838198	246.5569458
0.6672227	217.6235199
0.7506255	227.4266815
0.8340284	262.3631897
0.9174312	297.7137756
1.0008340	329.4638977
1.0842369	356.7240295
1.1676397	361.9532776
1.2510425	374.2863159
1.3344454	360.9108582
1.4178482	314.2329407
1.5012510	284.7305603
1.5846539	246.5569458
1.6680567	217.6235199
1.7514595	227.4266815
1.8348624	262.3631897
1.9182652	297.7137756
2.0016681	329.4638977
2.0850709	356.7240295
2.1684737	361.9532776
2.2518766	374.2863159
2.3352794	360.9108582
2.4186822	314.2329407
2.5020851	284.7305603
2.5854879	246.5569458
2.6688907	217.6235199
2.7522936	227.4266815
2.8356964	262.3631897
2.9190992	297.7137756
3.0025021	329.4638977
3.0859049	356.7240295
3.1693078	361.9532776
3.2527106	374.2863159
3.3361134	360.9108582
3.4195163	314.2329407
3.5029191	284.7305603
3.5863219	246.5569458
3.6697248	217.6235199
3.7531276	227.4266815
3.8365304	262.3631897
3.9199333	297.7137756
4.0033361	329.4638977
4.0867389	356.7240295
4.1701418	361.9532776
4.2535446	374.2863159
4.3369475	360.9108582
4.4203503	314.2329407
4.5037531	284.7305603
4.5871560	246.5569458
4.6705588	217.6235199
4.7539616	227.4266815
4.8373645	262.3631897
4.9207673	297.7137756
5.0041701	329.4638977
5.0875730	356.7240295
5.1709758	361.9532776
5.2543786	374.2863159
5.3377815	360.9108582
5.4211843	314.2329407
5.5045872	284.7305603
5.5879900	246.5569458
5.6713928	217.6235199
5.7547957	227.4266815
5.8381985	262.3631897
5.9216013	297.7137756
6.0050042	329.4638977
6.0884070	356.7240295
6.1718098	361.9532776
6.2552127	374.2863159
6.3386155	360.9108582
6.4220183	314.2329407
6.5054212	284.7305603
6.5888240	246.5569458
6.6722269	217.6235199
6.7556297	227.4266815
6.8390325	262.3631897
6.9224354	297.7137756
7.0058382	329.4638977
7.0892410	356.7240295
7.1726439	361.9532776
7.2560467	374.2863159
7.3394495	360.9108582
7.4228524	314.2329407
7.5062552	284.7305603
7.5896580	246.5569458
7.6730609	217.6235199
7.7564637	227.4266815
7.8398666	262.3631897
7.9232694	297.7137756
8.0066722	329.4638977
8.0900751	356.7240295
8.1734779	361.9532776
8.2568807	374.2863159
8.3402836	360.9108582
8.4236864	314.2329407
8.5070892	284.7305603
8.5904921	246.5569458
8.6738949	217.6235199
8.7572977	227.4266815
8.8407006	262.3631897
8.9241034	297.7137756
9.0075063	329.4638977
9.0909091	356.7240295
9.1743119	361.9532776
9.2577148	374.2863159
9.3411176	360.9108582
9.4245204	314.2329407
9.5079233	284.7305603
9.5913261	246.5569458
9.6747289	217.6235199
9.7581318	227.4266815
9.8415346	262.3631897
9.9249374	297.7137756
10.0083403	329.4638977
10.0917431	356.7240295
10.1751460	361.9532776
10.2585488	374.2863159
10.3419516	360.9108582
10.4253545	314.2329407
10.5087573	284.7305603
10.5921601	246.5569458
10.6755630	217.6235199
10.7589658	227.4266815
10.8423686	262.3631897
10.9257715	297.7137756
11.0091743	329.4638977
11.0925771	356.7240295
11.1759800	361.9532776
11.2593828	374.2863159
11.3427857	360.9108582
11.4261885	314.2329407
11.5095913	284.7305603
11.5929942	246.5569458
11.6763970	217.6235199
11.7597998	227.4266815
11.8432027	262.3631897
11.9266055	297.7137756
12.0100083	329.4638977
12.0934112	356.7240295
12.1768140	361.9532776
12.2602168	374.2863159
12.3436197	360.9108582
12.4270225	314.2329407
12.5104254	284.7305603
12.5938282	246.5569458
12.6772310	217.6235199
12.7606339	227.4266815
12.8440367	262.3631897
12.9274395	297.7137756
13.0108424	329.4638977
13.0942452	356.7240295
13.1776480	361.9532776
13.2610509	374.2863159
13.3444537	360.9108582
13.4278565	314.2329407
13.5112594	284.7305603
13.5946622	246.5569458
13.6780651	217.6235199
13.7614679	227.4266815
13.8448707	262.3631897
13.9282736	297.7137756
14.0116764	329.4638977
14.0950792	356.7240295
14.1784821	361.9532776
14.2618849	374.2863159
14.3452877	360.9108582
14.4286906	314.2329407
14.5120934	284.7305603
14.5954962	246.5569458
14.6788991	217.6235199
14.7623019	227.4266815
14.8457048	262.3631897
14.9291076	297.7137756
15.0125104	329.4638977
15.0959133	356.7240295
15.1793161	361.9532776
15.2627189	374.2863159
15.3461218	360.9108582
15.4295246	314.2329407
15.5129274	284.7305603
15.5963303	246.5569458
15.6797331	217.6235199
15.7631359	227.4266815
15.8465388	262.3631897
15.9299416	297.7137756
16.0133445	329.4638977
16.0967473	356.7240295
16.1801501	361.9532776
16.2635530	374.2863159
16.3469558	360.9108582
16.4303586	314.2329407
16.5137615	284.7305603
16.5971643	246.5569458
16.6805671	217.6235199
16.7639700	227.4266815
16.8473728	262.3631897
16.9307756	297.7137756
17.0141785	329.4638977
17.0975813	356.7240295
17.1809842	361.9532776
17.2643870	374.2863159
17.3477898	360.9108582
17.4311927	314.2329407
17.5145955	284.7305603
17.5979983	246.5569458
17.6814012	217.6235199
17.7648040	227.4266815
17.8482068	262.3631897
17.9316097	297.7137756
18.0150125	329.4638977
18.0984153	356.7240295
18.1818182	361.9532776
18.2652210	374.2863159
18.3486239	360.9108582
18.4320267	314.2329407
18.5154295	284.7305603
18.5988324	246.5569458
18.6822352	217.6235199
18.7656380	227.4266815
18.8490409	262.3631897
18.9324437	297.7137756
19.0158465	329.4638977
19.0992494	356.7240295
19.1826522	361.9532776
19.2660550	374.2863159
19.3494579	360.9108582
19.4328607	314.2329407
19.5162636	284.7305603
19.5996664	246.5569458
19.6830692	217.6235199
19.7664721	227.4266815
19.8498749	262.3631897
19.9332777	297.7137756
20.0166806	329.4638977
20.1000834	356.7240295
20.1834862	361.9532776
20.2668891	374.2863159
20.3502919	360.9108582
20.4336947	314.2329407
20.5170976	284.7305603
20.6005004	246.5569458
20.6839033	217.6235199
20.7673061	227.4266815
20.8507089	262.3631897
20.9341118	297.7137756
21.0175146	329.4638977
21.1009174	356.7240295
21.1843203	361.9532776
21.2677231	374.2863159
21.3511259	360.9108582
21.4345288	314.2329407
21.5179316	284.7305603
21.6013344	246.5569458
21.6847373	217.6235199
21.7681401	227.4266815
21.8515430	262.3631897
21.9349458	297.7137756
22.0183486	329.4638977
22.1017515	356.7240295
22.1851543	361.9532776
22.2685571	374.2863159
22.3519600	360.9108582
22.4353628	314.2329407
22.5187656	284.7305603
22.6021685	246.5569458
22.6855713	217.6235199
22.7689741	227.4266815
22.8523770	262.3631897
22.9357798	297.7137756
23.0191827	329.4638977
23.1025855	356.7240295
23.1859883	361.9532776
23.2693912	374.2863159
23.3527940	360.9108582
23.4361968	314.2329407
23.5195997	284.7305603
23.6030025	246.5569458
23.6864053	217.6235199
23.7698082	227.4266815
23.8532110	262.3631897
23.9366138	297.7137756
24.0200167	329.4638977
24.1034195	356.7240295
24.1868224	361.9532776
24.2702252	374.2863159
24.3536280	360.9108582
24.4370309	314.2329407
24.5204337	284.7305603
24.6038365	246.5569458
24.6872394	217.6235199
24.7706422	227.4266815
24.8540450	262.3631897
24.9374479	297.7137756
25.0208507	329.4638977
25.1042535	356.7240295
25.1876564	361.9532776
25.2710592	374.2863159
25.3544621	360.9108582
25.4378649	314.2329407
25.5212677	284.7305603
25.6046706	246.5569458
25.6880734	217.6235199
25.7714762	227.4266815
25.8548791	262.3631897
25.9382819	297.7137756
26.0216847	329.4638977
26.1050876	356.7240295
26.1884904	361.9532776
26.2718932	374.2863159
26.3552961	360.9108582
26.4386989	314.2329407
26.5221018	284.7305603
26.6055046	246.5569458
26.6889074	217.6235199
26.7723103	227.4266815
26.8557131	262.3631897
26.9391159	297.7137756
27.0225188	329.4638977
27.1059216	356.7240295
27.1893244	361.9532776
27.2727273	374.2863159
27.3561301	360.9108582
27.4395329	314.2329407
27.5229358	284.7305603
27.6063386	246.5569458
27.6897415	217.6235199
27.7731443	227.4266815
27.8565471	262.3631897
27.9399500	297.7137756
28.0233528	329.4638977
28.1067556	356.7240295
28.1901585	361.9532776
28.2735613	374.2863159
28.3569641	360.9108582
28.4403670	314.2329407
28.5237698	284.7305603
28.6071726	246.5569458
28.6905755	217.6235199
28.7739783	227.4266815
28.8573812	262.3631897
28.9407840	297.7137756
29.0241868	329.4638977
29.1075897	356.7240295
29.1909925	361.9532776
29.2743953	374.2863159
29.3577982	360.9108582
29.4412010	314.2329407
29.5246038	284.7305603
29.6080067	246.5569458
29.6914095	217.6235199
29.7748123	227.4266815
29.8582152	262.3631897
29.9416180	297.7137756
30.0250209	329.4638977
30.1084237	356.7240295
30.1918265	361.9532776
30.2752294	374.2863159
30.3586322	360.9108582
30.4420350	314.2329407
30.5254379	284.7305603
30.6088407	246.5569458
30.6922435	217.6235199
30.7756464	227.4266815
30.8590492	262.3631897
30.9424520	297.7137756
31.0258549	329.4638977
31.1092577	356.7240295
31.1926606	361.9532776
31.2760634	374.2863159
31.3594662	360.9108582
31.4428691	314.2329407
31.5262719	284.7305603
31.6096747	246.5569458
31.6930776	217.6235199
31.7764804	227.4266815
31.8598832	262.3631897
31.9432861	297.7137756
32.0266889	329.4638977
32.1100917	356.7240295
32.1934946	361.9532776
32.2768974	374.2863159
32.3603003	360.9108582
32.4437031	314.2329407
32.5271059	284.7305603
32.6105088	246.5569458
32.6939116	217.6235199
32.7773144	227.4266815
32.8607173	262.3631897
32.9441201	297.7137756
33.0275229	329.4638977
33.1109258	356.7240295
33.1943286	361.9532776
33.2777314	374.2863159
33.3611343	360.9108582
33.4445371	314.2329407
33.5279399	284.7305603
33.6113428	246.5569458
33.6947456	217.6235199
33.7781485	227.4266815
33.8615513	262.3631897
33.9449541	297.7137756
34.0283570	329.4638977
34.1117598	356.7240295
34.1951626	361.9532776
34.2785655	374.2863159
34.3619683	360.9108582
34.4453711	314.2329407
34.5287740	284.7305603
34.6121768	246.5569458
34.6955796	217.6235199
34.7789825	227.4266815
34.8623853	262.3631897
34.9457882	297.7137756
35.0291910	329.4638977
35.1125938	356.7240295
35.1959967	361.9532776
35.2793995	374.2863159
35.3628023	360.9108582
35.4462052	314.2329407
35.5296080	284.7305603
35.6130108	246.5569458
35.6964137	217.6235199
35.7798165	227.4266815
35.8632193	262.3631897
35.9466222	297.7137756
36.0300250	329.4638977
36.1134279	356.7240295
36.1968307	361.9532776
36.2802335	374.2863159
36.3636364	360.9108582
36.4470392	314.2329407
36.5304420	284.7305603
36.6138449	246.5569458
36.6972477	217.6235199
36.7806505	227.4266815
36.8640534	262.3631897
36.9474562	297.7137756
37.0308590	329.4638977
37.1142619	356.7240295
37.1976647	361.9532776
37.2810676	374.2863159
37.3644704	360.9108582
37.4478732	314.2329407
37.5312761	284.7305603
37.6146789	246.5569458
37.6980817	217.6235199
37.7814846	227.4266815
37.8648874	262.3631897
37.9482902	297.7137756
38.0316931	329.4638977
38.1150959	356.7240295
38.1984987	361.9532776
38.2819016	374.2863159
38.3653044	360.9108582
38.4487073	314.2329407
38.5321101	284.7305603
38.6155129	246.5569458
38.6989158	217.6235199
38.7823186	227.4266815
38.8657214	262.3631897
38.9491243	297.7137756
39.0325271	329.4638977
39.1159299	356.7240295
39.1993328	361.9532776
39.2827356	374.2863159
39.3661384	360.9108582
39.4495413	314.2329407
39.5329441	284.7305603
39.6163470	246.5569458
39.6997498	217.6235199
39.7831526	227.4266815
39.8665555	262.3631897
39.9499583	297.7137756
40.0333611	329.4638977
40.1167640	356.7240295
40.2001668	361.9532776
40.2835696	374.2863159
40.3669725	360.9108582
40.4503753	314.2329407
40.5337781	284.7305603
40.6171810	246.5569458
40.7005838	217.6235199
40.7839867	227.4266815
40.8673895	262.3631897
40.9507923	297.7137756
41.0341952	329.4638977
41.1175980	356.7240295
41.2010008	361.9532776
41.2844037	374.2863159
41.3678065	360.9108582
41.4512093	314.2329407
41.5346122	284.7305603
41.6180150	246.5569458
41.7014178	217.6235199
41.7848207	227.4266815
41.8682235	262.3631897
41.9516264	297.7137756
42.0350292	329.4638977
42.1184320	356.7240295
42.2018349	361.9532776
42.2852377	374.2863159
42.3686405	360.9108582
42.4520434	314.2329407
42.5354462	284.7305603
42.6188490	246.5569458
42.7022519	217.6235199
42.7856547	227.4266815
42.8690575	262.3631897
42.9524604	297.7137756
43.0358632	329.4638977
43.1192661	356.7240295
43.2026689	361.9532776
43.2860717	374.2863159
43.3694746	360.9108582
43.4528774	314.2329407
43.5362802	284.7305603
43.6196831	246.5569458
43.7030859	217.6235199
43.7864887	227.4266815
43.8698916	262.3631897
43.9532944	297.7137756
44.0366972	329.4638977
44.1201001	356.7240295
44.2035029	361.9532776
44.2869058	374.2863159
44.3703086	360.9108582
44.4537114	314.2329407
44.5371143	284.7305603
44.6205171	246.5569458
44.7039199	217.6235199
44.7873228	227.4266815
44.8707256	262.3631897
44.9541284	297.7137756
45.0375313	329.4638977
45.1209341	356.7240295
45.2043369	361.9532776
45.2877398	374.2863159
45.3711426	360.9108582
45.4545455	314.2329407
45.5379483	284.7305603
45.6213511	246.5569458
45.7047540	217.6235199
45.7881568	227.4266815
45.8715596	262.3631897
45.9549625	297.7137756
46.0383653	329.4638977
46.1217681	356.7240295
46.2051710	361.9532776
46.2885738	374.2863159
46.3719766	360.9108582
46.4553795	314.2329407
46.5387823	284.7305603
46.6221852	246.5569458
46.7055880	217.6235199
46.7889908	227.4266815
46.8723937	262.3631897
46.9557965	297.7137756
47.0391993	329.4638977
47.1226022	356.7240295
47.2060050	361.9532776
47.2894078	374.2863159
47.3728107	360.9108582
47.4562135	314.2329407
47.5396163	284.7305603
47.6230192	246.5569458
47.7064220	217.6235199
47.7898249	227.4266815
47.8732277	262.3631897
47.9566305	297.7137756
48.0400334	329.4638977
48.1234362	356.7240295
48.2068390	361.9532776
48.2902419	374.2863159
48.3736447	360.9108582
48.4570475	314.2329407
48.5404504	284.7305603
48.6238532	246.5569458
48.7072560	217.6235199
48.7906589	227.4266815
48.8740617	262.3631897
48.9574646	297.7137756
49.0408674	329.4638977
49.1242702	356.7240295
49.2076731	361.9532776
49.2910759	374.2863159
49.3744787	360.9108582
49.4578816	314.2329407
49.5412844	284.7305603
49.6246872	246.5569458
49.7080901	217.6235199
49.7914929	227.4266815
49.8748957	262.3631897
49.9582986	297.7137756
50.0417014	329.4638977
50.1251043	356.7240295
50.2085071	361.9532776
50.2919099	374.2863159
50.3753128	360.9108582
50.4587156	314.2329407
50.5421184	284.7305603
50.6255213	246.5569458
50.7089241	217.6235199
50.7923269	227.4266815
50.8757298	262.3631897
50.9591326	297.7137756
51.0425354	329.4638977
51.1259383	356.7240295
51.2093411	361.9532776
51.2927440	374.2863159
51.3761468	360.9108582
51.4595496	314.2329407
51.5429525	284.7305603
51.6263553	246.5569458
51.7097581	217.6235199
51.7931610	227.4266815
51.8765638	262.3631897
51.9599666	297.7137756
52.0433695	329.4638977
52.1267723	356.7240295
52.2101751	361.9532776
52.2935780	374.2863159
52.3769808	360.9108582
52.4603837	314.2329407
52.5437865	284.7305603
52.6271893	246.5569458
52.7105922	217.6235199
52.7939950	227.4266815
52.8773978	262.3631897
52.9608007	297.7137756
53.0442035	329.4638977
53.1276063	356.7240295
53.2110092	361.9532776
53.2944120	374.2863159
53.3778148	360.9108582
53.4612177	314.2329407
53.5446205	284.7305603
53.6280234	246.5569458
53.7114262	217.6235199
53.7948290	227.4266815
53.8782319	262.3631897
53.9616347	297.7137756
54.0450375	329.4638977
54.1284404	356.7240295
54.2118432	361.9532776
54.2952460	374.2863159
54.3786489	360.9108582
54.4620517	314.2329407
54.5454545	284.7305603
54.6288574	246.5569458
54.7122602	217.6235199
54.7956631	227.4266815
54.8790659	262.3631897
54.9624687	297.7137756
55.0458716	329.4638977
55.1292744	356.7240295
55.2126772	361.9532776
55.2960801	374.2863159
55.3794829	360.9108582
55.4628857	314.2329407
55.5462886	284.7305603
55.6296914	246.5569458
55.7130942	217.6235199
55.7964971	227.4266815
55.8798999	262.3631897
55.9633028	297.7137756
56.0467056	329.4638977
56.1301084	356.7240295
56.2135113	361.9532776
56.2969141	374.2863159
56.3803169	360.9108582
56.4637198	314.2329407
56.5471226	284.7305603
56.6305254	246.5569458
56.7139283	217.6235199
56.7973311	227.4266815
56.8807339	262.3631897
56.9641368	297.7137756
57.0475396	329.4638977
57.1309425	356.7240295
57.2143453	361.9532776
57.2977481	374.2863159
57.3811510	360.9108582
57.4645538	314.2329407
57.5479566	284.7305603
57.6313595	246.5569458
57.7147623	217.6235199
57.7981651	227.4266815
57.8815680	262.3631897
57.9649708	297.7137756
58.0483736	329.4638977
58.1317765	356.7240295
58.2151793	361.9532776
58.2985822	374.2863159
58.3819850	360.9108582
58.4653878	314.2329407
58.5487907	284.7305603
58.6321935	246.5569458
58.7155963	217.6235199
58.7989992	227.4266815
58.8824020	262.3631897
58.9658048	297.7137756
59.0492077	329.4638977
59.1326105	356.7240295
59.2160133	361.9532776
59.2994162	374.2863159
59.3828190	360.9108582
59.4662219	314.2329407
59.5496247	284.7305603
59.6330275	246.5569458
59.7164304	217.6235199
59.7998332	227.4266815
59.8832360	262.3631897
59.9666389	297.7137756
60.0500417	329.4638977
60.1334445	356.7240295
60.2168474	361.9532776
60.3002502	374.2863159
60.3836530	360.9108582
60.4670559	314.2329407
60.5504587	284.7305603
60.6338616	246.5569458
60.7172644	217.6235199
60.8006672	227.4266815
60.8840701	262.3631897
60.9674729	297.7137756
61.0508757	329.4638977
61.1342786	356.7240295
61.2176814	361.9532776
61.3010842	374.2863159
61.3844871	360.9108582
61.4678899	314.2329407
61.5512927	284.7305603
61.6346956	246.5569458
61.7180984	217.6235199
61.8015013	227.4266815
61.8849041	262.3631897
61.9683069	297.7137756
62.0517098	329.4638977
62.1351126	356.7240295
62.2185154	361.9532776
62.3019183	374.2863159
62.3853211	360.9108582
62.4687239	314.2329407
62.5521268	284.7305603
62.6355296	246.5569458
62.7189324	217.6235199
62.8023353	227.4266815
62.8857381	262.3631897
62.9691410	297.7137756
63.0525438	329.4638977
63.1359466	356.7240295
63.2193495	361.9532776
63.3027523	374.2863159
63.3861551	360.9108582
63.4695580	314.2329407
63.5529608	284.7305603
63.6363636	246.5569458
63.7197665	217.6235199
63.8031693	227.4266815
63.8865721	262.3631897
63.9699750	297.7137756
64.0533778	329.4638977
64.1367807	356.7240295
64.2201835	361.9532776
64.3035863	374.2863159
64.3869892	360.9108582
64.4703920	314.2329407
64.5537948	284.7305603
64.6371977	246.5569458
64.7206005	217.6235199
64.8040033	227.4266815
64.8874062	262.3631897
64.9708090	297.7137756
65.0542118	329.4638977
65.1376147	356.7240295
65.2210175	361.9532776
65.3044204	374.2863159
65.3878232	360.9108582
65.4712260	314.2329407
65.5546289	284.7305603
65.6380317	246.5569458
65.7214345	217.6235199
65.8048374	227.4266815
65.8882402	262.3631897
65.9716430	297.7137756
66.0550459	329.4638977
66.1384487	356.7240295
66.2218515	361.9532776
66.3052544	374.2863159
66.3886572	360.9108582
66.4720601	314.2329407
66.5554629	284.7305603
66.6388657	246.5569458
66.7222686	217.6235199
66.8056714	227.4266815
66.8890742	262.3631897
66.9724771	297.7137756
67.0558799	329.4638977
67.1392827	356.7240295
67.2226856	361.9532776
67.3060884	374.2863159
67.3894912	360.9108582
67.4728941	314.2329407
67.5562969	284.7305603
67.6396997	246.5569458
67.7231026	217.6235199
67.8065054	227.4266815
67.8899083	262.3631897
67.9733111	297.7137756
68.0567139	329.4638977
68.1401168	356.7240295
68.2235196	361.9532776
68.3069224	374.2863159
68.3903253	360.9108582
68.4737281	314.2329407
68.5571309	284.7305603
68.6405338	246.5569458
68.7239366	217.6235199
68.8073394	227.4266815
68.8907423	262.3631897
68.9741451	297.7137756
69.0575480	329.4638977
69.1409508	356.7240295
69.2243536	361.9532776
69.3077565	374.2863159
69.3911593	360.9108582
69.4745621	314.2329407
69.5579650	284.7305603
69.6413678	246.5569458
69.7247706	217.6235199
69.8081735	227.4266815
69.8915763	262.3631897
69.9749791	297.7137756
70.0583820	329.4638977
70.1417848	356.7240295
70.2251877	361.9532776
70.3085905	374.2863159
70.3919933	360.9108582
70.4753962	314.2329407
70.5587990	284.7305603
70.6422018	246.5569458
70.7256047	217.6235199
70.8090075	227.4266815
70.8924103	262.3631897
70.9758132	297.7137756
71.0592160	329.4638977
71.1426188	356.7240295
71.2260217	361.9532776
71.3094245	374.2863159
71.3928274	360.9108582
71.4762302	314.2329407
71.5596330	284.7305603
71.6430359	246.5569458
71.7264387	217.6235199
71.8098415	227.4266815
71.8932444	262.3631897
71.9766472	297.7137756
72.0600500	329.4638977
72.1434529	356.7240295
72.2268557	361.9532776
72.3102585	374.2863159
72.3936614	360.9108582
72.4770642	314.2329407
72.5604671	284.7305603
72.6438699	246.5569458
72.7272727	217.6235199
72.8106756	227.4266815
72.8940784	262.3631897
72.9774812	297.7137756
73.0608841	329.4638977
73.1442869	356.7240295
73.2276897	361.9532776
73.3110926	374.2863159
73.3944954	360.9108582
73.4778982	314.2329407
73.5613011	284.7305603
73.6447039	246.5569458
73.7281068	217.6235199
73.8115096	227.4266815
73.8949124	262.3631897
73.9783153	297.7137756
74.0617181	329.4638977
74.1451209	356.7240295
74.2285238	361.9532776
74.3119266	374.2863159
74.3953294	360.9108582
74.4787323	314.2329407
74.5621351	284.7305603
74.6455379	246.5569458
74.7289408	217.6235199
74.8123436	227.4266815
74.8957465	262.3631897
74.9791493	297.7137756
75.0625521	329.4638977
75.1459550	356.7240295
75.2293578	361.9532776
75.3127606	374.2863159
75.3961635	360.9108582
75.4795663	314.2329407
75.5629691	284.7305603
75.6463720	246.5569458
75.7297748	217.6235199
75.8131776	227.4266815
75.8965805	262.3631897
75.9799833	297.7137756
76.0633862	329.4638977
76.1467890	356.7240295
76.2301918	361.9532776
76.3135947	374.2863159
76.3969975	360.9108582
76.4804003	314.2329407
76.5638032	284.7305603
76.6472060	246.5569458
76.7306088	217.6235199
76.8140117	227.4266815
76.8974145	262.3631897
76.9808173	297.7137756
77.0642202	329.4638977
77.1476230	356.7240295
77.2310259	361.9532776
77.3144287	374.2863159
77.3978315	360.9108582
77.4812344	314.2329407
77.5646372	284.7305603
77.6480400	246.5569458
77.7314429	217.6235199
77.8148457	227.4266815
77.8982485	262.3631897
77.9816514	297.7137756
78.0650542	329.4638977
78.1484570	356.7240295
78.2318599	361.9532776
78.3152627	374.2863159
78.3986656	360.9108582
78.4820684	314.2329407
78.5654712	284.7305603
78.6488741	246.5569458
78.7322769	217.6235199
78.8156797	227.4266815
78.8990826	262.3631897
78.9824854	297.7137756
79.0658882	329.4638977
79.1492911	356.7240295
79.2326939	361.9532776
79.3160967	374.2863159
79.3994996	360.9108582
79.4829024	314.2329407
79.5663053	284.7305603
79.6497081	246.5569458
79.7331109	217.6235199
79.8165138	227.4266815
79.8999166	262.3631897
79.9833194	297.7137756
80.0667223	329.4638977
80.1501251	356.7240295
80.2335279	361.9532776
80.3169308	374.2863159
80.4003336	360.9108582
80.4837364	314.2329407
80.5671393	284.7305603
80.6505421	246.5569458
80.7339450	217.6235199
80.8173478	227.4266815
80.9007506	262.3631897
80.9841535	297.7137756
81.0675563	329.4638977
81.1509591	356.7240295
81.2343620	361.9532776
81.3177648	374.2863159
81.4011676	360.9108582
81.4845705	314.2329407
81.5679733	284.7305603
81.6513761	246.5569458
81.7347790	217.6235199
81.8181818	227.4266815
81.9015847	262.3631897
81.9849875	297.7137756
82.0683903	329.4638977
82.1517932	356.7240295
82.2351960	361.9532776
82.3185988	374.2863159
82.4020017	360.9108582
82.4854045	314.2329407
82.5688073	284.7305603
82.6522102	246.5569458
82.7356130	217.6235199
82.8190158	227.4266815
82.9024187	262.3631897
82.9858215	297.7137756
83.0692244	329.4638977
83.1526272	356.7240295
83.2360300	361.9532776
83.3194329	374.2863159
83.4028357	360.9108582
83.4862385	314.2329407
83.5696414	284.7305603
83.6530442	246.5569458
83.7364470	217.6235199
83.8198499	227.4266815
83.9032527	262.3631897
83.9866555	297.7137756
84.0700584	329.4638977
84.1534612	356.7240295
84.2368641	361.9532776
84.3202669	374.2863159
84.4036697	360.9108582
84.4870726	314.2329407
84.5704754	284.7305603
84.6538782	246.5569458
84.7372811	217.6235199
84.8206839	227.4266815
84.9040867	262.3631897
84.9874896	297.7137756
85.0708924	329.4638977
85.1542952	356.7240295
85.2376981	361.9532776
85.3211009	374.2863159
85.4045038	360.9108582
85.4879066	314.2329407
85.5713094	284.7305603
85.6547123	246.5569458
85.7381151	217.6235199
85.8215179	227.4266815
85.9049208	262.3631897
85.9883236	297.7137756
86.0717264	329.4638977
86.1551293	356.7240295
86.2385321	361.9532776
86.3219349	374.2863159
86.4053378	360.9108582
86.4887406	314.2329407
86.5721435	284.7305603
86.6555463	246.5569458
86.7389491	217.6235199
86.8223520	227.4266815
86.9057548	262.3631897
86.9891576	297.7137756
87.0725605	329.4638977
87.1559633	356.7240295
87.2393661	361.9532776
87.3227690	374.2863159
87.4061718	360.9108582
87.4895746	314.2329407
87.5729775	284.7305603
87.6563803	246.5569458
87.7397832	217.6235199
87.8231860	227.4266815
87.9065888	262.3631897
87.9899917	297.7137756
88.0733945	329.4638977
88.1567973	356.7240295
88.2402002	361.9532776
88.3236030	374.2863159
88.4070058	360.9108582
88.4904087	314.2329407
88.5738115	284.7305603
88.6572143	246.5569458
88.7406172	217.6235199
88.8240200	227.4266815
88.9074229	262.3631897
88.9908257	297.7137756
89.0742285	329.4638977
89.1576314	356.7240295
89.2410342	361.9532776
89.3244370	374.2863159
89.4078399	360.9108582
89.4912427	314.2329407
89.5746455	284.7305603
89.6580484	246.5569458
89.7414512	217.6235199
89.8248540	227.4266815
89.9082569	262.3631897
89.9916597	297.7137756
90.0750626	329.4638977
90.1584654	356.7240295
90.2418682	361.9532776
90.3252711	374.2863159
90.4086739	360.9108582
90.4920767	314.2329407
90.5754796	284.7305603
90.6588824	246.5569458
90.7422852	217.6235199
90.8256881	227.4266815
90.9090909	262.3631897
90.9924937	297.7137756
91.0758966	329.4638977
91.1592994	356.7240295
91.2427023	361.9532776
91.3261051	374.2863159
91.4095079	360.9108582
91.4929108	314.2329407
91.5763136	284.7305603
91.6597164	246.5569458
91.7431193	217.6235199
91.8265221	227.4266815
91.9099249	262.3631897
91.9933278	297.7137756
92.0767306	329.4638977
92.1601334	356.7240295
92.2435363	361.9532776
92.3269391	374.2863159
92.4103420	360.9108582
92.4937448	314.2329407
92.5771476	284.7305603
92.6605505	246.5569458
92.7439533	217.6235199
92.8273561	227.4266815
92.9107590	262.3631897
92.9941618	297.7137756
93.0775646	329.4638977
93.1609675	356.7240295
93.2443703	361.9532776
93.3277731	374.2863159
93.4111760	360.9108582
93.4945788	314.2329407
93.5779817	284.7305603
93.6613845	246.5569458
93.7447873	217.6235199
93.8281902	227.4266815
93.9115930	262.3631897
93.9949958	297.7137756
94.0783987	329.4638977
94.1618015	356.7240295
94.2452043	361.9532776
94.3286072	374.2863159
94.4120100	360.9108582
94.4954128	314.2329407
94.5788157	284.7305603
94.6622185	246.5569458
94.7456214	217.6235199
94.8290242	227.4266815
94.9124270	262.3631897
94.9958299	297.7137756
95.0792327	329.4638977
95.1626355	356.7240295
95.2460384	361.9532776
95.3294412	374.2863159
95.4128440	360.9108582
95.4962469	314.2329407
95.5796497	284.7305603
95.6630525	246.5569458
95.7464554	217.6235199
95.8298582	227.4266815
95.9132611	262.3631897
95.9966639	297.7137756
96.0800667	329.4638977
96.1634696	356.7240295
96.2468724	361.9532776
96.3302752	374.2863159
96.4136781	360.9108582
96.4970809	314.2329407
96.5804837	284.7305603
96.6638866	246.5569458
96.7472894	217.6235199
96.8306922	227.4266815
96.9140951	262.3631897
96.9974979	297.7137756
97.0809008	329.4638977
97.1643036	356.7240295
97.2477064	361.9532776
97.3311093	374.2863159
97.4145121	360.9108582
97.4979149	314.2329407
97.5813178	284.7305603
97.6647206	246.5569458
97.7481234	217.6235199
97.8315263	227.4266815
97.9149291	262.3631897
97.9983319	297.7137756
98.0817348	329.4638977
98.1651376	356.7240295
98.2485405	361.9532776
98.3319433	374.2863159
98.4153461	360.9108582
98.4987490	314.2329407
98.5821518	284.7305603
98.6655546	246.5569458
98.7489575	217.6235199
98.8323603	227.4266815
98.9157631	262.3631897
98.9991660	297.7137756
99.0825688	329.4638977
99.1659716	356.7240295
99.2493745	361.9532776
99.3327773	374.2863159
99.4161802	360.9108582
99.4995830	314.2329407
99.5829858	284.7305603
99.6663887	246.5569458
99.7497915	217.6235199
99.8331943	227.4266815
99.9165972	262.3631897
100.0000000	297.7137756
