# time(yr)	runoff(mm/month)
0.0000000	29.5582425
0.0833610	31.3113330
0.1667220	31.8507721
0.2500830	35.2109045
0.3334440	34.3164181
0.4168050	33.5015180
0.5001661	39.3172562
0.5835271	42.9138344
0.6668881	30.7104574
0.7502491	41.6012237
0.8336101	40.4869230
0.9169711	40.1138911
1.0003321	54.0080240
1.0836931	45.3616137
1.1670541	63.3193938
1.2504151	66.9595182
1.3337762	60.2275230
1.4171372	64.2357098
1.5004982	59.5874719
1.5838592	53.7211319
1.6672202	56.3795269
1.7505812	51.0039903
1.8339422	56.3662971
1.9173032	46.3994164
2.0006642	53.6825176
2.0840252	47.2799186
2.1673863	57.1361849
2.2507473	43.1458178
2.3341083	51.3234901
2.4174693	47.3213053
2.5008303	41.1413401
2.5841913	41.0711553
2.6675523	38.5007624
2.7509133	39.2438559
2.8342743	32.6167796
2.9176353	38.7504098
3.0009963	30.7890464
3.0843574	30.0680725
3.1677184	30.9784572
3.2510794	37.9210870
3.3344404	31.4983039
3.4178014	29.2778521
3.5011624	36.7509888
3.5845234	33.2169126
3.6678844	32.8825210
3.7512454	32.8459128
3.8346064	28.8964090
3.9179675	34.4307125
4.0013285	33.0508307
4.0846895	28.4675182
4.1680505	24.3971288
4.2514115	24.6865009
4.3347725	26.9095553
4.4181335	22.6226283
4.5014945	23.6667536
4.5848555	24.7766813
4.6682165	31.9307685
4.7515775	30.3614192
4.8349386	21.2938905
4.9182996	20.4612226
5.0016606	24.7021541
5.0850216	25.7985338
5.1683826	24.7914293
5.2517436	28.5783542
5.3351046	33.5150495
5.4184656	47.5547266
5.5018266	50.9935800
5.5851876	43.6957921
5.6685487	48.8754893
5.7519097	40.4526604
5.8352707	36.7931228
5.9186317	44.1755016
6.0019927	45.3583510
6.0853537	46.0608263
6.1687147	49.9294921
6.2520757	54.1715199
6.3354367	59.6796985
6.4187977	53.0279496
6.5021588	58.0110906
6.5855198	50.5805240
6.6688808	46.6909526
6.7522418	61.0141059
6.8356028	39.3430628
6.9189638	49.8718346
7.0023248	51.4231048
7.0856858	42.7981280
7.1690468	43.6888236
7.2524078	45.3976255
7.3357688	49.2295440
7.4191299	41.7625271
7.5024909	47.0665918
7.5858519	47.0242056
7.6692129	43.0560664
7.7525739	43.9071481
7.8359349	40.6410976
7.9192959	43.2756215
8.0026569	46.5241894
8.0860179	53.0957110
8.1693789	54.8782762
8.2527400	54.5308175
8.3361010	56.9857538
8.4194620	55.1389209
8.5028230	48.0444173
8.5861840	50.9036448
8.6695450	44.3632551
8.7529060	44.6273888
8.8362670	36.7986061
8.9196280	38.1638979
9.0029890	44.1375520
9.0863500	32.6237905
9.1697111	46.3688691
9.2530721	38.1336995
9.3364331	45.4492150
9.4197941	50.3196294
9.5031551	45.2261286
9.5865161	41.3778874
9.6698771	38.8290955
9.7532381	40.3043982
9.8365991	42.4317865
9.9199601	38.9519024
10.0033212	52.3512691
10.0866822	42.8188921
10.1700432	41.6613612
10.2534042	37.8977086
10.3367652	45.6585389
10.4201262	42.7941582
10.5034872	51.2040354
10.5868482	33.5826978
10.6702092	39.0617365
10.7535702	30.0275534
10.8369313	28.2556460
10.9202923	32.4456127
11.0036533	32.8500335
11.0870143	33.8668176
11.1703753	27.2269947
11.2537363	23.1318737
11.3370973	26.6054352
11.4204583	23.7582636
11.5038193	26.7317099
11.5871803	23.2411774
11.6705413	27.0301086
11.7539024	28.5661004
11.8372634	22.5238269
11.9206244	19.9015309
12.0039854	28.9034930
12.0873464	22.1467167
12.1707074	18.8888075
12.2540684	23.2080228
12.3374294	21.5329107
12.4207904	22.1914580
12.5041514	22.8379589
12.5875125	34.3616875
12.6708735	23.5300073
12.7542345	20.2161226
12.8375955	19.2902651
12.9209565	29.6744864
13.0043175	21.2316030
13.0876785	24.1156210
13.1710395	29.0563593
13.2544005	32.1443310
13.3377615	36.1178073
13.4211226	36.6442736
13.5044836	37.4678914
13.5878446	39.1414099
13.6712056	32.9741441
13.7545666	33.6965630
13.8379276	33.5496705
13.9212886	47.7376616
14.0046496	36.2377358
14.0880106	39.5121457
14.1713716	42.8874692
14.2547326	51.9087974
14.3380937	37.6503668
14.4214547	39.5511679
14.5048157	41.1652348
14.5881767	42.9865936
14.6715377	42.7073536
14.7548987	42.3819508
14.8382597	48.6187390
14.9216207	31.2500167
15.0049817	39.8988482
15.0883427	35.6605640
15.1717038	53.9186593
15.2550648	45.3733630
15.3384258	45.2738049
15.4217868	48.3732666
15.5051478	45.1618514
15.5885088	38.1545579
15.6718698	38.6128856
15.7552308	33.6089263
15.8385918	30.0379472
15.9219528	29.8549296
16.0053138	35.5324481
16.0886749	33.6919072
16.1720359	28.0327057
16.2553969	29.4648584
16.3387579	24.4410191
16.4221189	24.9805124
16.5054799	22.3615687
16.5888409	26.9020823
16.6722019	23.8818885
16.7555629	19.0204323
16.8389239	34.7627348
16.9222850	29.7798909
17.0056460	23.7361275
17.0890070	21.4019023
17.1723680	19.5321177
17.2557290	30.5109898
17.3390900	27.7027131
17.4224510	26.6211615
17.5058120	26.9015071
17.5891730	30.2672690
17.6725340	27.1929302
17.7558951	28.4445948
17.8392561	23.7425868
17.9226171	27.7511743
18.0059781	27.7622801
18.0893391	30.2121763
18.1727001	41.4180623
18.2560611	39.6356103
18.3394221	47.9030481
18.4227831	44.2098585
18.5061441	39.0314791
18.5895051	49.5692845
18.6728662	34.9216927
18.7562272	37.1622485
18.8395882	34.9112045
18.9229492	40.4278463
19.0063102	38.9178472
19.0896712	31.4671531
19.1730322	38.1936343
19.2563932	35.8821252
19.3397542	37.0211740
19.4231152	36.5422236
19.5064763	35.9527037
19.5898373	39.8698473
19.6731983	38.5019741
19.7565593	34.4006555
19.8399203	31.3803037
19.9232813	40.1340706
20.0066423	30.1660276
20.0900033	32.6021990
20.1733643	31.1021270
20.2567253	33.0531056
20.3400864	32.9481536
20.4234474	31.8384146
20.5068084	35.8686479
20.5901694	28.2038466
20.6735304	33.8503181
20.7568914	24.4136731
20.8402524	24.7872095
20.9236134	23.1395660
21.0069744	28.3290558
21.0903354	23.2653055
21.1736964	27.4401211
21.2570575	29.9532289
21.3404185	21.7504926
21.4237795	23.3162845
21.5071405	28.8289069
21.5905015	30.3067815
21.6738625	22.4365320
21.7572235	31.5597781
21.8405845	24.1805724
21.9239455	21.9996850
22.0073065	26.5588457
22.0906676	27.4916730
22.1740286	22.7427832
22.2573896	22.3125204
22.3407506	25.5026646
22.4241116	24.7323596
22.5074726	23.1200466
22.5908336	23.3051717
22.6741946	27.0907765
22.7575556	22.6989306
22.8409166	27.3087827
22.9242776	27.3487974
23.0076387	30.1516922
23.0909997	26.2896601
23.1743607	29.7410974
23.2577217	30.9574008
23.3410827	32.8241138
23.4244437	30.0342272
23.5078047	39.4453296
23.5911657	31.5674161
23.6745267	37.2341000
23.7578877	25.7242235
23.8412488	30.7968235
23.9246098	23.0557671
24.0079708	28.8013629
24.0913318	44.1818619
24.1746928	45.2028845
24.2580538	47.7521691
24.3414148	62.4614757
24.4247758	46.3769644
24.5081368	64.1008612
24.5914978	56.0102009
24.6748589	48.9937794
24.7582199	57.7624026
24.8415809	49.2160455
24.9249419	45.7583564
25.0083029	47.1198740
25.0916639	46.6474443
25.1750249	57.5542339
25.2583859	67.4624764
25.3417469	73.7116928
25.4251079	59.6607120
25.5084689	49.7885473
25.5918300	59.4438962
25.6751910	52.6176140
25.7585520	78.4294601
25.8419130	51.8768544
25.9252740	49.3779147
26.0086350	71.9804532
26.0919960	84.3316092
26.1753570	79.5801828
26.2587180	75.8496706
26.3420790	74.3005645
26.4254401	61.1729152
26.5088011	52.0725572
26.5921621	57.6076622
26.6755231	69.4986282
26.7588841	44.6685209
26.8422451	46.3220038
26.9256061	43.3247688
27.0089671	39.5048141
27.0923281	36.8255867
27.1756891	49.7567034
27.2590501	37.8240301
27.3424112	50.3339247
27.4257722	39.3914439
27.5091332	38.6960927
27.5924942	38.8475422
27.6758552	44.1491363
27.7592162	36.4564540
27.8425772	41.7853893
27.9259382	36.6695945
28.0092992	34.0328240
28.0926602	37.0840649
28.1760213	33.7565756
28.2593823	30.5437531
28.3427433	32.0113212
28.4261043	33.5408231
28.5094653	36.5071406
28.5928263	33.2868852
28.6761873	39.1961961
28.7595483	41.1962725
28.8429093	26.8043582
28.9262703	32.6958023
29.0096314	32.6519356
29.0929924	37.6109037
29.1763534	55.8739143
29.2597144	56.1407778
29.3430754	51.6235036
29.4264364	47.6764303
29.5097974	45.4368952
29.5931584	42.3886034
29.6765194	38.6544986
29.7598804	39.4013592
29.8432414	38.1265919
29.9266025	32.0079901
30.0099635	38.5382264
30.0933245	40.1195536
30.1766855	31.8443741
30.2600465	37.5736731
30.3434075	33.9611446
30.4267685	36.1364968
30.5101295	28.8408024
30.5934905	31.1392067
30.6768515	31.5710701
30.7602126	29.4326632
30.8435736	28.1532236
30.9269346	33.7030035
31.0102956	28.7860162
31.0936566	33.4452560
31.1770176	33.2849592
31.2603786	44.5942531
31.3437396	34.9563772
31.4271006	39.2266727
31.5104616	44.8075185
31.5938227	36.1418528
31.6771837	37.0128617
31.7605447	50.0579568
31.8439057	45.1090407
31.9272667	38.4703141
32.0106277	56.4353315
32.0939887	38.7464282
32.1773497	38.3307059
32.2607107	43.4166323
32.3440717	40.0028760
32.4274327	38.0894698
32.5107938	40.3095467
32.5941548	38.1463659
32.6775158	34.0205797
32.7608768	35.3641644
32.8442378	33.8734702
32.9275988	38.0996939
33.0109598	37.5329135
33.0943208	29.0451262
33.1776818	26.9484054
33.2610428	28.4023806
33.3444039	26.0089586
33.4277649	29.5733818
33.5111259	33.0914111
33.5944869	34.1967206
33.6778479	30.3963395
33.7612089	29.2682669
33.8445699	25.1265068
33.9279309	31.9043560
34.0112919	34.3528991
34.0946529	27.3420246
34.1780139	32.2935692
34.2613750	31.4223293
34.3447360	30.5187151
34.4280970	29.7701076
34.5114580	27.4784220
34.5948190	29.3030905
34.6781800	29.1788974
34.7615410	32.1796780
34.8449020	23.9181926
34.9282630	21.9529234
35.0116240	24.9445431
35.0949851	22.0043503
35.1783461	29.1867877
35.2617071	20.3469424
35.3450681	25.6832328
35.4284291	21.5155107
35.5117901	23.8799531
35.5951511	23.1188962
35.6785121	25.4166758
35.7618731	32.0238037
35.8452341	21.3006799
35.9285952	25.7854407
36.0119562	20.2537752
36.0953172	30.9076571
36.1786782	32.2381865
36.2620392	41.4053936
36.3454002	40.8900685
36.4287612	42.8006646
36.5121222	39.5364270
36.5954832	42.4955073
36.6788442	41.8867249
36.7622052	39.4197752
36.8455663	38.8491240
36.9289273	38.2404265
37.0122883	35.9002537
37.0956493	34.8261798
37.1790103	41.0110743
37.2623713	36.4431770
37.3457323	33.9412599
37.4290933	35.9207820
37.5124543	41.4144979
37.5958153	39.0355716
37.6791764	33.4108638
37.7625374	29.9963483
37.8458984	33.3400660
37.9292594	29.6241392
38.0126204	25.0775859
38.0959814	28.4807551
38.1793424	22.5237137
38.2627034	24.2305495
38.3460644	19.8565374
38.4294254	21.5083630
38.5127864	23.3334347
38.5961475	24.7173665
38.6795085	26.0013630
38.7628695	24.5670179
38.8462305	23.4399377
38.9295915	19.8408536
39.0129525	23.9204557
39.0963135	20.4135722
39.1796745	26.3828344
39.2630355	21.9703895
39.3463965	22.5878424
39.4297576	25.9607943
39.5131186	27.3552379
39.5964796	29.1929052
39.6798406	23.4057671
39.7632016	27.2597580
39.8465626	25.6441753
39.9299236	20.8527696
40.0132846	23.2179145
40.0966456	25.6655546
40.1800066	31.8671632
40.2633677	31.1839550
40.3467287	34.7882632
40.4300897	34.4401869
40.5134507	67.0284064
40.5968117	45.1052925
40.6801727	45.5233886
40.7635337	47.3033512
40.8468947	42.9023067
40.9302557	35.6462168
41.0136167	47.8191149
41.0969777	41.5578285
41.1803388	43.5692511
41.2636998	44.4428460
41.3470608	39.8680085
41.4304218	39.1034367
41.5137828	43.9268938
41.5971438	42.8514102
41.6805048	33.8625294
41.7638658	36.0886414
41.8472268	35.4978649
41.9305878	31.1670359
42.0139489	33.4049585
42.0973099	34.9188661
42.1806709	33.2209461
42.2640319	32.2005175
42.3473929	43.2685021
42.4307539	36.3181494
42.5141149	39.2731066
42.5974759	35.1710972
42.6808369	47.3950309
42.7641979	35.3683724
42.8475590	36.2474743
42.9309200	38.2288540
43.0142810	41.4454932
43.0976420	33.2542775
43.1810030	41.3409939
43.2643640	45.4990601
43.3477250	47.2629924
43.4310860	37.2919956
43.5144470	42.6481496
43.5978080	43.7169853
43.6811690	41.1522879
43.7645301	48.4653848
43.8478911	31.5441131
43.9312521	48.6203609
44.0146131	38.1557696
44.0979741	44.4639731
44.1813351	58.5022287
44.2646961	63.8269961
44.3480571	54.9448023
44.4314181	47.9546565
44.5147791	49.1009048
44.5981402	49.9382805
44.6815012	43.9069077
44.7648622	42.4114373
44.8482232	35.3979673
44.9315842	37.1835972
45.0149452	36.2139448
45.0983062	35.2537858
45.1816672	37.3732838
45.2650282	35.5802611
45.3483892	29.8154854
45.4317502	31.2756276
45.5151113	33.1043415
45.5984723	30.0361862
45.6818333	31.0466382
45.7651943	29.5019805
45.8485553	23.9501308
45.9319163	23.7634569
46.0152773	25.4495357
46.0986383	26.5179541
46.1819993	22.3573277
46.2653603	29.5057594
46.3487214	22.4005060
46.4320824	22.9060173
46.5154434	22.6785367
46.5988044	32.0400509
46.6821654	25.7008875
46.7655264	20.8086718
46.8488874	22.6823604
46.9322484	27.5187785
47.0156094	24.5669001
47.0989704	24.6580706
47.1823315	27.4615806
47.2656925	24.1236810
47.3490535	21.8142087
47.4324145	24.7844725
47.5157755	25.2843449
47.5991365	24.0146979
47.6824975	28.1643600
47.7658585	23.7173153
47.8492195	40.0620470
47.9325805	23.4303926
48.0159415	27.6047037
48.0993026	29.7500626
48.1826636	33.4716779
48.2660246	37.3085540
48.3493856	40.4257152
48.4327466	39.4529346
48.5161076	37.1986563
48.5994686	41.9036700
48.6828296	34.7644628
48.7661906	53.0407220
48.8495516	43.0328978
48.9329127	39.1621150
49.0162737	59.2936962
49.0996347	55.5219293
49.1829957	47.2523039
49.2663567	61.8645888
49.3497177	49.6318266
49.4330787	49.1058365
49.5164397	49.3042079
49.5998007	56.2324057
49.6831617	40.5423457
49.7665227	38.8525258
49.8498838	38.7754809
49.9332448	38.6464079
50.0166058	37.7724476
50.0999668	38.0704926
50.1833278	36.3352124
50.2666888	34.5776263
50.3500498	40.1681163
50.4334108	38.0905919
50.5167718	35.2640428
50.6001328	42.5917981
50.6834939	47.9045710
50.7668549	35.8543454
50.8502159	46.1001149
50.9335769	38.4029865
51.0169379	39.9732905
51.1002989	47.5808090
51.1836599	50.1969545
51.2670209	42.2473804
51.3503819	43.6049658
51.4337429	43.6902994
51.5171040	54.0744606
51.6004650	52.5288198
51.6838260	40.3576851
51.7671870	46.7620191
51.8505480	37.8556052
51.9339090	32.1076355
52.0172700	41.1419907
52.1006310	46.0088454
52.1839920	50.9521791
52.2673530	83.5094671
52.3507140	69.0608948
52.4340751	67.5282104
52.5174361	58.2354123
52.6007971	55.1515000
52.6841581	59.7383132
52.7675191	46.2823285
52.8508801	54.0421028
52.9342411	38.8922858
53.0176021	46.2134403
53.1009631	47.3799152
53.1843241	44.6344705
53.2676852	43.1143888
53.3510462	38.6744376
53.4344072	41.9767309
53.5177682	39.9355153
53.6011292	38.1322709
53.6844902	44.2022440
53.7678512	40.2493338
53.8512122	53.9633983
53.9345732	47.3442429
54.0179342	60.8298036
54.1012953	48.4189438
54.1846563	60.0632303
54.2680173	57.6305998
54.3513783	54.1486671
54.4347393	58.8188760
54.5181003	54.4896854
54.6014613	50.6566400
54.6848223	53.0378884
54.7681833	55.3425729
54.8515443	47.5345142
54.9349053	42.9398461
55.0182664	61.0165953
55.1016274	55.8283314
55.1849884	66.4403646
55.2683494	70.0697250
55.3517104	59.4862165
55.4350714	52.9527011
55.5184324	49.8421784
55.6017934	48.5330566
55.6851544	50.6906952
55.7685154	43.6022595
55.8518765	40.3365108
55.9352375	36.3136090
56.0185985	38.4633692
56.1019595	34.8104653
56.1853205	36.7670475
56.2686815	34.1886276
56.3520425	29.1178830
56.4354035	32.6821317
56.5187645	29.6657239
56.6021255	29.6401177
56.6854865	25.2047399
56.7688476	23.4898017
56.8522086	26.9547728
56.9355696	25.9270079
57.0189306	23.2289967
57.1022916	20.4116274
57.1856526	25.2735456
57.2690136	23.3348279
57.3523746	32.7915650
57.4357356	31.1920527
57.5190966	28.5373966
57.6024577	30.1184150
57.6858187	28.8821278
57.7691797	27.7587181
57.8525407	33.7797631
57.9359017	36.0348877
58.0192627	30.9482942
58.1026237	32.2894956
58.1859847	38.6771863
58.2693457	34.7535150
58.3527067	42.2510486
58.4360678	36.2635659
58.5194288	33.8341203
58.6027898	46.6190092
58.6861508	45.9335403
58.7695118	42.1068835
58.8528728	40.6829040
58.9362338	49.2233204
59.0195948	44.5947717
59.1029558	43.3438449
59.1863168	46.2591316
59.2696778	54.0534466
59.3530389	65.1160988
59.4363999	55.2246269
59.5197609	52.3602226
59.6031219	74.3802261
59.6864829	52.5498196
59.7698439	60.7253232
59.8532049	43.4533844
59.9365659	57.6140037
60.0199269	44.1359442
60.1032879	46.0712885
60.1866490	42.0298999
60.2700100	41.1120705
60.3533710	39.4542241
60.4367320	36.3988813
60.5200930	49.1425650
60.6034540	40.7269074
60.6868150	39.9756856
60.7701760	55.1430841
60.8535370	42.2325004
60.9368980	38.6992894
61.0202591	38.3874087
61.1036201	42.5826607
61.1869811	36.2050173
61.2703421	35.2814264
61.3537031	39.4808605
61.4370641	36.2081197
61.5204251	37.2524288
61.6037861	34.6269527
61.6871471	36.2258356
61.7705081	39.1926859
61.8538691	40.6740448
61.9372302	31.9687935
62.0205912	38.9796255
62.1039522	35.0067834
62.1873132	57.3091198
62.2706742	54.1651690
62.3540352	59.4863768
62.4373962	51.8842096
62.5207572	42.7217385
62.6041182	44.2845318
62.6874792	44.5615275
62.7708403	43.1209989
62.8542013	50.0751329
62.9375623	36.8188091
63.0209233	32.9974306
63.1042843	37.8171795
63.1876453	35.0044825
63.2710063	29.8943785
63.3543673	29.5567644
63.4377283	35.9580196
63.5210893	32.2670436
63.6044503	30.9578393
63.6878114	33.0733109
63.7711724	30.3397711
63.8545334	26.3845671
63.9378944	24.3248765
64.0212554	24.3846440
64.1046164	25.6666060
64.1879774	24.1244425
64.2713384	32.4996233
64.3546994	20.8179200
64.4380604	21.9665752
64.5214215	25.7320642
64.6047825	23.8920207
64.6881435	24.6701476
64.7715045	26.6620602
64.8548655	25.4523481
64.9382265	21.3497163
65.0215875	24.5875321
65.1049485	22.1004855
65.1883095	20.7447695
65.2716705	18.2468800
65.3550316	24.5302659
65.4383926	19.4860091
65.5217536	18.8810870
65.6051146	16.8673624
65.6884756	16.2576100
65.7718366	15.3790291
65.8551976	23.2224714
65.9385586	18.3407933
66.0219196	25.3806781
66.1052806	22.6258603
66.1886416	32.0545655
66.2720027	28.8456327
66.3553637	49.1408582
66.4387247	42.1338523
66.5220857	46.8038961
66.6054467	37.6420592
66.6888077	42.3013227
66.7721687	36.4437404
66.8555297	41.2871459
66.9388907	37.8965605
67.0222517	39.8544298
67.1056128	47.4019994
67.1889738	67.1526419
67.2723348	61.6640816
67.3556958	69.4850024
67.4390568	58.2537718
67.5224178	58.0892246
67.6057788	50.2454982
67.6891398	43.3337411
67.7725008	50.3827561
67.8558618	50.5583455
67.9392228	43.9073839
68.0225839	39.2131765
68.1059449	40.6877932
68.1893059	40.6414088
68.2726669	35.1730562
68.3560279	41.9232129
68.4393889	39.5222849
68.5227499	38.5394617
68.6061109	32.2998140
68.6894719	39.1490385
68.7728329	41.4843433
68.8561940	31.6629148
68.9395550	32.9861339
69.0229160	32.4109494
69.1062770	36.5570470
69.1896380	57.4715878
69.2729990	49.2858625
69.3563600	52.0570407
69.4397210	48.9788429
69.5230820	42.5805815
69.6064430	49.8007115
69.6898041	47.7853426
69.7731651	40.8347070
69.8565261	35.6278219
69.9398871	32.1088755
70.0232481	44.7579752
70.1066091	39.0961735
70.1899701	39.5973212
70.2733311	36.2020587
70.3566921	36.1868535
70.4400531	44.7898945
70.5234141	47.8264558
70.6067752	41.3882647
70.6901362	48.6056742
70.7734972	47.8229433
70.8568582	47.0553139
70.9402192	51.3575170
