# time(yr)	T(C)
0.0000000	13.9677734
0.0833610	13.2426147
0.1667220	11.5611267
0.2500830	16.8046570
0.3334440	21.4830017
0.4168050	25.3600769
0.5001661	27.3872681
0.5835271	29.2294922
0.6668881	29.7068481
0.7502491	26.5980225
0.8336101	24.6202393
0.9169711	17.2075500
1.0003321	10.0771790
1.0836931	9.8934631
1.1670541	12.3148804
1.2504151	15.0542297
1.3337762	22.2458496
1.4171372	23.9364929
1.5004982	27.7976990
1.5838592	30.2482605
1.6672202	28.5639343
1.7505812	26.3735962
1.8339422	21.9313965
1.9173032	16.0120850
2.0006642	10.6926270
2.0840252	10.2814026
2.1673863	15.2431030
2.2507473	17.9293518
2.3341083	21.7306519
2.4174693	22.9763489
2.5008303	27.9808044
2.5841913	29.6756592
2.6675523	29.7000122
2.7509133	27.3480835
2.8342743	22.8448486
2.9176353	15.2060242
3.0009963	15.1059570
3.0843574	8.0854797
3.1677184	13.6719360
3.2510794	15.1622925
3.3344404	19.8962402
3.4178014	24.4189148
3.5011624	27.3413391
3.5845234	28.2759705
3.6678844	29.2603455
3.7512454	28.0352783
3.8346064	20.3925781
3.9179675	15.7292786
4.0013285	13.0406799
4.0846895	13.0550537
4.1680505	13.6582031
4.2514115	16.8323364
4.3347725	21.0707092
4.4181335	26.6303101
4.5014945	28.4038696
4.5848555	31.2693481
4.6682165	28.2543640
4.7515775	25.5999451
4.8349386	20.7649841
4.9182996	17.5013733
5.0016606	11.9370422
5.0850216	7.7780762
5.1683826	11.4271851
5.2517436	16.5778503
5.3351046	20.9278564
5.4184656	25.1452026
5.5018266	26.4761963
5.5851876	29.1719055
5.6685487	29.5962524
5.7519097	28.4498901
5.8352707	21.2150574
5.9186317	18.9527588
6.0019927	10.6477966
6.0853537	10.9587708
6.1687147	15.6446228
6.2520757	20.1694031
6.3354367	21.0944519
6.4187977	26.4288025
6.5021588	27.7167969
6.5855198	29.2130127
6.6688808	29.0299377
6.7522418	27.2956238
6.8356028	22.2884521
6.9189638	18.7097778
7.0023248	13.1260376
7.0856858	11.5634460
7.1690468	16.0489502
7.2524078	15.9879456
7.3357688	21.0744629
7.4191299	24.9780273
7.5024909	28.0885620
7.5858519	28.8374939
7.6692129	28.6532288
7.7525739	25.2198486
7.8359349	22.6083679
7.9192959	17.0450439
8.0026569	11.8203430
8.0860179	10.7973633
8.1693789	11.5176697
8.2527400	17.8887024
8.3361010	22.2721252
8.4194620	23.0963440
8.5028230	28.2637024
8.5861840	29.4263916
8.6695450	28.8310852
8.7529060	27.2602234
8.8362670	21.8168030
8.9196280	18.5829163
9.0029890	13.5257263
9.0863500	7.4617310
9.1697111	11.2105713
9.2530721	14.7752380
9.3364331	20.4350281
9.4197941	21.4728088
9.5031551	26.7511597
9.5865161	29.7510071
9.6698771	29.0560608
9.7532381	27.6788025
9.8365991	23.3366394
9.9199601	16.5377502
10.0033212	12.4953918
10.0866822	8.5516968
10.1700432	13.9032898
10.2534042	17.4680786
10.3367652	21.0610962
10.4201262	23.5738831
10.5034872	26.6322327
10.5868482	29.8987427
10.6702092	28.7015076
10.7535702	26.7891846
10.8369313	20.0805664
10.9202923	13.1137390
11.0036533	10.3382874
11.0870143	10.1998901
11.1703753	17.5935364
11.2537363	21.2926331
11.3370973	20.4392090
11.4204583	24.1252441
11.5038193	27.4372559
11.5871803	29.5425110
11.6705413	28.1864929
11.7539024	26.8959656
11.8372634	23.8779297
11.9206244	14.9516602
12.0039854	10.1664124
12.0873464	8.0443115
12.1707074	10.4513550
12.2540684	15.0748291
12.3374294	19.6534729
12.4207904	24.7021790
12.5041514	27.4108887
12.5875125	28.3277283
12.6708735	28.8862305
12.7542345	27.0328979
12.8375955	22.1174316
12.9209565	16.0173645
13.0043175	10.4403381
13.0876785	9.2110901
13.1710395	11.3004150
13.2544005	16.1892395
13.3377615	20.7560425
13.4211226	24.6222534
13.5044836	27.4143677
13.5878446	28.1976929
13.6712056	28.9455566
13.7545666	27.3825073
13.8379276	21.5968018
13.9212886	18.0154419
14.0046496	13.9606934
14.0880106	15.3964233
14.1713716	13.0701294
14.2547326	16.4164124
14.3380937	20.6389160
14.4214547	24.4636841
14.5048157	27.1244202
14.5881767	29.5258484
14.6715377	28.0928650
14.7548987	25.7558899
14.8382597	23.3024292
14.9216207	17.2465820
15.0049817	11.5705872
15.0883427	13.2796631
15.1717038	15.4350586
15.2550648	17.4189453
15.3384258	24.1158752
15.4217868	22.0725098
15.5051478	26.6127625
15.5885088	29.5826111
15.6718698	29.0742493
15.7552308	26.2649231
15.8385918	24.6899414
15.9219528	21.9663086
16.0053138	10.3672485
16.0886749	11.2346802
16.1720359	13.7671509
16.2553969	17.5125427
16.3387579	20.7782898
16.4221189	24.5673218
16.5054799	27.8385620
16.5888409	28.7925720
16.6722019	28.9605408
16.7555629	28.5194702
16.8389239	22.4370117
16.9222850	17.2290649
17.0056460	15.4343567
17.0890070	10.1427612
17.1723680	10.2746277
17.2557290	16.7190247
17.3390900	23.1450195
17.4224510	25.5021057
17.5058120	28.4944763
17.5891730	28.3865662
17.6725340	28.7792664
17.7558951	26.1277466
17.8392561	22.7217407
17.9226171	16.2548218
18.0059781	9.3776855
18.0893391	11.8689270
18.1727001	11.9499817
18.2560611	15.9790649
18.3394221	22.6298828
18.4227831	24.8628540
18.5061441	28.0837097
18.5895051	27.9362793
18.6728662	29.3766785
18.7562272	27.0997620
18.8395882	22.5605469
18.9229492	21.1894836
19.0063102	16.7684631
19.0896712	8.9735718
19.1730322	11.6303406
19.2563932	16.5450134
19.3397542	19.9211426
19.4231152	24.2898560
19.5064763	27.6067810
19.5898373	28.8969727
19.6731983	27.8763428
19.7565593	26.1451416
19.8399203	22.8061523
19.9232813	18.8728333
20.0066423	10.9626770
20.0900033	7.6374512
20.1733643	18.3389893
20.2567253	16.8517456
20.3400864	22.6864929
20.4234474	22.4631042
20.5068084	26.6257629
20.5901694	29.4893188
20.6735304	27.6908569
20.7568914	27.3475037
20.8402524	22.8345032
20.9236134	14.9661255
21.0069744	12.0234375
21.0903354	11.0281677
21.1736964	13.3482666
21.2570575	11.3580322
21.3404185	18.6342468
21.4237795	23.7970886
21.5071405	26.3544312
21.5905015	29.4405212
21.6738625	29.9866943
21.7572235	26.6709595
21.8405845	22.8044128
21.9239455	19.4213867
22.0073065	13.7041016
22.0906676	12.0423279
22.1740286	13.6939392
22.2573896	16.0773315
22.3407506	19.5570374
22.4241116	23.5140686
22.5074726	28.6214600
22.5908336	29.3162537
22.6741946	28.6780396
22.7575556	26.9391785
22.8409166	21.0953979
22.9242776	18.2217102
23.0076387	10.2577209
23.0909997	13.9472656
23.1743607	13.4468384
23.2577217	16.1027832
23.3410827	20.2971497
23.4244437	25.0096130
23.5078047	27.2377014
23.5911657	29.0778809
23.6745267	27.8188477
23.7578877	26.2097778
23.8412488	21.9003296
23.9246098	16.9964905
24.0079708	11.7680664
24.0913318	8.7030334
24.1746928	12.5760193
24.2580538	15.5127869
24.3414148	21.8016052
24.4247758	24.1622925
24.5081368	27.1105957
24.5914978	29.1560059
24.6748589	28.9162598
24.7582199	26.9661255
24.8415809	18.8811340
24.9249419	16.3100891
25.0083029	10.9326477
25.0916639	9.7445679
25.1750249	12.1405640
25.2583859	14.0995483
25.3417469	20.4300232
25.4251079	23.0477295
25.5084689	28.5955811
25.5918300	28.5015564
25.6751910	28.6071167
25.7585520	25.4981384
25.8419130	21.3002014
25.9252740	18.7594604
26.0086350	12.0470886
26.0919960	6.7410278
26.1753570	10.4147034
26.2587180	12.5446472
26.3420790	20.1602478
26.4254401	23.1694946
26.5088011	27.4354248
26.5921621	29.3447266
26.6755231	27.7273560
26.7588841	28.1384888
26.8422451	23.5399780
26.9256061	20.3382263
27.0089671	13.5456238
27.0923281	14.3831482
27.1756891	7.7218018
27.2590501	14.2885437
27.3424112	21.2252197
27.4257722	23.5929260
27.5091332	27.2767944
27.5924942	28.7241211
27.6758552	28.2174072
27.7592162	26.5401306
27.8425772	21.5160522
27.9259382	16.2178650
28.0092992	10.4790039
28.0926602	14.3555908
28.1760213	14.1425171
28.2593823	21.5241394
28.3427433	22.6611938
28.4261043	25.0038757
28.5094653	27.0969543
28.5928263	27.8611145
28.6761873	27.7803955
28.7595483	26.6317444
28.8429093	21.6271973
28.9262703	17.6122742
29.0096314	14.1665344
29.0929924	6.8984985
29.1763534	12.4060974
29.2597144	16.0559998
29.3430754	17.3220520
29.4264364	22.4249878
29.5097974	27.3464661
29.5931584	28.3833008
29.6765194	29.7589722
29.7598804	27.3765564
29.8432414	21.4468079
29.9266025	17.7999268
30.0099635	12.1749268
30.0933245	7.4422607
30.1766855	11.3464661
30.2600465	18.6225891
30.3434075	19.5629883
30.4267685	19.3273621
30.5101295	27.4999390
30.5934905	29.4280090
30.6768515	28.9229736
30.7602126	28.3031006
30.8435736	21.1444397
30.9269346	14.9626465
31.0102956	11.2743530
31.0936566	11.5550537
31.1770176	12.0755005
31.2603786	17.1381531
31.3437396	21.9901428
31.4271006	23.1959839
31.5104616	27.6913757
31.5938227	29.8381348
31.6771837	29.1045837
31.7605447	27.7831421
31.8439057	24.3177185
31.9272667	17.7209778
32.0106277	12.7043457
32.0939887	10.4858704
32.1773497	15.6466064
32.2607107	18.1937561
32.3440717	25.0845642
32.4274327	24.9208984
32.5107938	27.1771545
32.5941548	28.1882935
32.6775158	28.4823303
32.7608768	26.2870178
32.8442378	23.1358643
32.9275988	14.1877441
33.0109598	7.9914856
33.0943208	9.9214783
33.1776818	12.5535278
33.2610428	15.9803162
33.3444039	22.4421997
33.4277649	23.1211243
33.5111259	27.2370911
33.5944869	28.1513062
33.6778479	28.5819702
33.7612089	27.5042725
33.8445699	20.0898132
33.9279309	17.7409973
34.0112919	10.4422302
34.0946529	11.0585938
34.1780139	13.2919006
34.2613750	20.3877563
34.3447360	22.5952759
34.4280970	23.7809753
34.5114580	28.3613281
34.5948190	28.6257629
34.6781800	28.4520264
34.7615410	26.1481934
34.8449020	22.8361511
34.9282630	15.3591614
35.0116240	14.3875427
35.0949851	13.2829895
35.1783461	11.6899414
35.2617071	14.3207092
35.3450681	21.2579041
35.4284291	22.8294067
35.5117901	25.9326782
35.5951511	29.2430115
35.6785121	28.9671936
35.7618731	27.6318054
35.8452341	24.3693237
35.9285952	16.7745361
36.0119562	12.0332336
36.0953172	11.8781128
36.1786782	11.9070740
36.2620392	13.3132324
36.3454002	20.4246826
36.4287612	24.2368469
36.5121222	26.6148682
36.5954832	28.8095703
36.6788442	28.9678345
36.7622052	27.0664062
36.8455663	21.0426941
36.9289273	14.2967529
37.0122883	12.2627869
37.0956493	13.9246216
37.1790103	8.0267029
37.2623713	18.1933289
37.3457323	22.1594238
37.4290933	23.7281799
37.5124543	26.8765564
37.5958153	28.7786255
37.6791764	29.1976318
37.7625374	27.7884216
37.8458984	20.2975769
37.9292594	16.6493835
38.0126204	16.5213928
38.0959814	12.5038147
38.1793424	14.6189880
38.2627034	16.5755310
38.3460644	22.9567261
38.4294254	24.2861023
38.5127864	27.8819580
38.5961475	28.8513489
38.6795085	27.8604736
38.7628695	26.7669983
38.8462305	22.6828308
38.9295915	20.0696106
39.0129525	15.4851990
39.0963135	11.5922546
39.1796745	13.4970398
39.2630355	20.9684143
39.3463965	22.3287964
39.4297576	24.7417297
39.5131186	28.0323792
39.5964796	28.4030762
39.6798406	29.5126953
39.7632016	26.9265442
39.8465626	20.7858582
39.9299236	18.5711060
40.0132846	9.9012146
40.0966456	12.2397461
40.1800066	15.9220886
40.2633677	16.4015503
40.3467287	23.0931091
40.4300897	25.5161743
40.5134507	26.4778137
40.5968117	28.8094177
40.6801727	29.0987854
40.7635337	27.0330811
40.8468947	23.3243408
40.9302557	16.3562927
41.0136167	12.8701477
41.0969777	10.2879944
41.1803388	11.5907288
41.2636998	18.0798035
41.3470608	22.2397766
41.4304218	24.0726013
41.5137828	27.0965576
41.5971438	28.0939941
41.6805048	29.0752258
41.7638658	27.2727356
41.8472268	23.0686340
41.9305878	15.2609863
42.0139489	14.0044556
42.0973099	12.9693604
42.1806709	10.6793823
42.2640319	15.0256958
42.3473929	22.2057800
42.4307539	24.3844299
42.5141149	26.8314819
42.5974759	29.2156067
42.6808369	28.5143127
42.7641979	27.9111938
42.8475590	23.3294067
42.9309200	16.9808655
43.0142810	13.1381836
43.0976420	7.0203857
43.1810030	12.0411377
43.2643640	14.5209961
43.3477250	17.8523865
43.4310860	23.9696350
43.5144470	26.6250305
43.5978080	28.2532654
43.6811690	28.0518799
43.7645301	25.8824158
43.8478911	23.9710083
43.9312521	18.2174072
44.0146131	10.1953430
44.0979741	11.3592529
44.1813351	11.0691223
44.2646961	14.3426208
44.3480571	20.5378418
44.4314181	23.1593628
44.5147791	27.4868774
44.5981402	29.2010803
44.6815012	29.1873474
44.7648622	27.5715332
44.8482232	22.8935242
44.9315842	17.3404846
45.0149452	11.9952393
45.0983062	7.9170837
45.1816672	16.3985291
45.2650282	19.9429016
45.3483892	20.2527771
45.4317502	24.6723328
45.5151113	26.9172058
45.5984723	28.5788574
45.6818333	29.2575684
45.7651943	27.3229370
45.8485553	22.2815552
45.9319163	16.7316895
46.0152773	15.7159424
46.0986383	14.5329895
46.1819993	15.1163330
46.2653603	17.2778015
46.3487214	22.3116150
46.4320824	25.2255859
46.5154434	27.9698792
46.5988044	27.6431274
46.6821654	28.3777466
46.7655264	27.8065186
46.8488874	23.0725403
46.9322484	18.5016174
47.0156094	11.2137756
47.0989704	12.2700500
47.1823315	16.5757141
47.2656925	18.2819519
47.3490535	20.8654480
47.4324145	24.4135132
47.5157755	26.5927734
47.5991365	29.0480042
47.6824975	28.9506836
47.7658585	28.4358215
47.8492195	21.1589661
47.9325805	18.8142700
48.0159415	11.5177002
48.0993026	8.4815063
48.1826636	8.8216858
48.2660246	15.0365906
48.3493856	23.1485291
48.4327466	24.9340210
48.5161076	28.6985474
48.5994686	29.6220398
48.6828296	29.8834534
48.7661906	27.2794189
48.8495516	23.4173279
48.9329127	22.0405884
49.0162737	17.0208435
49.0996347	12.3596497
49.1829957	12.5102539
49.2663567	15.9002075
49.3497177	21.0663452
49.4330787	23.3185425
49.5164397	27.3885498
49.5998007	28.5221558
49.6831617	29.9659424
49.7665227	27.9848328
49.8498838	24.8068848
49.9332448	16.0928650
50.0166058	13.7758789
50.0999668	15.8639526
50.1833278	14.3122253
50.2666888	22.7827454
50.3500498	21.2048035
50.4334108	24.8190613
50.5167718	29.1509094
50.6001328	28.3610229
50.6834939	28.5301819
50.7668549	27.8932190
50.8502159	23.2093811
50.9335769	19.1125488
51.0169379	16.0178528
51.1002989	12.4517517
51.1836599	12.5792236
51.2670209	18.5528259
51.3503819	22.8409729
51.4337429	24.5756531
51.5171040	27.2122192
51.6004650	27.8692017
51.6838260	29.2145691
51.7671870	27.1608582
51.8505480	21.5232544
51.9339090	16.4841003
52.0172700	9.5246277
52.1006310	10.6976318
52.1839920	12.8751526
52.2673530	16.4931946
52.3507140	22.5050354
52.4340751	24.6359253
52.5174361	27.8223877
52.6007971	29.1737976
52.6841581	28.8360291
52.7675191	27.8214417
52.8508801	24.7396851
52.9342411	19.3420715
53.0176021	11.5732422
53.1009631	11.3822937
53.1843241	15.0971069
53.2676852	16.9940186
53.3510462	19.4516602
53.4344072	24.7427368
53.5177682	28.0644226
53.6011292	28.9711914
53.6844902	29.2862854
53.7678512	27.5991211
53.8512122	22.1394653
53.9345732	18.5732117
54.0179342	12.7887878
54.1012953	11.2078247
54.1846563	13.5002136
54.2680173	16.4704895
54.3513783	21.6405945
54.4347393	24.9608154
54.5181003	28.3376465
54.6014613	30.1694946
54.6848223	28.9201965
54.7681833	26.4571228
54.8515443	23.9778137
54.9349053	17.6057434
55.0182664	12.0455933
55.1016274	11.0582581
55.1849884	13.3279114
55.2683494	18.2764893
55.3517104	23.7828064
55.4350714	24.1566467
55.5184324	27.8794556
55.6017934	31.0166321
55.6851544	29.9391785
55.7685154	27.8066101
55.8518765	22.8123779
55.9352375	16.0351868
56.0185985	14.2765808
56.1019595	16.5493469
56.1853205	17.0294495
56.2686815	16.9395447
56.3520425	22.3592224
56.4354035	24.1458740
56.5187645	28.7333374
56.6021255	28.7055359
56.6854865	29.6450806
56.7688476	28.5838623
56.8522086	24.4250793
56.9355696	16.8406372
57.0189306	13.6947327
57.1022916	15.6214600
57.1856526	16.4854736
57.2690136	21.3379822
57.3523746	20.2343750
57.4357356	24.8015747
57.5190966	26.7278748
57.6024577	28.6996460
57.6858187	28.3677368
57.7691797	27.6650391
57.8525407	23.9820251
57.9359017	20.5220947
58.0192627	17.4782104
58.1026237	11.7335510
58.1859847	12.5038452
58.2693457	16.6143799
58.3527067	21.9224548
58.4360678	24.3912048
58.5194288	28.1179199
58.6027898	27.8688354
58.6861508	28.2829590
58.7695118	26.9904480
58.8528728	24.5881348
58.9362338	18.4287720
59.0195948	12.9110107
59.1029558	8.8326721
59.1863168	12.8826599
59.2696778	17.8236084
59.3530389	21.6455688
59.4363999	24.9468994
59.5197609	28.4947205
59.6031219	28.8025208
59.6864829	29.2000732
59.7698439	27.4491882
59.8532049	22.1771851
59.9365659	18.8749084
60.0199269	14.6942139
60.1032879	15.0316772
60.1866490	17.1560364
60.2700100	21.1907959
60.3533710	22.9589539
60.4367320	26.7149658
60.5200930	26.9576111
60.6034540	30.2486572
60.6868150	28.7791748
60.7701760	26.1572876
60.8535370	23.6394958
60.9368980	14.7138977
61.0202591	10.3797607
61.1036201	13.6861267
61.1869811	13.7350159
61.2703421	14.4999084
61.3537031	23.1887207
61.4370641	25.2851562
61.5204251	27.4435120
61.6037861	29.3750305
61.6871471	28.9016724
61.7705081	26.3650513
61.8538691	23.0218201
61.9372302	17.2091064
62.0205912	13.7645874
62.1039522	11.8516235
62.1873132	15.3675842
62.2706742	14.8398132
62.3540352	22.3886108
62.4373962	24.7089844
62.5207572	28.8659973
62.6041182	30.4356079
62.6874792	30.0560608
62.7708403	28.8045349
62.8542013	23.6751709
62.9375623	14.8846436
63.0209233	12.6579590
63.1042843	17.8700562
63.1876453	17.3684998
63.2710063	22.6734619
63.3543673	22.3078308
63.4377283	24.2218323
63.5210893	27.8635864
63.6044503	29.9613342
63.6878114	28.9672852
63.7711724	26.5810852
63.8545334	24.5186462
63.9378944	16.1227112
64.0212554	15.5622253
64.1046164	14.5030518
64.1879774	15.8413391
64.2713384	17.4357605
64.3546994	24.0858765
64.4380604	26.7946472
64.5214215	27.7437744
64.6047825	29.9855042
64.6881435	28.9567566
64.7715045	28.1068726
64.8548655	24.0959778
64.9382265	17.4488525
65.0215875	15.4488220
65.1049485	10.8126221
65.1883095	12.7786865
65.2716705	22.1732178
65.3550316	24.7022095
65.4383926	23.9450989
65.5217536	27.4370117
65.6051146	30.8776855
65.6884756	29.7371216
65.7718366	28.1899109
65.8551976	23.5388184
65.9385586	20.0242004
66.0219196	11.2752686
66.1052806	12.2225647
66.1886416	14.4905396
66.2720027	16.7860718
66.3553637	22.9768677
66.4387247	25.8333740
66.5220857	26.8994751
66.6054467	30.2637634
66.6888077	29.1898804
66.7721687	27.5323792
66.8555297	22.0048523
66.9388907	17.3876648
67.0222517	16.6304321
67.1056128	13.0971069
67.1889738	13.7816467
67.2723348	16.1502380
67.3556958	22.1622925
67.4390568	25.5396118
67.5224178	28.3497925
67.6057788	31.3139343
67.6891398	30.4428711
67.7725008	28.3486633
67.8558618	24.2815552
67.9392228	19.2459412
68.0225839	14.9227295
68.1059449	13.1902771
68.1893059	14.6097412
68.2726669	21.9383545
68.3560279	22.3641357
68.4393889	25.5351257
68.5227499	28.9174500
68.6061109	30.5442200
68.6894719	29.3495178
68.7728329	28.1720886
68.8561940	25.2575073
68.9395550	20.7612000
69.0229160	12.0005493
69.1062770	12.8531189
69.1896380	14.2010803
69.2729990	16.3303528
69.3563600	21.7298279
69.4397210	24.5881958
69.5230820	28.7841187
69.6064430	29.9804993
69.6898041	29.6261597
69.7731651	28.2215576
69.8565261	26.5014343
69.9398871	20.9535828
70.0232481	17.5030823
70.1066091	11.2975464
70.1899701	11.5179138
70.2733311	17.0674133
70.3566921	22.7557678
70.4400531	24.9255066
70.5234141	27.5500793
70.6067752	29.5426331
70.6901362	30.0073853
70.7734972	28.6070557
70.8568582	23.2140503
70.9402192	20.2933655
