# time(yr)	moisture(mm/m)
0.0000000	313.2215271
0.0833610	330.3458557
0.1667220	327.6716309
0.2500830	325.9935913
0.3334440	293.2160034
0.4168050	237.2223511
0.5001661	264.8283081
0.5835271	276.0520630
0.6668881	264.0958252
0.7502491	291.0588989
0.8336101	327.3546143
0.9169711	338.0180664
1.0003321	339.0116577
1.0836931	315.9423828
1.1670541	324.3944702
1.2504151	331.6062317
1.3337762	312.0217896
1.4171372	291.2999268
1.5004982	293.6898193
1.5838592	294.9079895
1.6672202	287.9152527
1.7505812	311.7764587
1.8339422	319.8092041
1.9173032	293.7426147
2.0006642	323.1367188
2.0840252	314.5275574
2.1673863	325.4149780
2.2507473	293.7723999
2.3341083	281.6571960
2.4174693	272.2268982
2.5008303	255.7265778
2.5841913	216.6388550
2.6675523	220.5931091
2.7509133	230.0276184
2.8342743	222.0762024
2.9176353	291.2976379
3.0009963	296.4016418
3.0843574	288.7219849
3.1677184	291.5267029
3.2510794	325.4617004
3.3344404	313.5899048
3.4178014	286.6077576
3.5011624	305.7128296
3.5845234	325.3600769
3.6678844	303.0533752
3.7512454	304.0267944
3.8346064	267.6378174
3.9179675	274.7376404
4.0013285	322.3317871
4.0846895	303.8120422
4.1680505	295.0953979
4.2514115	269.5277710
4.3347725	249.3404236
4.4181335	204.1143494
4.5014945	169.3220215
4.5848555	184.4411469
4.6682165	258.8285828
4.7515775	305.3596497
4.8349386	288.1413574
4.9182996	271.2769470
5.0016606	311.1012268
5.0850216	318.1219177
5.1683826	326.3976746
5.2517436	327.7896423
5.3351046	323.7259216
5.4184656	337.1476440
5.5018266	320.8650818
5.5851876	286.6291504
5.6685487	303.7410278
5.7519097	269.6024475
5.8352707	248.2142334
5.9186317	292.1740723
6.0019927	328.1234131
6.0853537	331.2830505
6.1687147	328.0255432
6.2520757	321.3123169
6.3354367	320.7376709
6.4187977	303.1147156
6.5021588	299.2519226
6.5855198	283.6528931
6.6688808	287.0217590
6.7522418	322.3191223
6.8356028	276.3932495
6.9189638	303.4494934
7.0023248	324.1437988
7.0856858	312.9817505
7.1690468	306.9599609
7.2524078	308.2507324
7.3357688	305.1541443
7.4191299	286.2232361
7.5024909	233.7719421
7.5858519	306.8522339
7.6692129	300.3170471
7.7525739	321.5481873
7.8359349	309.4469604
7.9192959	324.4281921
8.0026569	324.2643433
8.0860179	331.0691833
8.1693789	333.5882568
8.2527400	318.3096619
8.3361010	305.7832642
8.4194620	294.9869690
8.5028230	263.0882568
8.5861840	263.2343750
8.6695450	276.4463196
8.7529060	293.7945251
8.8362670	255.2422028
8.9196280	278.6697083
9.0029890	319.0357056
9.0863500	312.8918152
9.1697111	326.6085205
9.2530721	314.3621216
9.3364331	304.2269897
9.4197941	302.6826782
9.5031551	298.1672668
9.5865161	301.9642944
9.6698771	271.8382568
9.7532381	275.9286499
9.8365991	319.5506592
9.9199601	315.4617310
10.0033212	336.4097900
10.0866822	316.2746582
10.1700432	308.6117554
10.2534042	280.1168518
10.3367652	277.0856628
10.4201262	270.7562561
10.5034872	298.4815369
10.5868482	265.0392151
10.6702092	259.9964600
10.7535702	254.2224579
10.8369313	216.3426361
10.9202923	241.7768097
11.0036533	274.5862122
11.0870143	307.3922729
11.1703753	310.5749817
11.2537363	275.0184631
11.3370973	254.8934479
11.4204583	256.3839111
11.5038193	253.0825195
11.5871803	221.2796631
11.6705413	285.8499451
11.7539024	306.3460693
11.8372634	290.3017883
11.9206244	281.1054077
12.0039854	326.0662231
12.0873464	314.9359741
12.1707074	305.7571411
12.2540684	299.4298706
12.3374294	299.7280273
12.4207904	273.1488953
12.5041514	243.6219177
12.5875125	296.2519226
12.6708735	295.2942810
12.7542345	285.4403381
12.8375955	257.8666077
12.9209565	318.2181091
13.0043175	321.0637817
13.0876785	315.6395874
13.1710395	327.6958313
13.2544005	328.0652466
13.3377615	319.3860168
13.4211226	300.9092407
13.5044836	276.5852661
13.5878446	313.9387512
13.6712056	285.6780090
13.7545666	274.4531250
13.8379276	267.0748596
13.9212886	329.3423462
14.0046496	321.4588623
14.0880106	322.3322144
14.1713716	330.4307251
14.2547326	323.1489563
14.3380937	267.4449463
14.4214547	220.2117920
14.5048157	199.3296967
14.5881767	200.8753662
14.6715377	248.8401031
14.7548987	296.9429016
14.8382597	313.3584595
14.9216207	302.2539978
15.0049817	325.7773438
15.0883427	313.1245422
15.1717038	340.1387329
15.2550648	314.9557495
15.3384258	277.1538391
15.4217868	295.6906433
15.5051478	272.7691956
15.5885088	252.6372375
15.6718698	241.8615723
15.7552308	222.0879059
15.8385918	211.0619812
15.9219528	203.1802216
16.0053138	280.6681213
16.0886749	292.3082581
16.1720359	289.3174744
16.2553969	298.5943604
16.3387579	271.1515808
16.4221189	249.9623260
16.5054799	208.8665161
16.5888409	232.9080963
16.6722019	234.6167145
16.7555629	203.3332977
16.8389239	298.4645081
16.9222850	331.7141724
17.0056460	312.5570679
17.0890070	307.4399414
17.1723680	296.2734985
17.2557290	309.8931885
17.3390900	323.3624573
17.4224510	296.5508118
17.5058120	261.3919067
17.5891730	290.7065735
17.6725340	298.3896484
17.7558951	306.9421997
17.8392561	289.9179077
17.9226171	311.3332214
18.0059781	318.8376770
18.0893391	325.5000000
18.1727001	338.2127686
18.2560611	322.5410156
18.3394221	313.5172729
18.4227831	299.0330505
18.5061441	259.8957520
18.5895051	299.2048950
18.6728662	280.8162537
18.7562272	275.4152222
18.8395882	275.5330811
18.9229492	315.5516663
19.0063102	320.0135803
19.0896712	315.2976685
19.1730322	313.3914795
19.2563932	314.1914368
19.3397542	293.8179932
19.4231152	283.1875610
19.5064763	276.1113586
19.5898373	295.0662842
19.6731983	300.4474792
19.7565593	302.6582336
19.8399203	294.3646545
19.9232813	293.9813232
20.0066423	320.7584229
20.0900033	321.0745544
20.1733643	302.7213745
20.2567253	290.2065735
20.3400864	275.7439880
20.4234474	249.8022156
20.5068084	249.7664032
20.5901694	219.8943176
20.6735304	256.3866577
20.7568914	247.4326935
20.8402524	238.1954193
20.9236134	245.2897949
21.0069744	306.8583374
21.0903354	310.5081177
21.1736964	318.2989807
21.2570575	328.7204895
21.3404185	281.7312012
21.4237795	238.8256989
21.5071405	259.8030701
21.5905015	271.9895935
21.6738625	268.8896790
21.7572235	306.2188110
21.8405845	307.8700562
21.9239455	303.0053101
22.0073065	313.4562378
22.0906676	316.0956116
22.1740286	317.5062866
22.2573896	285.0877075
22.3407506	276.6440430
22.4241116	251.2488403
22.5074726	213.9788055
22.5908336	205.0904236
22.6741946	213.9641113
22.7575556	233.3028717
22.8409166	258.3139954
22.9242776	315.0123901
23.0076387	329.5867920
23.0909997	322.5838623
23.1743607	327.2589417
23.2577217	313.1038818
23.3410827	313.0627441
23.4244437	250.6860504
23.5078047	276.1539001
23.5911657	267.7266846
23.6745267	289.0040588
23.7578877	278.2858887
23.8412488	301.3915100
23.9246098	282.0181274
24.0079708	312.4137878
24.0913318	343.1574707
24.1746928	332.1235352
24.2580538	316.4604187
24.3414148	326.0253296
24.4247758	281.8619690
24.5081368	317.2359924
24.5914978	315.9987183
24.6748589	285.4936829
24.7582199	303.0715027
24.8415809	310.1775818
24.9249419	292.0238037
25.0083029	317.8952026
25.0916639	318.3517151
25.1750249	323.1877747
25.2583859	330.6955261
25.3417469	319.9736328
25.4251079	285.0716858
25.5084689	259.4530029
25.5918300	246.5013275
25.6751910	304.8785706
25.7585520	331.0805054
25.8419130	310.2032776
25.9252740	292.6680908
26.0086350	323.5572510
26.0919960	338.1722717
26.1753570	326.6523743
26.2587180	329.8763733
26.3420790	313.3742371
26.4254401	271.9394531
26.5088011	229.9829712
26.5921621	230.4942780
26.6755231	304.8807068
26.7588841	293.3621521
26.8422451	278.8191528
26.9256061	293.0315552
27.0089671	296.1790466
27.0923281	287.9707642
27.1756891	310.3599854
27.2590501	304.6470947
27.3424112	323.4659119
27.4257722	295.6612854
27.5091332	250.3030853
27.5924942	225.3513184
27.6758552	275.1624146
27.7592162	299.2620850
27.8425772	315.6813354
27.9259382	315.4835815
28.0092992	314.4131775
28.0926602	318.5199890
28.1760213	304.1196289
28.2593823	288.2013245
28.3427433	252.2516479
28.4261043	237.2790070
28.5094653	250.1692505
28.5928263	259.1315308
28.6761873	303.6576233
28.7595483	329.0411072
28.8429093	305.0815125
28.9262703	316.6696777
29.0096314	326.5726624
29.0929924	319.9282837
29.1763534	330.2591553
29.2597144	324.4243469
29.3430754	314.8612976
29.4264364	279.9041138
29.5097974	272.7096252
29.5931584	246.9151764
29.6765194	215.5506744
29.7598804	231.1111603
29.8432414	233.4735718
29.9266025	235.5374603
30.0099635	287.4666748
30.0933245	329.3076782
30.1766855	306.8329468
30.2600465	313.4620667
30.3434075	306.3677368
30.4267685	281.1779480
30.5101295	241.8212738
30.5934905	218.9751892
30.6768515	255.2712860
30.7602126	252.7309113
30.8435736	283.7078247
30.9269346	328.2609863
31.0102956	326.1688538
31.0936566	333.0792847
31.1770176	313.3067627
31.2603786	321.4431763
31.3437396	282.5350037
31.4271006	252.9179382
31.5104616	266.7275391
31.5938227	282.7538147
31.6771837	287.0574951
31.7605447	284.6128235
31.8439057	320.9816895
31.9272667	314.7077637
32.0106277	332.4418335
32.0939887	307.1017456
32.1773497	288.4118958
32.2607107	279.9140625
32.3440717	261.1115723
32.4274327	219.2688446
32.5107938	204.5596466
32.5941548	225.4926910
32.6775158	228.3520508
32.7608768	250.4416962
32.8442378	236.9867554
32.9275988	273.8103027
33.0109598	327.1234741
33.0943208	316.6477661
33.1776818	308.2421570
33.2610428	305.2403564
33.3444039	264.7725525
33.4277649	251.3519897
33.5111259	303.5436401
33.5944869	311.5957336
33.6778479	315.7225952
33.7612089	309.5149841
33.8445699	274.5680847
33.9279309	291.5544434
34.0112919	323.2624512
34.0946529	315.0712280
34.1780139	312.7859192
34.2613750	299.0885315
34.3447360	271.9044800
34.4280970	233.2024841
34.5114580	195.7710419
34.5948190	202.2060852
34.6781800	234.2162170
34.7615410	283.6571045
34.8449020	278.5273132
34.9282630	269.7372131
35.0116240	274.3015137
35.0949851	309.7828369
35.1783461	325.2358093
35.2617071	291.8225708
35.3450681	295.1022034
35.4284291	261.8184204
35.5117901	246.9871521
35.5951511	245.9142303
35.6785121	277.6846924
35.7618731	288.0377502
35.8452341	313.5855713
35.9285952	330.9483643
36.0119562	312.4813538
36.0953172	316.4773560
36.1786782	333.9220276
36.2620392	332.3811035
36.3454002	313.4704895
36.4287612	267.8229065
36.5121222	259.5776978
36.5954832	267.9054260
36.6788442	294.5157166
36.7622052	305.6178284
36.8455663	311.8531189
36.9289273	309.6071167
37.0122883	325.6179504
37.0956493	313.3512268
37.1790103	324.9125061
37.2623713	301.0176086
37.3457323	272.2115784
37.4290933	235.1055450
37.5124543	281.3972778
37.5958153	298.4724426
37.6791764	265.1466980
37.7625374	239.8493805
37.8458984	239.6278534
37.9292594	294.4703674
38.0126204	278.2133179
38.0959814	290.9906921
38.1793424	307.9184265
38.2627034	298.5887451
38.3460644	240.0919800
38.4294254	196.8068085
38.5127864	192.4484863
38.5961475	198.8188934
38.6795085	244.2319336
38.7628695	253.0944366
38.8462305	269.6143494
38.9295915	291.7359314
39.0129525	314.5017090
39.0963135	319.3492737
39.1796745	333.8584900
39.2630355	304.6958008
39.3463965	303.9112854
39.4297576	287.8354187
39.5131186	288.9673157
39.5964796	310.1015625
39.6798406	288.9186707
39.7632016	286.3898621
39.8465626	314.1503601
39.9299236	284.7374878
40.0132846	302.6143188
40.0966456	317.4642639
40.1800066	326.0002136
40.2633677	326.2824402
40.3467287	311.7135315
40.4300897	288.5336304
40.5134507	318.1143799
40.5968117	274.7286377
40.6801727	294.6887512
40.7635337	284.8969116
40.8468947	306.9042053
40.9302557	289.1462097
41.0136167	322.8886719
41.0969777	323.1033630
41.1803388	304.4884949
41.2636998	308.5674438
41.3470608	270.6427612
41.4304218	241.7453003
41.5137828	241.8243408
41.5971438	275.7501831
41.6805048	286.7125854
41.7638658	270.0838318
41.8472268	295.5972290
41.9305878	291.9382935
42.0139489	314.4765930
42.0973099	321.6605530
42.1806709	312.8276062
42.2640319	315.7995300
42.3473929	323.8359680
42.4307539	308.2724915
42.5141149	294.6791687
42.5974759	283.3137207
42.6808369	320.1777649
42.7641979	301.9909363
42.8475590	308.5527954
42.9309200	324.2623596
43.0142810	315.2619934
43.0976420	317.9676208
43.1810030	319.0674744
43.2643640	321.0160828
43.3477250	312.8177185
43.4310860	270.4222717
43.5144470	237.6002350
43.5978080	250.8596191
43.6811690	308.1934204
43.7645301	325.8168335
43.8478911	299.0862732
43.9312521	314.9074097
44.0146131	318.7392273
44.0979741	323.5375977
44.1813351	336.8007507
44.2646961	323.8963623
44.3480571	307.8169250
44.4314181	252.0768890
44.5147791	226.0074463
44.5981402	240.2037048
44.6815012	268.5491943
44.7648622	250.2367859
44.8482232	229.8439484
44.9315842	241.9716949
45.0149452	260.5614319
45.0983062	307.6548157
45.1816672	316.4977722
45.2650282	311.4797974
45.3483892	276.5920105
45.4317502	246.1252289
45.5151113	240.5535278
45.5984723	270.4934082
45.6818333	297.3488770
45.7651943	277.0938416
45.8485553	293.3988953
45.9319163	298.6473694
46.0152773	312.5086365
46.0986383	325.2277832
46.1819993	309.0354309
46.2653603	318.0784607
46.3487214	285.5847473
46.4320824	236.2439270
46.5154434	206.1495667
46.5988044	275.0169067
46.6821654	282.7566833
46.7655264	249.4805145
46.8488874	237.6127777
46.9322484	290.9513245
47.0156094	311.8821106
47.0989704	317.7661133
47.1823315	325.4267883
47.2656925	313.1911316
47.3490535	282.8942261
47.4324145	245.1918640
47.5157755	232.6219788
47.5991365	237.2215729
47.6824975	283.2370300
47.7658585	257.9508057
47.8492195	328.5082092
47.9325805	298.5897217
48.0159415	323.5049133
48.0993026	323.9551697
48.1826636	323.6583557
48.2660246	318.9379272
48.3493856	314.7553101
48.4327466	292.3609314
48.5161076	291.1941528
48.5994686	299.9956055
48.6828296	285.0131531
48.7661906	299.8200073
48.8495516	327.1130676
48.9329127	292.3771057
49.0162737	326.5349731
49.0996347	333.6506653
49.1829957	308.5715027
49.2663567	310.5289612
49.3497177	302.2418823
49.4330787	278.1040649
49.5164397	279.2682190
49.5998007	318.1713257
49.6831617	287.1290588
49.7665227	248.1006012
49.8498838	248.6963196
49.9332448	271.7686157
50.0166058	303.5271301
50.0999668	316.7135925
50.1833278	322.6581116
50.2666888	303.4339600
50.3500498	310.6594238
50.4334108	289.0464783
50.5167718	255.8430786
50.6001328	304.1994934
50.6834939	330.9458923
50.7668549	305.5430298
50.8502159	319.5077209
50.9335769	317.8173828
51.0169379	314.7330627
51.1002989	324.0421753
51.1836599	328.6522827
51.2670209	311.0593872
51.3503819	284.4244995
51.4337429	243.8220367
51.5171040	299.8468018
51.6004650	323.1417542
51.6838260	284.2909241
51.7671870	309.5235291
51.8505480	304.7968140
51.9339090	277.5447693
52.0172700	314.7261047
52.1006310	326.1572571
52.1839920	331.3331299
52.2673530	341.6750793
52.3507140	318.1785889
52.4340751	302.5521545
52.5174361	297.2019958
52.6007971	274.3036804
52.6841581	297.3522949
52.7675191	279.8025818
52.8508801	313.5679626
52.9342411	282.9222107
53.0176021	308.7438049
53.1009631	320.7285156
53.1843241	317.3835144
53.2676852	299.6738892
53.3510462	272.6672058
53.4344072	248.9653778
53.5177682	209.8555603
53.6011292	225.8598480
53.6844902	263.1774292
53.7678512	307.9293518
53.8512122	332.7188416
53.9345732	321.2832336
54.0179342	334.4085388
54.1012953	316.2448425
54.1846563	322.7372437
54.2680173	320.9244690
54.3513783	306.2916260
54.4347393	297.1543884
54.5181003	299.4040222
54.6014613	280.4390259
54.6848223	297.1248779
54.7681833	318.7619629
54.8515443	318.2691650
54.9349053	285.7583923
55.0182664	325.1734314
55.1016274	328.8240356
55.1849884	316.1213684
55.2683494	330.2745972
55.3517104	299.0021667
55.4350714	273.8706055
55.5184324	227.8113708
55.6017934	216.6296997
55.6851544	252.8727112
55.7685154	238.9243469
55.8518765	260.7934570
55.9352375	231.5092468
56.0185985	269.4335327
56.1019595	299.4845886
56.1853205	289.9287720
56.2686815	308.1172180
56.3520425	267.6866455
56.4354035	241.2514191
56.5187645	210.8454285
56.6021255	237.3872223
56.6854865	215.2765350
56.7688476	204.6293488
56.8522086	236.7930450
56.9355696	263.0260925
57.0189306	308.5174255
57.1022916	293.0244446
57.1856526	302.2612000
57.2690136	299.4129028
57.3523746	334.0357056
57.4357356	325.8874207
57.5190966	315.4565430
57.6024577	302.3414001
57.6858187	308.9780273
57.7691797	293.3801880
57.8525407	311.3929749
57.9359017	322.4044495
58.0192627	316.9596252
58.1026237	308.1498413
58.1859847	310.3933411
58.2693457	310.6589966
58.3527067	318.6320801
58.4360678	300.4346008
58.5194288	257.0104980
58.6027898	317.6299744
58.6861508	331.2099304
58.7695118	324.3035889
58.8528728	308.5999756
58.9362338	315.3258667
59.0195948	327.2552490
59.1029558	315.0397949
59.1863168	320.0041809
59.2696778	317.0070190
59.3530389	322.0797424
59.4363999	297.8327332
59.5197609	293.7727051
59.6031219	311.7861633
59.6864829	313.2737427
59.7698439	309.5228271
59.8532049	280.0711670
59.9365659	305.9478455
60.0199269	310.5577698
60.1032879	313.5792236
60.1866490	303.9718018
60.2700100	286.1660156
60.3533710	254.0716858
60.4367320	208.6562653
60.5200930	239.2835693
60.6034540	279.0368958
60.6868150	256.4697266
60.7701760	332.0803223
60.8535370	330.2658691
60.9368980	304.2596130
61.0202591	299.5340576
61.1036201	301.1084290
61.1869811	310.8914795
61.2703421	299.1629639
61.3537031	284.6743164
61.4370641	296.1948853
61.5204251	280.6289978
61.6037861	275.0965881
61.6871471	278.1956177
61.7705081	316.2750244
61.8538691	324.0980530
61.9372302	291.5246582
62.0205912	321.2341614
62.1039522	319.4053955
62.1873132	343.9668274
62.2706742	321.3645935
62.3540352	316.6805725
62.4373962	299.1838074
62.5207572	228.5891876
62.6041182	228.5875549
62.6874792	233.3358154
62.7708403	231.9669495
62.8542013	313.9239807
62.9375623	288.9565125
63.0209233	305.0840759
63.1042843	314.0874939
63.1876453	318.9257507
63.2710063	275.6618958
63.3543673	235.1636200
63.4377283	241.0107574
63.5210893	220.8994293
63.6044503	212.1824341
63.6878114	218.7881927
63.7711724	246.0307770
63.8545334	255.6692657
63.9378944	282.9643555
64.0212554	278.9342346
64.1046164	317.9283142
64.1879774	313.2639465
64.2713384	328.2772522
64.3546994	292.6135559
64.4380604	237.0220184
64.5214215	251.2159576
64.6047825	231.4685211
64.6881435	234.1521912
64.7715045	244.9498444
64.8548655	293.7700500
64.9382265	278.5434570
65.0215875	273.8301086
65.1049485	313.0753479
65.1883095	307.5835876
65.2716705	269.8066101
65.3550316	295.3993835
65.4383926	297.2894897
65.5217536	274.0127258
65.6051146	247.7466125
65.6884756	238.1782227
65.7718366	211.6520233
65.8551976	295.8511353
65.9385586	316.9525452
66.0219196	334.7853394
66.1052806	328.3088684
66.1886416	328.9764709
66.2720027	314.8019104
66.3553637	325.8954468
66.4387247	316.0219421
66.5220857	306.7124634
66.6054467	263.3544922
66.6888077	287.6323242
66.7721687	280.9518433
66.8555297	293.4186707
66.9388907	311.7943115
67.0222517	324.6982727
67.1056128	329.2330017
67.1889738	340.1846313
67.2723348	324.2170105
67.3556958	323.8154602
67.4390568	298.7083740
67.5224178	293.3658142
67.6057788	271.8699646
67.6891398	248.0052338
67.7725008	267.2508240
67.8558618	283.9018555
67.9392228	304.6477661
68.0225839	306.7219849
68.1059449	314.5812683
68.1893059	312.4503479
68.2726669	288.0974731
68.3560279	291.8528137
68.4393889	290.3819275
68.5227499	289.9221191
68.6061109	254.5877075
68.6894719	288.4255066
68.7728329	307.0604553
68.8561940	295.6020813
68.9395550	307.0187378
69.0229160	315.5596008
69.1062770	324.3647766
69.1896380	338.7310181
69.2729990	327.3626709
69.3563600	311.5156555
69.4397210	295.5577393
69.5230820	242.9888306
69.6064430	266.7519226
69.6898041	292.8887329
69.7731651	288.7517395
69.8565261	257.0931702
69.9398871	270.6831055
70.0232481	310.3615417
70.1066091	322.9525452
70.1899701	319.8632202
70.2733311	300.6660156
70.3566921	281.0041199
70.4400531	297.1475220
70.5234141	283.3806763
70.6067752	311.3576965
70.6901362	323.4583435
70.7734972	279.2612305
70.8568582	325.8504639
70.9402192	317.6205750
