# time(yr)	runoff(mm/month)
0.0000000	9.6343958
0.0834028	10.4815252
0.1668057	16.0570641
0.2502085	18.9105524
0.3336113	23.7432397
0.4170142	28.0509969
0.5004170	28.9460661
0.5838198	29.4277712
0.6672227	25.8875377
0.7506255	24.1576571
0.8340284	20.0187447
0.9174312	15.3536845
1.0008340	9.6343958
1.0842369	10.4815252
1.1676397	16.0570641
1.2510425	18.9105524
1.3344454	23.7432397
1.4178482	28.0509969
1.5012510	28.9460661
1.5846539	29.4277712
1.6680567	25.8875377
1.7514595	24.1576571
1.8348624	20.0187447
1.9182652	15.3536845
2.0016681	9.6343958
2.0850709	10.4815252
2.1684737	16.0570641
2.2518766	18.9105524
2.3352794	23.7432397
2.4186822	28.0509969
2.5020851	28.9460661
2.5854879	29.4277712
2.6688907	25.8875377
2.7522936	24.1576571
2.8356964	20.0187447
2.9190992	15.3536845
3.0025021	9.6343958
3.0859049	10.4815252
3.1693078	16.0570641
3.2527106	18.9105524
3.3361134	23.7432397
3.4195163	28.0509969
3.5029191	28.9460661
3.5863219	29.4277712
3.6697248	25.8875377
3.7531276	24.1576571
3.8365304	20.0187447
3.9199333	15.3536845
4.0033361	9.6343958
4.0867389	10.4815252
4.1701418	16.0570641
4.2535446	18.9105524
4.3369475	23.7432397
4.4203503	28.0509969
4.5037531	28.9460661
4.5871560	29.4277712
4.6705588	25.8875377
4.7539616	24.1576571
4.8373645	20.0187447
4.9207673	15.3536845
5.0041701	9.6343958
5.0875730	10.4815252
5.1709758	16.0570641
5.2543786	18.9105524
5.3377815	23.7432397
5.4211843	28.0509969
5.5045872	28.9460661
5.5879900	29.4277712
5.6713928	25.8875377
5.7547957	24.1576571
5.8381985	20.0187447
5.9216013	15.3536845
6.0050042	9.6343958
6.0884070	10.4815252
6.1718098	16.0570641
6.2552127	18.9105524
6.3386155	23.7432397
6.4220183	28.0509969
6.5054212	28.9460661
6.5888240	29.4277712
6.6722269	25.8875377
6.7556297	24.1576571
6.8390325	20.0187447
6.9224354	15.3536845
7.0058382	9.6343958
7.0892410	10.4815252
7.1726439	16.0570641
7.2560467	18.9105524
7.3394495	23.7432397
7.4228524	28.0509969
7.5062552	28.9460661
7.5896580	29.4277712
7.6730609	25.8875377
7.7564637	24.1576571
7.8398666	20.0187447
7.9232694	15.3536845
8.0066722	9.6343958
8.0900751	10.4815252
8.1734779	16.0570641
8.2568807	18.9105524
8.3402836	23.7432397
8.4236864	28.0509969
8.5070892	28.9460661
8.5904921	29.4277712
8.6738949	25.8875377
8.7572977	24.1576571
8.8407006	20.0187447
8.9241034	15.3536845
9.0075063	9.6343958
9.0909091	10.4815252
9.1743119	16.0570641
9.2577148	18.9105524
9.3411176	23.7432397
9.4245204	28.0509969
9.5079233	28.9460661
9.5913261	29.4277712
9.6747289	25.8875377
9.7581318	24.1576571
9.8415346	20.0187447
9.9249374	15.3536845
10.0083403	9.6343958
10.0917431	10.4815252
10.1751460	16.0570641
10.2585488	18.9105524
10.3419516	23.7432397
10.4253545	28.0509969
10.5087573	28.9460661
10.5921601	29.4277712
10.6755630	25.8875377
10.7589658	24.1576571
10.8423686	20.0187447
10.9257715	15.3536845
11.0091743	9.6343958
11.0925771	10.4815252
11.1759800	16.0570641
11.2593828	18.9105524
11.3427857	23.7432397
11.4261885	28.0509969
11.5095913	28.9460661
11.5929942	29.4277712
11.6763970	25.8875377
11.7597998	24.1576571
11.8432027	20.0187447
11.9266055	15.3536845
12.0100083	9.6343958
12.0934112	10.4815252
12.1768140	16.0570641
12.2602168	18.9105524
12.3436197	23.7432397
12.4270225	28.0509969
12.5104254	28.9460661
12.5938282	29.4277712
12.6772310	25.8875377
12.7606339	24.1576571
12.8440367	20.0187447
12.9274395	15.3536845
13.0108424	9.6343958
13.0942452	10.4815252
13.1776480	16.0570641
13.2610509	18.9105524
13.3444537	23.7432397
13.4278565	28.0509969
13.5112594	28.9460661
13.5946622	29.4277712
13.6780651	25.8875377
13.7614679	24.1576571
13.8448707	20.0187447
13.9282736	15.3536845
14.0116764	9.6343958
14.0950792	10.4815252
14.1784821	16.0570641
14.2618849	18.9105524
14.3452877	23.7432397
14.4286906	28.0509969
14.5120934	28.9460661
14.5954962	29.4277712
14.6788991	25.8875377
14.7623019	24.1576571
14.8457048	20.0187447
14.9291076	15.3536845
15.0125104	9.6343958
15.0959133	10.4815252
15.1793161	16.0570641
15.2627189	18.9105524
15.3461218	23.7432397
15.4295246	28.0509969
15.5129274	28.9460661
15.5963303	29.4277712
15.6797331	25.8875377
15.7631359	24.1576571
15.8465388	20.0187447
15.9299416	15.3536845
16.0133445	9.6343958
16.0967473	10.4815252
16.1801501	16.0570641
16.2635530	18.9105524
16.3469558	23.7432397
16.4303586	28.0509969
16.5137615	28.9460661
16.5971643	29.4277712
16.6805671	25.8875377
16.7639700	24.1576571
16.8473728	20.0187447
16.9307756	15.3536845
17.0141785	9.6343958
17.0975813	10.4815252
17.1809842	16.0570641
17.2643870	18.9105524
17.3477898	23.7432397
17.4311927	28.0509969
17.5145955	28.9460661
17.5979983	29.4277712
17.6814012	25.8875377
17.7648040	24.1576571
17.8482068	20.0187447
17.9316097	15.3536845
18.0150125	9.6343958
18.0984153	10.4815252
18.1818182	16.0570641
18.2652210	18.9105524
18.3486239	23.7432397
18.4320267	28.0509969
18.5154295	28.9460661
18.5988324	29.4277712
18.6822352	25.8875377
18.7656380	24.1576571
18.8490409	20.0187447
18.9324437	15.3536845
19.0158465	9.6343958
19.0992494	10.4815252
19.1826522	16.0570641
19.2660550	18.9105524
19.3494579	23.7432397
19.4328607	28.0509969
19.5162636	28.9460661
19.5996664	29.4277712
19.6830692	25.8875377
19.7664721	24.1576571
19.8498749	20.0187447
19.9332777	15.3536845
20.0166806	9.6343958
20.1000834	10.4815252
20.1834862	16.0570641
20.2668891	18.9105524
20.3502919	23.7432397
20.4336947	28.0509969
20.5170976	28.9460661
20.6005004	29.4277712
20.6839033	25.8875377
20.7673061	24.1576571
20.8507089	20.0187447
20.9341118	15.3536845
21.0175146	9.6343958
21.1009174	10.4815252
21.1843203	16.0570641
21.2677231	18.9105524
21.3511259	23.7432397
21.4345288	28.0509969
21.5179316	28.9460661
21.6013344	29.4277712
21.6847373	25.8875377
21.7681401	24.1576571
21.8515430	20.0187447
21.9349458	15.3536845
22.0183486	9.6343958
22.1017515	10.4815252
22.1851543	16.0570641
22.2685571	18.9105524
22.3519600	23.7432397
22.4353628	28.0509969
22.5187656	28.9460661
22.6021685	29.4277712
22.6855713	25.8875377
22.7689741	24.1576571
22.8523770	20.0187447
22.9357798	15.3536845
23.0191827	9.6343958
23.1025855	10.4815252
23.1859883	16.0570641
23.2693912	18.9105524
23.3527940	23.7432397
23.4361968	28.0509969
23.5195997	28.9460661
23.6030025	29.4277712
23.6864053	25.8875377
23.7698082	24.1576571
23.8532110	20.0187447
23.9366138	15.3536845
24.0200167	9.6343958
24.1034195	10.4815252
24.1868224	16.0570641
24.2702252	18.9105524
24.3536280	23.7432397
24.4370309	28.0509969
24.5204337	28.9460661
24.6038365	29.4277712
24.6872394	25.8875377
24.7706422	24.1576571
24.8540450	20.0187447
24.9374479	15.3536845
25.0208507	9.6343958
25.1042535	10.4815252
25.1876564	16.0570641
25.2710592	18.9105524
25.3544621	23.7432397
25.4378649	28.0509969
25.5212677	28.9460661
25.6046706	29.4277712
25.6880734	25.8875377
25.7714762	24.1576571
25.8548791	20.0187447
25.9382819	15.3536845
26.0216847	9.6343958
26.1050876	10.4815252
26.1884904	16.0570641
26.2718932	18.9105524
26.3552961	23.7432397
26.4386989	28.0509969
26.5221018	28.9460661
26.6055046	29.4277712
26.6889074	25.8875377
26.7723103	24.1576571
26.8557131	20.0187447
26.9391159	15.3536845
27.0225188	9.6343958
27.1059216	10.4815252
27.1893244	16.0570641
27.2727273	18.9105524
27.3561301	23.7432397
27.4395329	28.0509969
27.5229358	28.9460661
27.6063386	29.4277712
27.6897415	25.8875377
27.7731443	24.1576571
27.8565471	20.0187447
27.9399500	15.3536845
28.0233528	9.6343958
28.1067556	10.4815252
28.1901585	16.0570641
28.2735613	18.9105524
28.3569641	23.7432397
28.4403670	28.0509969
28.5237698	28.9460661
28.6071726	29.4277712
28.6905755	25.8875377
28.7739783	24.1576571
28.8573812	20.0187447
28.9407840	15.3536845
29.0241868	9.6343958
29.1075897	10.4815252
29.1909925	16.0570641
29.2743953	18.9105524
29.3577982	23.7432397
29.4412010	28.0509969
29.5246038	28.9460661
29.6080067	29.4277712
29.6914095	25.8875377
29.7748123	24.1576571
29.8582152	20.0187447
29.9416180	15.3536845
30.0250209	9.6343958
30.1084237	10.4815252
30.1918265	16.0570641
30.2752294	18.9105524
30.3586322	23.7432397
30.4420350	28.0509969
30.5254379	28.9460661
30.6088407	29.4277712
30.6922435	25.8875377
30.7756464	24.1576571
30.8590492	20.0187447
30.9424520	15.3536845
31.0258549	9.6343958
31.1092577	10.4815252
31.1926606	16.0570641
31.2760634	18.9105524
31.3594662	23.7432397
31.4428691	28.0509969
31.5262719	28.9460661
31.6096747	29.4277712
31.6930776	25.8875377
31.7764804	24.1576571
31.8598832	20.0187447
31.9432861	15.3536845
32.0266889	9.6343958
32.1100917	10.4815252
32.1934946	16.0570641
32.2768974	18.9105524
32.3603003	23.7432397
32.4437031	28.0509969
32.5271059	28.9460661
32.6105088	29.4277712
32.6939116	25.8875377
32.7773144	24.1576571
32.8607173	20.0187447
32.9441201	15.3536845
33.0275229	9.6343958
33.1109258	10.4815252
33.1943286	16.0570641
33.2777314	18.9105524
33.3611343	23.7432397
33.4445371	28.0509969
33.5279399	28.9460661
33.6113428	29.4277712
33.6947456	25.8875377
33.7781485	24.1576571
33.8615513	20.0187447
33.9449541	15.3536845
34.0283570	9.6343958
34.1117598	10.4815252
34.1951626	16.0570641
34.2785655	18.9105524
34.3619683	23.7432397
34.4453711	28.0509969
34.5287740	28.9460661
34.6121768	29.4277712
34.6955796	25.8875377
34.7789825	24.1576571
34.8623853	20.0187447
34.9457882	15.3536845
35.0291910	9.6343958
35.1125938	10.4815252
35.1959967	16.0570641
35.2793995	18.9105524
35.3628023	23.7432397
35.4462052	28.0509969
35.5296080	28.9460661
35.6130108	29.4277712
35.6964137	25.8875377
35.7798165	24.1576571
35.8632193	20.0187447
35.9466222	15.3536845
36.0300250	9.6343958
36.1134279	10.4815252
36.1968307	16.0570641
36.2802335	18.9105524
36.3636364	23.7432397
36.4470392	28.0509969
36.5304420	28.9460661
36.6138449	29.4277712
36.6972477	25.8875377
36.7806505	24.1576571
36.8640534	20.0187447
36.9474562	15.3536845
37.0308590	9.6343958
37.1142619	10.4815252
37.1976647	16.0570641
37.2810676	18.9105524
37.3644704	23.7432397
37.4478732	28.0509969
37.5312761	28.9460661
37.6146789	29.4277712
37.6980817	25.8875377
37.7814846	24.1576571
37.8648874	20.0187447
37.9482902	15.3536845
38.0316931	9.6343958
38.1150959	10.4815252
38.1984987	16.0570641
38.2819016	18.9105524
38.3653044	23.7432397
38.4487073	28.0509969
38.5321101	28.9460661
38.6155129	29.4277712
38.6989158	25.8875377
38.7823186	24.1576571
38.8657214	20.0187447
38.9491243	15.3536845
39.0325271	9.6343958
39.1159299	10.4815252
39.1993328	16.0570641
39.2827356	18.9105524
39.3661384	23.7432397
39.4495413	28.0509969
39.5329441	28.9460661
39.6163470	29.4277712
39.6997498	25.8875377
39.7831526	24.1576571
39.8665555	20.0187447
39.9499583	15.3536845
40.0333611	9.6343958
40.1167640	10.4815252
40.2001668	16.0570641
40.2835696	18.9105524
40.3669725	23.7432397
40.4503753	28.0509969
40.5337781	28.9460661
40.6171810	29.4277712
40.7005838	25.8875377
40.7839867	24.1576571
40.8673895	20.0187447
40.9507923	15.3536845
41.0341952	9.6343958
41.1175980	10.4815252
41.2010008	16.0570641
41.2844037	18.9105524
41.3678065	23.7432397
41.4512093	28.0509969
41.5346122	28.9460661
41.6180150	29.4277712
41.7014178	25.8875377
41.7848207	24.1576571
41.8682235	20.0187447
41.9516264	15.3536845
42.0350292	9.6343958
42.1184320	10.4815252
42.2018349	16.0570641
42.2852377	18.9105524
42.3686405	23.7432397
42.4520434	28.0509969
42.5354462	28.9460661
42.6188490	29.4277712
42.7022519	25.8875377
42.7856547	24.1576571
42.8690575	20.0187447
42.9524604	15.3536845
43.0358632	9.6343958
43.1192661	10.4815252
43.2026689	16.0570641
43.2860717	18.9105524
43.3694746	23.7432397
43.4528774	28.0509969
43.5362802	28.9460661
43.6196831	29.4277712
43.7030859	25.8875377
43.7864887	24.1576571
43.8698916	20.0187447
43.9532944	15.3536845
44.0366972	9.6343958
44.1201001	10.4815252
44.2035029	16.0570641
44.2869058	18.9105524
44.3703086	23.7432397
44.4537114	28.0509969
44.5371143	28.9460661
44.6205171	29.4277712
44.7039199	25.8875377
44.7873228	24.1576571
44.8707256	20.0187447
44.9541284	15.3536845
45.0375313	9.6343958
45.1209341	10.4815252
45.2043369	16.0570641
45.2877398	18.9105524
45.3711426	23.7432397
45.4545455	28.0509969
45.5379483	28.9460661
45.6213511	29.4277712
45.7047540	25.8875377
45.7881568	24.1576571
45.8715596	20.0187447
45.9549625	15.3536845
46.0383653	9.6343958
46.1217681	10.4815252
46.2051710	16.0570641
46.2885738	18.9105524
46.3719766	23.7432397
46.4553795	28.0509969
46.5387823	28.9460661
46.6221852	29.4277712
46.7055880	25.8875377
46.7889908	24.1576571
46.8723937	20.0187447
46.9557965	15.3536845
47.0391993	9.6343958
47.1226022	10.4815252
47.2060050	16.0570641
47.2894078	18.9105524
47.3728107	23.7432397
47.4562135	28.0509969
47.5396163	28.9460661
47.6230192	29.4277712
47.7064220	25.8875377
47.7898249	24.1576571
47.8732277	20.0187447
47.9566305	15.3536845
48.0400334	9.6343958
48.1234362	10.4815252
48.2068390	16.0570641
48.2902419	18.9105524
48.3736447	23.7432397
48.4570475	28.0509969
48.5404504	28.9460661
48.6238532	29.4277712
48.7072560	25.8875377
48.7906589	24.1576571
48.8740617	20.0187447
48.9574646	15.3536845
49.0408674	9.6343958
49.1242702	10.4815252
49.2076731	16.0570641
49.2910759	18.9105524
49.3744787	23.7432397
49.4578816	28.0509969
49.5412844	28.9460661
49.6246872	29.4277712
49.7080901	25.8875377
49.7914929	24.1576571
49.8748957	20.0187447
49.9582986	15.3536845
50.0417014	9.6343958
50.1251043	10.4815252
50.2085071	16.0570641
50.2919099	18.9105524
50.3753128	23.7432397
50.4587156	28.0509969
50.5421184	28.9460661
50.6255213	29.4277712
50.7089241	25.8875377
50.7923269	24.1576571
50.8757298	20.0187447
50.9591326	15.3536845
51.0425354	9.6343958
51.1259383	10.4815252
51.2093411	16.0570641
51.2927440	18.9105524
51.3761468	23.7432397
51.4595496	28.0509969
51.5429525	28.9460661
51.6263553	29.4277712
51.7097581	25.8875377
51.7931610	24.1576571
51.8765638	20.0187447
51.9599666	15.3536845
52.0433695	9.6343958
52.1267723	10.4815252
52.2101751	16.0570641
52.2935780	18.9105524
52.3769808	23.7432397
52.4603837	28.0509969
52.5437865	28.9460661
52.6271893	29.4277712
52.7105922	25.8875377
52.7939950	24.1576571
52.8773978	20.0187447
52.9608007	15.3536845
53.0442035	9.6343958
53.1276063	10.4815252
53.2110092	16.0570641
53.2944120	18.9105524
53.3778148	23.7432397
53.4612177	28.0509969
53.5446205	28.9460661
53.6280234	29.4277712
53.7114262	25.8875377
53.7948290	24.1576571
53.8782319	20.0187447
53.9616347	15.3536845
54.0450375	9.6343958
54.1284404	10.4815252
54.2118432	16.0570641
54.2952460	18.9105524
54.3786489	23.7432397
54.4620517	28.0509969
54.5454545	28.9460661
54.6288574	29.4277712
54.7122602	25.8875377
54.7956631	24.1576571
54.8790659	20.0187447
54.9624687	15.3536845
55.0458716	9.6343958
55.1292744	10.4815252
55.2126772	16.0570641
55.2960801	18.9105524
55.3794829	23.7432397
55.4628857	28.0509969
55.5462886	28.9460661
55.6296914	29.4277712
55.7130942	25.8875377
55.7964971	24.1576571
55.8798999	20.0187447
55.9633028	15.3536845
56.0467056	9.6343958
56.1301084	10.4815252
56.2135113	16.0570641
56.2969141	18.9105524
56.3803169	23.7432397
56.4637198	28.0509969
56.5471226	28.9460661
56.6305254	29.4277712
56.7139283	25.8875377
56.7973311	24.1576571
56.8807339	20.0187447
56.9641368	15.3536845
57.0475396	9.6343958
57.1309425	10.4815252
57.2143453	16.0570641
57.2977481	18.9105524
57.3811510	23.7432397
57.4645538	28.0509969
57.5479566	28.9460661
57.6313595	29.4277712
57.7147623	25.8875377
57.7981651	24.1576571
57.8815680	20.0187447
57.9649708	15.3536845
58.0483736	9.6343958
58.1317765	10.4815252
58.2151793	16.0570641
58.2985822	18.9105524
58.3819850	23.7432397
58.4653878	28.0509969
58.5487907	28.9460661
58.6321935	29.4277712
58.7155963	25.8875377
58.7989992	24.1576571
58.8824020	20.0187447
58.9658048	15.3536845
59.0492077	9.6343958
59.1326105	10.4815252
59.2160133	16.0570641
59.2994162	18.9105524
59.3828190	23.7432397
59.4662219	28.0509969
59.5496247	28.9460661
59.6330275	29.4277712
59.7164304	25.8875377
59.7998332	24.1576571
59.8832360	20.0187447
59.9666389	15.3536845
60.0500417	9.6343958
60.1334445	10.4815252
60.2168474	16.0570641
60.3002502	18.9105524
60.3836530	23.7432397
60.4670559	28.0509969
60.5504587	28.9460661
60.6338616	29.4277712
60.7172644	25.8875377
60.8006672	24.1576571
60.8840701	20.0187447
60.9674729	15.3536845
61.0508757	9.6343958
61.1342786	10.4815252
61.2176814	16.0570641
61.3010842	18.9105524
61.3844871	23.7432397
61.4678899	28.0509969
61.5512927	28.9460661
61.6346956	29.4277712
61.7180984	25.8875377
61.8015013	24.1576571
61.8849041	20.0187447
61.9683069	15.3536845
62.0517098	9.6343958
62.1351126	10.4815252
62.2185154	16.0570641
62.3019183	18.9105524
62.3853211	23.7432397
62.4687239	28.0509969
62.5521268	28.9460661
62.6355296	29.4277712
62.7189324	25.8875377
62.8023353	24.1576571
62.8857381	20.0187447
62.9691410	15.3536845
63.0525438	9.6343958
63.1359466	10.4815252
63.2193495	16.0570641
63.3027523	18.9105524
63.3861551	23.7432397
63.4695580	28.0509969
63.5529608	28.9460661
63.6363636	29.4277712
63.7197665	25.8875377
63.8031693	24.1576571
63.8865721	20.0187447
63.9699750	15.3536845
64.0533778	9.6343958
64.1367807	10.4815252
64.2201835	16.0570641
64.3035863	18.9105524
64.3869892	23.7432397
64.4703920	28.0509969
64.5537948	28.9460661
64.6371977	29.4277712
64.7206005	25.8875377
64.8040033	24.1576571
64.8874062	20.0187447
64.9708090	15.3536845
65.0542118	9.6343958
65.1376147	10.4815252
65.2210175	16.0570641
65.3044204	18.9105524
65.3878232	23.7432397
65.4712260	28.0509969
65.5546289	28.9460661
65.6380317	29.4277712
65.7214345	25.8875377
65.8048374	24.1576571
65.8882402	20.0187447
65.9716430	15.3536845
66.0550459	9.6343958
66.1384487	10.4815252
66.2218515	16.0570641
66.3052544	18.9105524
66.3886572	23.7432397
66.4720601	28.0509969
66.5554629	28.9460661
66.6388657	29.4277712
66.7222686	25.8875377
66.8056714	24.1576571
66.8890742	20.0187447
66.9724771	15.3536845
67.0558799	9.6343958
67.1392827	10.4815252
67.2226856	16.0570641
67.3060884	18.9105524
67.3894912	23.7432397
67.4728941	28.0509969
67.5562969	28.9460661
67.6396997	29.4277712
67.7231026	25.8875377
67.8065054	24.1576571
67.8899083	20.0187447
67.9733111	15.3536845
68.0567139	9.6343958
68.1401168	10.4815252
68.2235196	16.0570641
68.3069224	18.9105524
68.3903253	23.7432397
68.4737281	28.0509969
68.5571309	28.9460661
68.6405338	29.4277712
68.7239366	25.8875377
68.8073394	24.1576571
68.8907423	20.0187447
68.9741451	15.3536845
69.0575480	9.6343958
69.1409508	10.4815252
69.2243536	16.0570641
69.3077565	18.9105524
69.3911593	23.7432397
69.4745621	28.0509969
69.5579650	28.9460661
69.6413678	29.4277712
69.7247706	25.8875377
69.8081735	24.1576571
69.8915763	20.0187447
69.9749791	15.3536845
70.0583820	9.6343958
70.1417848	10.4815252
70.2251877	16.0570641
70.3085905	18.9105524
70.3919933	23.7432397
70.4753962	28.0509969
70.5587990	28.9460661
70.6422018	29.4277712
70.7256047	25.8875377
70.8090075	24.1576571
70.8924103	20.0187447
70.9758132	15.3536845
71.0592160	9.6343958
71.1426188	10.4815252
71.2260217	16.0570641
71.3094245	18.9105524
71.3928274	23.7432397
71.4762302	28.0509969
71.5596330	28.9460661
71.6430359	29.4277712
71.7264387	25.8875377
71.8098415	24.1576571
71.8932444	20.0187447
71.9766472	15.3536845
72.0600500	9.6343958
72.1434529	10.4815252
72.2268557	16.0570641
72.3102585	18.9105524
72.3936614	23.7432397
72.4770642	28.0509969
72.5604671	28.9460661
72.6438699	29.4277712
72.7272727	25.8875377
72.8106756	24.1576571
72.8940784	20.0187447
72.9774812	15.3536845
73.0608841	9.6343958
73.1442869	10.4815252
73.2276897	16.0570641
73.3110926	18.9105524
73.3944954	23.7432397
73.4778982	28.0509969
73.5613011	28.9460661
73.6447039	29.4277712
73.7281068	25.8875377
73.8115096	24.1576571
73.8949124	20.0187447
73.9783153	15.3536845
74.0617181	9.6343958
74.1451209	10.4815252
74.2285238	16.0570641
74.3119266	18.9105524
74.3953294	23.7432397
74.4787323	28.0509969
74.5621351	28.9460661
74.6455379	29.4277712
74.7289408	25.8875377
74.8123436	24.1576571
74.8957465	20.0187447
74.9791493	15.3536845
75.0625521	9.6343958
75.1459550	10.4815252
75.2293578	16.0570641
75.3127606	18.9105524
75.3961635	23.7432397
75.4795663	28.0509969
75.5629691	28.9460661
75.6463720	29.4277712
75.7297748	25.8875377
75.8131776	24.1576571
75.8965805	20.0187447
75.9799833	15.3536845
76.0633862	9.6343958
76.1467890	10.4815252
76.2301918	16.0570641
76.3135947	18.9105524
76.3969975	23.7432397
76.4804003	28.0509969
76.5638032	28.9460661
76.6472060	29.4277712
76.7306088	25.8875377
76.8140117	24.1576571
76.8974145	20.0187447
76.9808173	15.3536845
77.0642202	9.6343958
77.1476230	10.4815252
77.2310259	16.0570641
77.3144287	18.9105524
77.3978315	23.7432397
77.4812344	28.0509969
77.5646372	28.9460661
77.6480400	29.4277712
77.7314429	25.8875377
77.8148457	24.1576571
77.8982485	20.0187447
77.9816514	15.3536845
78.0650542	9.6343958
78.1484570	10.4815252
78.2318599	16.0570641
78.3152627	18.9105524
78.3986656	23.7432397
78.4820684	28.0509969
78.5654712	28.9460661
78.6488741	29.4277712
78.7322769	25.8875377
78.8156797	24.1576571
78.8990826	20.0187447
78.9824854	15.3536845
79.0658882	9.6343958
79.1492911	10.4815252
79.2326939	16.0570641
79.3160967	18.9105524
79.3994996	23.7432397
79.4829024	28.0509969
79.5663053	28.9460661
79.6497081	29.4277712
79.7331109	25.8875377
79.8165138	24.1576571
79.8999166	20.0187447
79.9833194	15.3536845
80.0667223	9.6343958
80.1501251	10.4815252
80.2335279	16.0570641
80.3169308	18.9105524
80.4003336	23.7432397
80.4837364	28.0509969
80.5671393	28.9460661
80.6505421	29.4277712
80.7339450	25.8875377
80.8173478	24.1576571
80.9007506	20.0187447
80.9841535	15.3536845
81.0675563	9.6343958
81.1509591	10.4815252
81.2343620	16.0570641
81.3177648	18.9105524
81.4011676	23.7432397
81.4845705	28.0509969
81.5679733	28.9460661
81.6513761	29.4277712
81.7347790	25.8875377
81.8181818	24.1576571
81.9015847	20.0187447
81.9849875	15.3536845
82.0683903	9.6343958
82.1517932	10.4815252
82.2351960	16.0570641
82.3185988	18.9105524
82.4020017	23.7432397
82.4854045	28.0509969
82.5688073	28.9460661
82.6522102	29.4277712
82.7356130	25.8875377
82.8190158	24.1576571
82.9024187	20.0187447
82.9858215	15.3536845
83.0692244	9.6343958
83.1526272	10.4815252
83.2360300	16.0570641
83.3194329	18.9105524
83.4028357	23.7432397
83.4862385	28.0509969
83.5696414	28.9460661
83.6530442	29.4277712
83.7364470	25.8875377
83.8198499	24.1576571
83.9032527	20.0187447
83.9866555	15.3536845
84.0700584	9.6343958
84.1534612	10.4815252
84.2368641	16.0570641
84.3202669	18.9105524
84.4036697	23.7432397
84.4870726	28.0509969
84.5704754	28.9460661
84.6538782	29.4277712
84.7372811	25.8875377
84.8206839	24.1576571
84.9040867	20.0187447
84.9874896	15.3536845
85.0708924	9.6343958
85.1542952	10.4815252
85.2376981	16.0570641
85.3211009	18.9105524
85.4045038	23.7432397
85.4879066	28.0509969
85.5713094	28.9460661
85.6547123	29.4277712
85.7381151	25.8875377
85.8215179	24.1576571
85.9049208	20.0187447
85.9883236	15.3536845
86.0717264	9.6343958
86.1551293	10.4815252
86.2385321	16.0570641
86.3219349	18.9105524
86.4053378	23.7432397
86.4887406	28.0509969
86.5721435	28.9460661
86.6555463	29.4277712
86.7389491	25.8875377
86.8223520	24.1576571
86.9057548	20.0187447
86.9891576	15.3536845
87.0725605	9.6343958
87.1559633	10.4815252
87.2393661	16.0570641
87.3227690	18.9105524
87.4061718	23.7432397
87.4895746	28.0509969
87.5729775	28.9460661
87.6563803	29.4277712
87.7397832	25.8875377
87.8231860	24.1576571
87.9065888	20.0187447
87.9899917	15.3536845
88.0733945	9.6343958
88.1567973	10.4815252
88.2402002	16.0570641
88.3236030	18.9105524
88.4070058	23.7432397
88.4904087	28.0509969
88.5738115	28.9460661
88.6572143	29.4277712
88.7406172	25.8875377
88.8240200	24.1576571
88.9074229	20.0187447
88.9908257	15.3536845
89.0742285	9.6343958
89.1576314	10.4815252
89.2410342	16.0570641
89.3244370	18.9105524
89.4078399	23.7432397
89.4912427	28.0509969
89.5746455	28.9460661
89.6580484	29.4277712
89.7414512	25.8875377
89.8248540	24.1576571
89.9082569	20.0187447
89.9916597	15.3536845
90.0750626	9.6343958
90.1584654	10.4815252
90.2418682	16.0570641
90.3252711	18.9105524
90.4086739	23.7432397
90.4920767	28.0509969
90.5754796	28.9460661
90.6588824	29.4277712
90.7422852	25.8875377
90.8256881	24.1576571
90.9090909	20.0187447
90.9924937	15.3536845
91.0758966	9.6343958
91.1592994	10.4815252
91.2427023	16.0570641
91.3261051	18.9105524
91.4095079	23.7432397
91.4929108	28.0509969
91.5763136	28.9460661
91.6597164	29.4277712
91.7431193	25.8875377
91.8265221	24.1576571
91.9099249	20.0187447
91.9933278	15.3536845
92.0767306	9.6343958
92.1601334	10.4815252
92.2435363	16.0570641
92.3269391	18.9105524
92.4103420	23.7432397
92.4937448	28.0509969
92.5771476	28.9460661
92.6605505	29.4277712
92.7439533	25.8875377
92.8273561	24.1576571
92.9107590	20.0187447
92.9941618	15.3536845
93.0775646	9.6343958
93.1609675	10.4815252
93.2443703	16.0570641
93.3277731	18.9105524
93.4111760	23.7432397
93.4945788	28.0509969
93.5779817	28.9460661
93.6613845	29.4277712
93.7447873	25.8875377
93.8281902	24.1576571
93.9115930	20.0187447
93.9949958	15.3536845
94.0783987	9.6343958
94.1618015	10.4815252
94.2452043	16.0570641
94.3286072	18.9105524
94.4120100	23.7432397
94.4954128	28.0509969
94.5788157	28.9460661
94.6622185	29.4277712
94.7456214	25.8875377
94.8290242	24.1576571
94.9124270	20.0187447
94.9958299	15.3536845
95.0792327	9.6343958
95.1626355	10.4815252
95.2460384	16.0570641
95.3294412	18.9105524
95.4128440	23.7432397
95.4962469	28.0509969
95.5796497	28.9460661
95.6630525	29.4277712
95.7464554	25.8875377
95.8298582	24.1576571
95.9132611	20.0187447
95.9966639	15.3536845
96.0800667	9.6343958
96.1634696	10.4815252
96.2468724	16.0570641
96.3302752	18.9105524
96.4136781	23.7432397
96.4970809	28.0509969
96.5804837	28.9460661
96.6638866	29.4277712
96.7472894	25.8875377
96.8306922	24.1576571
96.9140951	20.0187447
96.9974979	15.3536845
97.0809008	9.6343958
97.1643036	10.4815252
97.2477064	16.0570641
97.3311093	18.9105524
97.4145121	23.7432397
97.4979149	28.0509969
97.5813178	28.9460661
97.6647206	29.4277712
97.7481234	25.8875377
97.8315263	24.1576571
97.9149291	20.0187447
97.9983319	15.3536845
98.0817348	9.6343958
98.1651376	10.4815252
98.2485405	16.0570641
98.3319433	18.9105524
98.4153461	23.7432397
98.4987490	28.0509969
98.5821518	28.9460661
98.6655546	29.4277712
98.7489575	25.8875377
98.8323603	24.1576571
98.9157631	20.0187447
98.9991660	15.3536845
99.0825688	9.6343958
99.1659716	10.4815252
99.2493745	16.0570641
99.3327773	18.9105524
99.4161802	23.7432397
99.4995830	28.0509969
99.5829858	28.9460661
99.6663887	29.4277712
99.7497915	25.8875377
99.8331943	24.1576571
99.9165972	20.0187447
100.0000000	15.3536845
