# time(yr)	T(C)
0.0000000	2.9599915
0.0834028	0.3480114
0.1668057	2.0247526
0.2502085	8.5412016
0.3336113	16.4463425
0.4170142	24.0056705
0.5004170	29.6557922
0.5838198	34.7974281
0.6672227	36.2159386
0.7506255	29.8785172
0.8340284	18.6921463
0.9174312	9.8010645
1.0008340	2.9599915
1.0842369	0.3480114
1.1676397	2.0247526
1.2510425	8.5412016
1.3344454	16.4463425
1.4178482	24.0056705
1.5012510	29.6557922
1.5846539	34.7974281
1.6680567	36.2159386
1.7514595	29.8785172
1.8348624	18.6921463
1.9182652	9.8010645
2.0016681	2.9599915
2.0850709	0.3480114
2.1684737	2.0247526
2.2518766	8.5412016
2.3352794	16.4463425
2.4186822	24.0056705
2.5020851	29.6557922
2.5854879	34.7974281
2.6688907	36.2159386
2.7522936	29.8785172
2.8356964	18.6921463
2.9190992	9.8010645
3.0025021	2.9599915
3.0859049	0.3480114
3.1693078	2.0247526
3.2527106	8.5412016
3.3361134	16.4463425
3.4195163	24.0056705
3.5029191	29.6557922
3.5863219	34.7974281
3.6697248	36.2159386
3.7531276	29.8785172
3.8365304	18.6921463
3.9199333	9.8010645
4.0033361	2.9599915
4.0867389	0.3480114
4.1701418	2.0247526
4.2535446	8.5412016
4.3369475	16.4463425
4.4203503	24.0056705
4.5037531	29.6557922
4.5871560	34.7974281
4.6705588	36.2159386
4.7539616	29.8785172
4.8373645	18.6921463
4.9207673	9.8010645
5.0041701	2.9599915
5.0875730	0.3480114
5.1709758	2.0247526
5.2543786	8.5412016
5.3377815	16.4463425
5.4211843	24.0056705
5.5045872	29.6557922
5.5879900	34.7974281
5.6713928	36.2159386
5.7547957	29.8785172
5.8381985	18.6921463
5.9216013	9.8010645
6.0050042	2.9599915
6.0884070	0.3480114
6.1718098	2.0247526
6.2552127	8.5412016
6.3386155	16.4463425
6.4220183	24.0056705
6.5054212	29.6557922
6.5888240	34.7974281
6.6722269	36.2159386
6.7556297	29.8785172
6.8390325	18.6921463
6.9224354	9.8010645
7.0058382	2.9599915
7.0892410	0.3480114
7.1726439	2.0247526
7.2560467	8.5412016
7.3394495	16.4463425
7.4228524	24.0056705
7.5062552	29.6557922
7.5896580	34.7974281
7.6730609	36.2159386
7.7564637	29.8785172
7.8398666	18.6921463
7.9232694	9.8010645
8.0066722	2.9599915
8.0900751	0.3480114
8.1734779	2.0247526
8.2568807	8.5412016
8.3402836	16.4463425
8.4236864	24.0056705
8.5070892	29.6557922
8.5904921	34.7974281
8.6738949	36.2159386
8.7572977	29.8785172
8.8407006	18.6921463
8.9241034	9.8010645
9.0075063	2.9599915
9.0909091	0.3480114
9.1743119	2.0247526
9.2577148	8.5412016
9.3411176	16.4463425
9.4245204	24.0056705
9.5079233	29.6557922
9.5913261	34.7974281
9.6747289	36.2159386
9.7581318	29.8785172
9.8415346	18.6921463
9.9249374	9.8010645
10.0083403	2.9599915
10.0917431	0.3480114
10.1751460	2.0247526
10.2585488	8.5412016
10.3419516	16.4463425
10.4253545	24.0056705
10.5087573	29.6557922
10.5921601	34.7974281
10.6755630	36.2159386
10.7589658	29.8785172
10.8423686	18.6921463
10.9257715	9.8010645
11.0091743	2.9599915
11.0925771	0.3480114
11.1759800	2.0247526
11.2593828	8.5412016
11.3427857	16.4463425
11.4261885	24.0056705
11.5095913	29.6557922
11.5929942	34.7974281
11.6763970	36.2159386
11.7597998	29.8785172
11.8432027	18.6921463
11.9266055	9.8010645
12.0100083	2.9599915
12.0934112	0.3480114
12.1768140	2.0247526
12.2602168	8.5412016
12.3436197	16.4463425
12.4270225	24.0056705
12.5104254	29.6557922
12.5938282	34.7974281
12.6772310	36.2159386
12.7606339	29.8785172
12.8440367	18.6921463
12.9274395	9.8010645
13.0108424	2.9599915
13.0942452	0.3480114
13.1776480	2.0247526
13.2610509	8.5412016
13.3444537	16.4463425
13.4278565	24.0056705
13.5112594	29.6557922
13.5946622	34.7974281
13.6780651	36.2159386
13.7614679	29.8785172
13.8448707	18.6921463
13.9282736	9.8010645
14.0116764	2.9599915
14.0950792	0.3480114
14.1784821	2.0247526
14.2618849	8.5412016
14.3452877	16.4463425
14.4286906	24.0056705
14.5120934	29.6557922
14.5954962	34.7974281
14.6788991	36.2159386
14.7623019	29.8785172
14.8457048	18.6921463
14.9291076	9.8010645
15.0125104	2.9599915
15.0959133	0.3480114
15.1793161	2.0247526
15.2627189	8.5412016
15.3461218	16.4463425
15.4295246	24.0056705
15.5129274	29.6557922
15.5963303	34.7974281
15.6797331	36.2159386
15.7631359	29.8785172
15.8465388	18.6921463
15.9299416	9.8010645
16.0133445	2.9599915
16.0967473	0.3480114
16.1801501	2.0247526
16.2635530	8.5412016
16.3469558	16.4463425
16.4303586	24.0056705
16.5137615	29.6557922
16.5971643	34.7974281
16.6805671	36.2159386
16.7639700	29.8785172
16.8473728	18.6921463
16.9307756	9.8010645
17.0141785	2.9599915
17.0975813	0.3480114
17.1809842	2.0247526
17.2643870	8.5412016
17.3477898	16.4463425
17.4311927	24.0056705
17.5145955	29.6557922
17.5979983	34.7974281
17.6814012	36.2159386
17.7648040	29.8785172
17.8482068	18.6921463
17.9316097	9.8010645
18.0150125	2.9599915
18.0984153	0.3480114
18.1818182	2.0247526
18.2652210	8.5412016
18.3486239	16.4463425
18.4320267	24.0056705
18.5154295	29.6557922
18.5988324	34.7974281
18.6822352	36.2159386
18.7656380	29.8785172
18.8490409	18.6921463
18.9324437	9.8010645
19.0158465	2.9599915
19.0992494	0.3480114
19.1826522	2.0247526
19.2660550	8.5412016
19.3494579	16.4463425
19.4328607	24.0056705
19.5162636	29.6557922
19.5996664	34.7974281
19.6830692	36.2159386
19.7664721	29.8785172
19.8498749	18.6921463
19.9332777	9.8010645
20.0166806	2.9599915
20.1000834	0.3480114
20.1834862	2.0247526
20.2668891	8.5412016
20.3502919	16.4463425
20.4336947	24.0056705
20.5170976	29.6557922
20.6005004	34.7974281
20.6839033	36.2159386
20.7673061	29.8785172
20.8507089	18.6921463
20.9341118	9.8010645
21.0175146	2.9599915
21.1009174	0.3480114
21.1843203	2.0247526
21.2677231	8.5412016
21.3511259	16.4463425
21.4345288	24.0056705
21.5179316	29.6557922
21.6013344	34.7974281
21.6847373	36.2159386
21.7681401	29.8785172
21.8515430	18.6921463
21.9349458	9.8010645
22.0183486	2.9599915
22.1017515	0.3480114
22.1851543	2.0247526
22.2685571	8.5412016
22.3519600	16.4463425
22.4353628	24.0056705
22.5187656	29.6557922
22.6021685	34.7974281
22.6855713	36.2159386
22.7689741	29.8785172
22.8523770	18.6921463
22.9357798	9.8010645
23.0191827	2.9599915
23.1025855	0.3480114
23.1859883	2.0247526
23.2693912	8.5412016
23.3527940	16.4463425
23.4361968	24.0056705
23.5195997	29.6557922
23.6030025	34.7974281
23.6864053	36.2159386
23.7698082	29.8785172
23.8532110	18.6921463
23.9366138	9.8010645
24.0200167	2.9599915
24.1034195	0.3480114
24.1868224	2.0247526
24.2702252	8.5412016
24.3536280	16.4463425
24.4370309	24.0056705
24.5204337	29.6557922
24.6038365	34.7974281
24.6872394	36.2159386
24.7706422	29.8785172
24.8540450	18.6921463
24.9374479	9.8010645
25.0208507	2.9599915
25.1042535	0.3480114
25.1876564	2.0247526
25.2710592	8.5412016
25.3544621	16.4463425
25.4378649	24.0056705
25.5212677	29.6557922
25.6046706	34.7974281
25.6880734	36.2159386
25.7714762	29.8785172
25.8548791	18.6921463
25.9382819	9.8010645
26.0216847	2.9599915
26.1050876	0.3480114
26.1884904	2.0247526
26.2718932	8.5412016
26.3552961	16.4463425
26.4386989	24.0056705
26.5221018	29.6557922
26.6055046	34.7974281
26.6889074	36.2159386
26.7723103	29.8785172
26.8557131	18.6921463
26.9391159	9.8010645
27.0225188	2.9599915
27.1059216	0.3480114
27.1893244	2.0247526
27.2727273	8.5412016
27.3561301	16.4463425
27.4395329	24.0056705
27.5229358	29.6557922
27.6063386	34.7974281
27.6897415	36.2159386
27.7731443	29.8785172
27.8565471	18.6921463
27.9399500	9.8010645
28.0233528	2.9599915
28.1067556	0.3480114
28.1901585	2.0247526
28.2735613	8.5412016
28.3569641	16.4463425
28.4403670	24.0056705
28.5237698	29.6557922
28.6071726	34.7974281
28.6905755	36.2159386
28.7739783	29.8785172
28.8573812	18.6921463
28.9407840	9.8010645
29.0241868	2.9599915
29.1075897	0.3480114
29.1909925	2.0247526
29.2743953	8.5412016
29.3577982	16.4463425
29.4412010	24.0056705
29.5246038	29.6557922
29.6080067	34.7974281
29.6914095	36.2159386
29.7748123	29.8785172
29.8582152	18.6921463
29.9416180	9.8010645
30.0250209	2.9599915
30.1084237	0.3480114
30.1918265	2.0247526
30.2752294	8.5412016
30.3586322	16.4463425
30.4420350	24.0056705
30.5254379	29.6557922
30.6088407	34.7974281
30.6922435	36.2159386
30.7756464	29.8785172
30.8590492	18.6921463
30.9424520	9.8010645
31.0258549	2.9599915
31.1092577	0.3480114
31.1926606	2.0247526
31.2760634	8.5412016
31.3594662	16.4463425
31.4428691	24.0056705
31.5262719	29.6557922
31.6096747	34.7974281
31.6930776	36.2159386
31.7764804	29.8785172
31.8598832	18.6921463
31.9432861	9.8010645
32.0266889	2.9599915
32.1100917	0.3480114
32.1934946	2.0247526
32.2768974	8.5412016
32.3603003	16.4463425
32.4437031	24.0056705
32.5271059	29.6557922
32.6105088	34.7974281
32.6939116	36.2159386
32.7773144	29.8785172
32.8607173	18.6921463
32.9441201	9.8010645
33.0275229	2.9599915
33.1109258	0.3480114
33.1943286	2.0247526
33.2777314	8.5412016
33.3611343	16.4463425
33.4445371	24.0056705
33.5279399	29.6557922
33.6113428	34.7974281
33.6947456	36.2159386
33.7781485	29.8785172
33.8615513	18.6921463
33.9449541	9.8010645
34.0283570	2.9599915
34.1117598	0.3480114
34.1951626	2.0247526
34.2785655	8.5412016
34.3619683	16.4463425
34.4453711	24.0056705
34.5287740	29.6557922
34.6121768	34.7974281
34.6955796	36.2159386
34.7789825	29.8785172
34.8623853	18.6921463
34.9457882	9.8010645
35.0291910	2.9599915
35.1125938	0.3480114
35.1959967	2.0247526
35.2793995	8.5412016
35.3628023	16.4463425
35.4462052	24.0056705
35.5296080	29.6557922
35.6130108	34.7974281
35.6964137	36.2159386
35.7798165	29.8785172
35.8632193	18.6921463
35.9466222	9.8010645
36.0300250	2.9599915
36.1134279	0.3480114
36.1968307	2.0247526
36.2802335	8.5412016
36.3636364	16.4463425
36.4470392	24.0056705
36.5304420	29.6557922
36.6138449	34.7974281
36.6972477	36.2159386
36.7806505	29.8785172
36.8640534	18.6921463
36.9474562	9.8010645
37.0308590	2.9599915
37.1142619	0.3480114
37.1976647	2.0247526
37.2810676	8.5412016
37.3644704	16.4463425
37.4478732	24.0056705
37.5312761	29.6557922
37.6146789	34.7974281
37.6980817	36.2159386
37.7814846	29.8785172
37.8648874	18.6921463
37.9482902	9.8010645
38.0316931	2.9599915
38.1150959	0.3480114
38.1984987	2.0247526
38.2819016	8.5412016
38.3653044	16.4463425
38.4487073	24.0056705
38.5321101	29.6557922
38.6155129	34.7974281
38.6989158	36.2159386
38.7823186	29.8785172
38.8657214	18.6921463
38.9491243	9.8010645
39.0325271	2.9599915
39.1159299	0.3480114
39.1993328	2.0247526
39.2827356	8.5412016
39.3661384	16.4463425
39.4495413	24.0056705
39.5329441	29.6557922
39.6163470	34.7974281
39.6997498	36.2159386
39.7831526	29.8785172
39.8665555	18.6921463
39.9499583	9.8010645
40.0333611	2.9599915
40.1167640	0.3480114
40.2001668	2.0247526
40.2835696	8.5412016
40.3669725	16.4463425
40.4503753	24.0056705
40.5337781	29.6557922
40.6171810	34.7974281
40.7005838	36.2159386
40.7839867	29.8785172
40.8673895	18.6921463
40.9507923	9.8010645
41.0341952	2.9599915
41.1175980	0.3480114
41.2010008	2.0247526
41.2844037	8.5412016
41.3678065	16.4463425
41.4512093	24.0056705
41.5346122	29.6557922
41.6180150	34.7974281
41.7014178	36.2159386
41.7848207	29.8785172
41.8682235	18.6921463
41.9516264	9.8010645
42.0350292	2.9599915
42.1184320	0.3480114
42.2018349	2.0247526
42.2852377	8.5412016
42.3686405	16.4463425
42.4520434	24.0056705
42.5354462	29.6557922
42.6188490	34.7974281
42.7022519	36.2159386
42.7856547	29.8785172
42.8690575	18.6921463
42.9524604	9.8010645
43.0358632	2.9599915
43.1192661	0.3480114
43.2026689	2.0247526
43.2860717	8.5412016
43.3694746	16.4463425
43.4528774	24.0056705
43.5362802	29.6557922
43.6196831	34.7974281
43.7030859	36.2159386
43.7864887	29.8785172
43.8698916	18.6921463
43.9532944	9.8010645
44.0366972	2.9599915
44.1201001	0.3480114
44.2035029	2.0247526
44.2869058	8.5412016
44.3703086	16.4463425
44.4537114	24.0056705
44.5371143	29.6557922
44.6205171	34.7974281
44.7039199	36.2159386
44.7873228	29.8785172
44.8707256	18.6921463
44.9541284	9.8010645
45.0375313	2.9599915
45.1209341	0.3480114
45.2043369	2.0247526
45.2877398	8.5412016
45.3711426	16.4463425
45.4545455	24.0056705
45.5379483	29.6557922
45.6213511	34.7974281
45.7047540	36.2159386
45.7881568	29.8785172
45.8715596	18.6921463
45.9549625	9.8010645
46.0383653	2.9599915
46.1217681	0.3480114
46.2051710	2.0247526
46.2885738	8.5412016
46.3719766	16.4463425
46.4553795	24.0056705
46.5387823	29.6557922
46.6221852	34.7974281
46.7055880	36.2159386
46.7889908	29.8785172
46.8723937	18.6921463
46.9557965	9.8010645
47.0391993	2.9599915
47.1226022	0.3480114
47.2060050	2.0247526
47.2894078	8.5412016
47.3728107	16.4463425
47.4562135	24.0056705
47.5396163	29.6557922
47.6230192	34.7974281
47.7064220	36.2159386
47.7898249	29.8785172
47.8732277	18.6921463
47.9566305	9.8010645
48.0400334	2.9599915
48.1234362	0.3480114
48.2068390	2.0247526
48.2902419	8.5412016
48.3736447	16.4463425
48.4570475	24.0056705
48.5404504	29.6557922
48.6238532	34.7974281
48.7072560	36.2159386
48.7906589	29.8785172
48.8740617	18.6921463
48.9574646	9.8010645
49.0408674	2.9599915
49.1242702	0.3480114
49.2076731	2.0247526
49.2910759	8.5412016
49.3744787	16.4463425
49.4578816	24.0056705
49.5412844	29.6557922
49.6246872	34.7974281
49.7080901	36.2159386
49.7914929	29.8785172
49.8748957	18.6921463
49.9582986	9.8010645
50.0417014	2.9599915
50.1251043	0.3480114
50.2085071	2.0247526
50.2919099	8.5412016
50.3753128	16.4463425
50.4587156	24.0056705
50.5421184	29.6557922
50.6255213	34.7974281
50.7089241	36.2159386
50.7923269	29.8785172
50.8757298	18.6921463
50.9591326	9.8010645
51.0425354	2.9599915
51.1259383	0.3480114
51.2093411	2.0247526
51.2927440	8.5412016
51.3761468	16.4463425
51.4595496	24.0056705
51.5429525	29.6557922
51.6263553	34.7974281
51.7097581	36.2159386
51.7931610	29.8785172
51.8765638	18.6921463
51.9599666	9.8010645
52.0433695	2.9599915
52.1267723	0.3480114
52.2101751	2.0247526
52.2935780	8.5412016
52.3769808	16.4463425
52.4603837	24.0056705
52.5437865	29.6557922
52.6271893	34.7974281
52.7105922	36.2159386
52.7939950	29.8785172
52.8773978	18.6921463
52.9608007	9.8010645
53.0442035	2.9599915
53.1276063	0.3480114
53.2110092	2.0247526
53.2944120	8.5412016
53.3778148	16.4463425
53.4612177	24.0056705
53.5446205	29.6557922
53.6280234	34.7974281
53.7114262	36.2159386
53.7948290	29.8785172
53.8782319	18.6921463
53.9616347	9.8010645
54.0450375	2.9599915
54.1284404	0.3480114
54.2118432	2.0247526
54.2952460	8.5412016
54.3786489	16.4463425
54.4620517	24.0056705
54.5454545	29.6557922
54.6288574	34.7974281
54.7122602	36.2159386
54.7956631	29.8785172
54.8790659	18.6921463
54.9624687	9.8010645
55.0458716	2.9599915
55.1292744	0.3480114
55.2126772	2.0247526
55.2960801	8.5412016
55.3794829	16.4463425
55.4628857	24.0056705
55.5462886	29.6557922
55.6296914	34.7974281
55.7130942	36.2159386
55.7964971	29.8785172
55.8798999	18.6921463
55.9633028	9.8010645
56.0467056	2.9599915
56.1301084	0.3480114
56.2135113	2.0247526
56.2969141	8.5412016
56.3803169	16.4463425
56.4637198	24.0056705
56.5471226	29.6557922
56.6305254	34.7974281
56.7139283	36.2159386
56.7973311	29.8785172
56.8807339	18.6921463
56.9641368	9.8010645
57.0475396	2.9599915
57.1309425	0.3480114
57.2143453	2.0247526
57.2977481	8.5412016
57.3811510	16.4463425
57.4645538	24.0056705
57.5479566	29.6557922
57.6313595	34.7974281
57.7147623	36.2159386
57.7981651	29.8785172
57.8815680	18.6921463
57.9649708	9.8010645
58.0483736	2.9599915
58.1317765	0.3480114
58.2151793	2.0247526
58.2985822	8.5412016
58.3819850	16.4463425
58.4653878	24.0056705
58.5487907	29.6557922
58.6321935	34.7974281
58.7155963	36.2159386
58.7989992	29.8785172
58.8824020	18.6921463
58.9658048	9.8010645
59.0492077	2.9599915
59.1326105	0.3480114
59.2160133	2.0247526
59.2994162	8.5412016
59.3828190	16.4463425
59.4662219	24.0056705
59.5496247	29.6557922
59.6330275	34.7974281
59.7164304	36.2159386
59.7998332	29.8785172
59.8832360	18.6921463
59.9666389	9.8010645
60.0500417	2.9599915
60.1334445	0.3480114
60.2168474	2.0247526
60.3002502	8.5412016
60.3836530	16.4463425
60.4670559	24.0056705
60.5504587	29.6557922
60.6338616	34.7974281
60.7172644	36.2159386
60.8006672	29.8785172
60.8840701	18.6921463
60.9674729	9.8010645
61.0508757	2.9599915
61.1342786	0.3480114
61.2176814	2.0247526
61.3010842	8.5412016
61.3844871	16.4463425
61.4678899	24.0056705
61.5512927	29.6557922
61.6346956	34.7974281
61.7180984	36.2159386
61.8015013	29.8785172
61.8849041	18.6921463
61.9683069	9.8010645
62.0517098	2.9599915
62.1351126	0.3480114
62.2185154	2.0247526
62.3019183	8.5412016
62.3853211	16.4463425
62.4687239	24.0056705
62.5521268	29.6557922
62.6355296	34.7974281
62.7189324	36.2159386
62.8023353	29.8785172
62.8857381	18.6921463
62.9691410	9.8010645
63.0525438	2.9599915
63.1359466	0.3480114
63.2193495	2.0247526
63.3027523	8.5412016
63.3861551	16.4463425
63.4695580	24.0056705
63.5529608	29.6557922
63.6363636	34.7974281
63.7197665	36.2159386
63.8031693	29.8785172
63.8865721	18.6921463
63.9699750	9.8010645
64.0533778	2.9599915
64.1367807	0.3480114
64.2201835	2.0247526
64.3035863	8.5412016
64.3869892	16.4463425
64.4703920	24.0056705
64.5537948	29.6557922
64.6371977	34.7974281
64.7206005	36.2159386
64.8040033	29.8785172
64.8874062	18.6921463
64.9708090	9.8010645
65.0542118	2.9599915
65.1376147	0.3480114
65.2210175	2.0247526
65.3044204	8.5412016
65.3878232	16.4463425
65.4712260	24.0056705
65.5546289	29.6557922
65.6380317	34.7974281
65.7214345	36.2159386
65.8048374	29.8785172
65.8882402	18.6921463
65.9716430	9.8010645
66.0550459	2.9599915
66.1384487	0.3480114
66.2218515	2.0247526
66.3052544	8.5412016
66.3886572	16.4463425
66.4720601	24.0056705
66.5554629	29.6557922
66.6388657	34.7974281
66.7222686	36.2159386
66.8056714	29.8785172
66.8890742	18.6921463
66.9724771	9.8010645
67.0558799	2.9599915
67.1392827	0.3480114
67.2226856	2.0247526
67.3060884	8.5412016
67.3894912	16.4463425
67.4728941	24.0056705
67.5562969	29.6557922
67.6396997	34.7974281
67.7231026	36.2159386
67.8065054	29.8785172
67.8899083	18.6921463
67.9733111	9.8010645
68.0567139	2.9599915
68.1401168	0.3480114
68.2235196	2.0247526
68.3069224	8.5412016
68.3903253	16.4463425
68.4737281	24.0056705
68.5571309	29.6557922
68.6405338	34.7974281
68.7239366	36.2159386
68.8073394	29.8785172
68.8907423	18.6921463
68.9741451	9.8010645
69.0575480	2.9599915
69.1409508	0.3480114
69.2243536	2.0247526
69.3077565	8.5412016
69.3911593	16.4463425
69.4745621	24.0056705
69.5579650	29.6557922
69.6413678	34.7974281
69.7247706	36.2159386
69.8081735	29.8785172
69.8915763	18.6921463
69.9749791	9.8010645
70.0583820	2.9599915
70.1417848	0.3480114
70.2251877	2.0247526
70.3085905	8.5412016
70.3919933	16.4463425
70.4753962	24.0056705
70.5587990	29.6557922
70.6422018	34.7974281
70.7256047	36.2159386
70.8090075	29.8785172
70.8924103	18.6921463
70.9758132	9.8010645
71.0592160	2.9599915
71.1426188	0.3480114
71.2260217	2.0247526
71.3094245	8.5412016
71.3928274	16.4463425
71.4762302	24.0056705
71.5596330	29.6557922
71.6430359	34.7974281
71.7264387	36.2159386
71.8098415	29.8785172
71.8932444	18.6921463
71.9766472	9.8010645
72.0600500	2.9599915
72.1434529	0.3480114
72.2268557	2.0247526
72.3102585	8.5412016
72.3936614	16.4463425
72.4770642	24.0056705
72.5604671	29.6557922
72.6438699	34.7974281
72.7272727	36.2159386
72.8106756	29.8785172
72.8940784	18.6921463
72.9774812	9.8010645
73.0608841	2.9599915
73.1442869	0.3480114
73.2276897	2.0247526
73.3110926	8.5412016
73.3944954	16.4463425
73.4778982	24.0056705
73.5613011	29.6557922
73.6447039	34.7974281
73.7281068	36.2159386
73.8115096	29.8785172
73.8949124	18.6921463
73.9783153	9.8010645
74.0617181	2.9599915
74.1451209	0.3480114
74.2285238	2.0247526
74.3119266	8.5412016
74.3953294	16.4463425
74.4787323	24.0056705
74.5621351	29.6557922
74.6455379	34.7974281
74.7289408	36.2159386
74.8123436	29.8785172
74.8957465	18.6921463
74.9791493	9.8010645
75.0625521	2.9599915
75.1459550	0.3480114
75.2293578	2.0247526
75.3127606	8.5412016
75.3961635	16.4463425
75.4795663	24.0056705
75.5629691	29.6557922
75.6463720	34.7974281
75.7297748	36.2159386
75.8131776	29.8785172
75.8965805	18.6921463
75.9799833	9.8010645
76.0633862	2.9599915
76.1467890	0.3480114
76.2301918	2.0247526
76.3135947	8.5412016
76.3969975	16.4463425
76.4804003	24.0056705
76.5638032	29.6557922
76.6472060	34.7974281
76.7306088	36.2159386
76.8140117	29.8785172
76.8974145	18.6921463
76.9808173	9.8010645
77.0642202	2.9599915
77.1476230	0.3480114
77.2310259	2.0247526
77.3144287	8.5412016
77.3978315	16.4463425
77.4812344	24.0056705
77.5646372	29.6557922
77.6480400	34.7974281
77.7314429	36.2159386
77.8148457	29.8785172
77.8982485	18.6921463
77.9816514	9.8010645
78.0650542	2.9599915
78.1484570	0.3480114
78.2318599	2.0247526
78.3152627	8.5412016
78.3986656	16.4463425
78.4820684	24.0056705
78.5654712	29.6557922
78.6488741	34.7974281
78.7322769	36.2159386
78.8156797	29.8785172
78.8990826	18.6921463
78.9824854	9.8010645
79.0658882	2.9599915
79.1492911	0.3480114
79.2326939	2.0247526
79.3160967	8.5412016
79.3994996	16.4463425
79.4829024	24.0056705
79.5663053	29.6557922
79.6497081	34.7974281
79.7331109	36.2159386
79.8165138	29.8785172
79.8999166	18.6921463
79.9833194	9.8010645
80.0667223	2.9599915
80.1501251	0.3480114
80.2335279	2.0247526
80.3169308	8.5412016
80.4003336	16.4463425
80.4837364	24.0056705
80.5671393	29.6557922
80.6505421	34.7974281
80.7339450	36.2159386
80.8173478	29.8785172
80.9007506	18.6921463
80.9841535	9.8010645
81.0675563	2.9599915
81.1509591	0.3480114
81.2343620	2.0247526
81.3177648	8.5412016
81.4011676	16.4463425
81.4845705	24.0056705
81.5679733	29.6557922
81.6513761	34.7974281
81.7347790	36.2159386
81.8181818	29.8785172
81.9015847	18.6921463
81.9849875	9.8010645
82.0683903	2.9599915
82.1517932	0.3480114
82.2351960	2.0247526
82.3185988	8.5412016
82.4020017	16.4463425
82.4854045	24.0056705
82.5688073	29.6557922
82.6522102	34.7974281
82.7356130	36.2159386
82.8190158	29.8785172
82.9024187	18.6921463
82.9858215	9.8010645
83.0692244	2.9599915
83.1526272	0.3480114
83.2360300	2.0247526
83.3194329	8.5412016
83.4028357	16.4463425
83.4862385	24.0056705
83.5696414	29.6557922
83.6530442	34.7974281
83.7364470	36.2159386
83.8198499	29.8785172
83.9032527	18.6921463
83.9866555	9.8010645
84.0700584	2.9599915
84.1534612	0.3480114
84.2368641	2.0247526
84.3202669	8.5412016
84.4036697	16.4463425
84.4870726	24.0056705
84.5704754	29.6557922
84.6538782	34.7974281
84.7372811	36.2159386
84.8206839	29.8785172
84.9040867	18.6921463
84.9874896	9.8010645
85.0708924	2.9599915
85.1542952	0.3480114
85.2376981	2.0247526
85.3211009	8.5412016
85.4045038	16.4463425
85.4879066	24.0056705
85.5713094	29.6557922
85.6547123	34.7974281
85.7381151	36.2159386
85.8215179	29.8785172
85.9049208	18.6921463
85.9883236	9.8010645
86.0717264	2.9599915
86.1551293	0.3480114
86.2385321	2.0247526
86.3219349	8.5412016
86.4053378	16.4463425
86.4887406	24.0056705
86.5721435	29.6557922
86.6555463	34.7974281
86.7389491	36.2159386
86.8223520	29.8785172
86.9057548	18.6921463
86.9891576	9.8010645
87.0725605	2.9599915
87.1559633	0.3480114
87.2393661	2.0247526
87.3227690	8.5412016
87.4061718	16.4463425
87.4895746	24.0056705
87.5729775	29.6557922
87.6563803	34.7974281
87.7397832	36.2159386
87.8231860	29.8785172
87.9065888	18.6921463
87.9899917	9.8010645
88.0733945	2.9599915
88.1567973	0.3480114
88.2402002	2.0247526
88.3236030	8.5412016
88.4070058	16.4463425
88.4904087	24.0056705
88.5738115	29.6557922
88.6572143	34.7974281
88.7406172	36.2159386
88.8240200	29.8785172
88.9074229	18.6921463
88.9908257	9.8010645
89.0742285	2.9599915
89.1576314	0.3480114
89.2410342	2.0247526
89.3244370	8.5412016
89.4078399	16.4463425
89.4912427	24.0056705
89.5746455	29.6557922
89.6580484	34.7974281
89.7414512	36.2159386
89.8248540	29.8785172
89.9082569	18.6921463
89.9916597	9.8010645
90.0750626	2.9599915
90.1584654	0.3480114
90.2418682	2.0247526
90.3252711	8.5412016
90.4086739	16.4463425
90.4920767	24.0056705
90.5754796	29.6557922
90.6588824	34.7974281
90.7422852	36.2159386
90.8256881	29.8785172
90.9090909	18.6921463
90.9924937	9.8010645
91.0758966	2.9599915
91.1592994	0.3480114
91.2427023	2.0247526
91.3261051	8.5412016
91.4095079	16.4463425
91.4929108	24.0056705
91.5763136	29.6557922
91.6597164	34.7974281
91.7431193	36.2159386
91.8265221	29.8785172
91.9099249	18.6921463
91.9933278	9.8010645
92.0767306	2.9599915
92.1601334	0.3480114
92.2435363	2.0247526
92.3269391	8.5412016
92.4103420	16.4463425
92.4937448	24.0056705
92.5771476	29.6557922
92.6605505	34.7974281
92.7439533	36.2159386
92.8273561	29.8785172
92.9107590	18.6921463
92.9941618	9.8010645
93.0775646	2.9599915
93.1609675	0.3480114
93.2443703	2.0247526
93.3277731	8.5412016
93.4111760	16.4463425
93.4945788	24.0056705
93.5779817	29.6557922
93.6613845	34.7974281
93.7447873	36.2159386
93.8281902	29.8785172
93.9115930	18.6921463
93.9949958	9.8010645
94.0783987	2.9599915
94.1618015	0.3480114
94.2452043	2.0247526
94.3286072	8.5412016
94.4120100	16.4463425
94.4954128	24.0056705
94.5788157	29.6557922
94.6622185	34.7974281
94.7456214	36.2159386
94.8290242	29.8785172
94.9124270	18.6921463
94.9958299	9.8010645
95.0792327	2.9599915
95.1626355	0.3480114
95.2460384	2.0247526
95.3294412	8.5412016
95.4128440	16.4463425
95.4962469	24.0056705
95.5796497	29.6557922
95.6630525	34.7974281
95.7464554	36.2159386
95.8298582	29.8785172
95.9132611	18.6921463
95.9966639	9.8010645
96.0800667	2.9599915
96.1634696	0.3480114
96.2468724	2.0247526
96.3302752	8.5412016
96.4136781	16.4463425
96.4970809	24.0056705
96.5804837	29.6557922
96.6638866	34.7974281
96.7472894	36.2159386
96.8306922	29.8785172
96.9140951	18.6921463
96.9974979	9.8010645
97.0809008	2.9599915
97.1643036	0.3480114
97.2477064	2.0247526
97.3311093	8.5412016
97.4145121	16.4463425
97.4979149	24.0056705
97.5813178	29.6557922
97.6647206	34.7974281
97.7481234	36.2159386
97.8315263	29.8785172
97.9149291	18.6921463
97.9983319	9.8010645
98.0817348	2.9599915
98.1651376	0.3480114
98.2485405	2.0247526
98.3319433	8.5412016
98.4153461	16.4463425
98.4987490	24.0056705
98.5821518	29.6557922
98.6655546	34.7974281
98.7489575	36.2159386
98.8323603	29.8785172
98.9157631	18.6921463
98.9991660	9.8010645
99.0825688	2.9599915
99.1659716	0.3480114
99.2493745	2.0247526
99.3327773	8.5412016
99.4161802	16.4463425
99.4995830	24.0056705
99.5829858	29.6557922
99.6663887	34.7974281
99.7497915	36.2159386
99.8331943	29.8785172
99.9165972	18.6921463
100.0000000	9.8010645
