# time(yr)	moisture(mm/m)
0.0000000	312.8971863
0.0834028	328.0941162
0.1668057	342.8630066
0.2502085	327.6393433
0.3336113	323.0483704
0.4170142	308.2063293
0.5004170	249.3483429
0.5838198	210.1016693
0.6672227	194.9246521
0.7506255	231.7649078
0.8340284	273.1069336
0.9174312	303.9809875
1.0008340	312.8971863
1.0842369	328.0941162
1.1676397	342.8630066
1.2510425	327.6393433
1.3344454	323.0483704
1.4178482	308.2063293
1.5012510	249.3483429
1.5846539	210.1016693
1.6680567	194.9246521
1.7514595	231.7649078
1.8348624	273.1069336
1.9182652	303.9809875
2.0016681	312.8971863
2.0850709	328.0941162
2.1684737	342.8630066
2.2518766	327.6393433
2.3352794	323.0483704
2.4186822	308.2063293
2.5020851	249.3483429
2.5854879	210.1016693
2.6688907	194.9246521
2.7522936	231.7649078
2.8356964	273.1069336
2.9190992	303.9809875
3.0025021	312.8971863
3.0859049	328.0941162
3.1693078	342.8630066
3.2527106	327.6393433
3.3361134	323.0483704
3.4195163	308.2063293
3.5029191	249.3483429
3.5863219	210.1016693
3.6697248	194.9246521
3.7531276	231.7649078
3.8365304	273.1069336
3.9199333	303.9809875
4.0033361	312.8971863
4.0867389	328.0941162
4.1701418	342.8630066
4.2535446	327.6393433
4.3369475	323.0483704
4.4203503	308.2063293
4.5037531	249.3483429
4.5871560	210.1016693
4.6705588	194.9246521
4.7539616	231.7649078
4.8373645	273.1069336
4.9207673	303.9809875
5.0041701	312.8971863
5.0875730	328.0941162
5.1709758	342.8630066
5.2543786	327.6393433
5.3377815	323.0483704
5.4211843	308.2063293
5.5045872	249.3483429
5.5879900	210.1016693
5.6713928	194.9246521
5.7547957	231.7649078
5.8381985	273.1069336
5.9216013	303.9809875
6.0050042	312.8971863
6.0884070	328.0941162
6.1718098	342.8630066
6.2552127	327.6393433
6.3386155	323.0483704
6.4220183	308.2063293
6.5054212	249.3483429
6.5888240	210.1016693
6.6722269	194.9246521
6.7556297	231.7649078
6.8390325	273.1069336
6.9224354	303.9809875
7.0058382	312.8971863
7.0892410	328.0941162
7.1726439	342.8630066
7.2560467	327.6393433
7.3394495	323.0483704
7.4228524	308.2063293
7.5062552	249.3483429
7.5896580	210.1016693
7.6730609	194.9246521
7.7564637	231.7649078
7.8398666	273.1069336
7.9232694	303.9809875
8.0066722	312.8971863
8.0900751	328.0941162
8.1734779	342.8630066
8.2568807	327.6393433
8.3402836	323.0483704
8.4236864	308.2063293
8.5070892	249.3483429
8.5904921	210.1016693
8.6738949	194.9246521
8.7572977	231.7649078
8.8407006	273.1069336
8.9241034	303.9809875
9.0075063	312.8971863
9.0909091	328.0941162
9.1743119	342.8630066
9.2577148	327.6393433
9.3411176	323.0483704
9.4245204	308.2063293
9.5079233	249.3483429
9.5913261	210.1016693
9.6747289	194.9246521
9.7581318	231.7649078
9.8415346	273.1069336
9.9249374	303.9809875
10.0083403	312.8971863
10.0917431	328.0941162
10.1751460	342.8630066
10.2585488	327.6393433
10.3419516	323.0483704
10.4253545	308.2063293
10.5087573	249.3483429
10.5921601	210.1016693
10.6755630	194.9246521
10.7589658	231.7649078
10.8423686	273.1069336
10.9257715	303.9809875
11.0091743	312.8971863
11.0925771	328.0941162
11.1759800	342.8630066
11.2593828	327.6393433
11.3427857	323.0483704
11.4261885	308.2063293
11.5095913	249.3483429
11.5929942	210.1016693
11.6763970	194.9246521
11.7597998	231.7649078
11.8432027	273.1069336
11.9266055	303.9809875
12.0100083	312.8971863
12.0934112	328.0941162
12.1768140	342.8630066
12.2602168	327.6393433
12.3436197	323.0483704
12.4270225	308.2063293
12.5104254	249.3483429
12.5938282	210.1016693
12.6772310	194.9246521
12.7606339	231.7649078
12.8440367	273.1069336
12.9274395	303.9809875
13.0108424	312.8971863
13.0942452	328.0941162
13.1776480	342.8630066
13.2610509	327.6393433
13.3444537	323.0483704
13.4278565	308.2063293
13.5112594	249.3483429
13.5946622	210.1016693
13.6780651	194.9246521
13.7614679	231.7649078
13.8448707	273.1069336
13.9282736	303.9809875
14.0116764	312.8971863
14.0950792	328.0941162
14.1784821	342.8630066
14.2618849	327.6393433
14.3452877	323.0483704
14.4286906	308.2063293
14.5120934	249.3483429
14.5954962	210.1016693
14.6788991	194.9246521
14.7623019	231.7649078
14.8457048	273.1069336
14.9291076	303.9809875
15.0125104	312.8971863
15.0959133	328.0941162
15.1793161	342.8630066
15.2627189	327.6393433
15.3461218	323.0483704
15.4295246	308.2063293
15.5129274	249.3483429
15.5963303	210.1016693
15.6797331	194.9246521
15.7631359	231.7649078
15.8465388	273.1069336
15.9299416	303.9809875
16.0133445	312.8971863
16.0967473	328.0941162
16.1801501	342.8630066
16.2635530	327.6393433
16.3469558	323.0483704
16.4303586	308.2063293
16.5137615	249.3483429
16.5971643	210.1016693
16.6805671	194.9246521
16.7639700	231.7649078
16.8473728	273.1069336
16.9307756	303.9809875
17.0141785	312.8971863
17.0975813	328.0941162
17.1809842	342.8630066
17.2643870	327.6393433
17.3477898	323.0483704
17.4311927	308.2063293
17.5145955	249.3483429
17.5979983	210.1016693
17.6814012	194.9246521
17.7648040	231.7649078
17.8482068	273.1069336
17.9316097	303.9809875
18.0150125	312.8971863
18.0984153	328.0941162
18.1818182	342.8630066
18.2652210	327.6393433
18.3486239	323.0483704
18.4320267	308.2063293
18.5154295	249.3483429
18.5988324	210.1016693
18.6822352	194.9246521
18.7656380	231.7649078
18.8490409	273.1069336
18.9324437	303.9809875
19.0158465	312.8971863
19.0992494	328.0941162
19.1826522	342.8630066
19.2660550	327.6393433
19.3494579	323.0483704
19.4328607	308.2063293
19.5162636	249.3483429
19.5996664	210.1016693
19.6830692	194.9246521
19.7664721	231.7649078
19.8498749	273.1069336
19.9332777	303.9809875
20.0166806	312.8971863
20.1000834	328.0941162
20.1834862	342.8630066
20.2668891	327.6393433
20.3502919	323.0483704
20.4336947	308.2063293
20.5170976	249.3483429
20.6005004	210.1016693
20.6839033	194.9246521
20.7673061	231.7649078
20.8507089	273.1069336
20.9341118	303.9809875
21.0175146	312.8971863
21.1009174	328.0941162
21.1843203	342.8630066
21.2677231	327.6393433
21.3511259	323.0483704
21.4345288	308.2063293
21.5179316	249.3483429
21.6013344	210.1016693
21.6847373	194.9246521
21.7681401	231.7649078
21.8515430	273.1069336
21.9349458	303.9809875
22.0183486	312.8971863
22.1017515	328.0941162
22.1851543	342.8630066
22.2685571	327.6393433
22.3519600	323.0483704
22.4353628	308.2063293
22.5187656	249.3483429
22.6021685	210.1016693
22.6855713	194.9246521
22.7689741	231.7649078
22.8523770	273.1069336
22.9357798	303.9809875
23.0191827	312.8971863
23.1025855	328.0941162
23.1859883	342.8630066
23.2693912	327.6393433
23.3527940	323.0483704
23.4361968	308.2063293
23.5195997	249.3483429
23.6030025	210.1016693
23.6864053	194.9246521
23.7698082	231.7649078
23.8532110	273.1069336
23.9366138	303.9809875
24.0200167	312.8971863
24.1034195	328.0941162
24.1868224	342.8630066
24.2702252	327.6393433
24.3536280	323.0483704
24.4370309	308.2063293
24.5204337	249.3483429
24.6038365	210.1016693
24.6872394	194.9246521
24.7706422	231.7649078
24.8540450	273.1069336
24.9374479	303.9809875
25.0208507	312.8971863
25.1042535	328.0941162
25.1876564	342.8630066
25.2710592	327.6393433
25.3544621	323.0483704
25.4378649	308.2063293
25.5212677	249.3483429
25.6046706	210.1016693
25.6880734	194.9246521
25.7714762	231.7649078
25.8548791	273.1069336
25.9382819	303.9809875
26.0216847	312.8971863
26.1050876	328.0941162
26.1884904	342.8630066
26.2718932	327.6393433
26.3552961	323.0483704
26.4386989	308.2063293
26.5221018	249.3483429
26.6055046	210.1016693
26.6889074	194.9246521
26.7723103	231.7649078
26.8557131	273.1069336
26.9391159	303.9809875
27.0225188	312.8971863
27.1059216	328.0941162
27.1893244	342.8630066
27.2727273	327.6393433
27.3561301	323.0483704
27.4395329	308.2063293
27.5229358	249.3483429
27.6063386	210.1016693
27.6897415	194.9246521
27.7731443	231.7649078
27.8565471	273.1069336
27.9399500	303.9809875
28.0233528	312.8971863
28.1067556	328.0941162
28.1901585	342.8630066
28.2735613	327.6393433
28.3569641	323.0483704
28.4403670	308.2063293
28.5237698	249.3483429
28.6071726	210.1016693
28.6905755	194.9246521
28.7739783	231.7649078
28.8573812	273.1069336
28.9407840	303.9809875
29.0241868	312.8971863
29.1075897	328.0941162
29.1909925	342.8630066
29.2743953	327.6393433
29.3577982	323.0483704
29.4412010	308.2063293
29.5246038	249.3483429
29.6080067	210.1016693
29.6914095	194.9246521
29.7748123	231.7649078
29.8582152	273.1069336
29.9416180	303.9809875
30.0250209	312.8971863
30.1084237	328.0941162
30.1918265	342.8630066
30.2752294	327.6393433
30.3586322	323.0483704
30.4420350	308.2063293
30.5254379	249.3483429
30.6088407	210.1016693
30.6922435	194.9246521
30.7756464	231.7649078
30.8590492	273.1069336
30.9424520	303.9809875
31.0258549	312.8971863
31.1092577	328.0941162
31.1926606	342.8630066
31.2760634	327.6393433
31.3594662	323.0483704
31.4428691	308.2063293
31.5262719	249.3483429
31.6096747	210.1016693
31.6930776	194.9246521
31.7764804	231.7649078
31.8598832	273.1069336
31.9432861	303.9809875
32.0266889	312.8971863
32.1100917	328.0941162
32.1934946	342.8630066
32.2768974	327.6393433
32.3603003	323.0483704
32.4437031	308.2063293
32.5271059	249.3483429
32.6105088	210.1016693
32.6939116	194.9246521
32.7773144	231.7649078
32.8607173	273.1069336
32.9441201	303.9809875
33.0275229	312.8971863
33.1109258	328.0941162
33.1943286	342.8630066
33.2777314	327.6393433
33.3611343	323.0483704
33.4445371	308.2063293
33.5279399	249.3483429
33.6113428	210.1016693
33.6947456	194.9246521
33.7781485	231.7649078
33.8615513	273.1069336
33.9449541	303.9809875
34.0283570	312.8971863
34.1117598	328.0941162
34.1951626	342.8630066
34.2785655	327.6393433
34.3619683	323.0483704
34.4453711	308.2063293
34.5287740	249.3483429
34.6121768	210.1016693
34.6955796	194.9246521
34.7789825	231.7649078
34.8623853	273.1069336
34.9457882	303.9809875
35.0291910	312.8971863
35.1125938	328.0941162
35.1959967	342.8630066
35.2793995	327.6393433
35.3628023	323.0483704
35.4462052	308.2063293
35.5296080	249.3483429
35.6130108	210.1016693
35.6964137	194.9246521
35.7798165	231.7649078
35.8632193	273.1069336
35.9466222	303.9809875
36.0300250	312.8971863
36.1134279	328.0941162
36.1968307	342.8630066
36.2802335	327.6393433
36.3636364	323.0483704
36.4470392	308.2063293
36.5304420	249.3483429
36.6138449	210.1016693
36.6972477	194.9246521
36.7806505	231.7649078
36.8640534	273.1069336
36.9474562	303.9809875
37.0308590	312.8971863
37.1142619	328.0941162
37.1976647	342.8630066
37.2810676	327.6393433
37.3644704	323.0483704
37.4478732	308.2063293
37.5312761	249.3483429
37.6146789	210.1016693
37.6980817	194.9246521
37.7814846	231.7649078
37.8648874	273.1069336
37.9482902	303.9809875
38.0316931	312.8971863
38.1150959	328.0941162
38.1984987	342.8630066
38.2819016	327.6393433
38.3653044	323.0483704
38.4487073	308.2063293
38.5321101	249.3483429
38.6155129	210.1016693
38.6989158	194.9246521
38.7823186	231.7649078
38.8657214	273.1069336
38.9491243	303.9809875
39.0325271	312.8971863
39.1159299	328.0941162
39.1993328	342.8630066
39.2827356	327.6393433
39.3661384	323.0483704
39.4495413	308.2063293
39.5329441	249.3483429
39.6163470	210.1016693
39.6997498	194.9246521
39.7831526	231.7649078
39.8665555	273.1069336
39.9499583	303.9809875
40.0333611	312.8971863
40.1167640	328.0941162
40.2001668	342.8630066
40.2835696	327.6393433
40.3669725	323.0483704
40.4503753	308.2063293
40.5337781	249.3483429
40.6171810	210.1016693
40.7005838	194.9246521
40.7839867	231.7649078
40.8673895	273.1069336
40.9507923	303.9809875
41.0341952	312.8971863
41.1175980	328.0941162
41.2010008	342.8630066
41.2844037	327.6393433
41.3678065	323.0483704
41.4512093	308.2063293
41.5346122	249.3483429
41.6180150	210.1016693
41.7014178	194.9246521
41.7848207	231.7649078
41.8682235	273.1069336
41.9516264	303.9809875
42.0350292	312.8971863
42.1184320	328.0941162
42.2018349	342.8630066
42.2852377	327.6393433
42.3686405	323.0483704
42.4520434	308.2063293
42.5354462	249.3483429
42.6188490	210.1016693
42.7022519	194.9246521
42.7856547	231.7649078
42.8690575	273.1069336
42.9524604	303.9809875
43.0358632	312.8971863
43.1192661	328.0941162
43.2026689	342.8630066
43.2860717	327.6393433
43.3694746	323.0483704
43.4528774	308.2063293
43.5362802	249.3483429
43.6196831	210.1016693
43.7030859	194.9246521
43.7864887	231.7649078
43.8698916	273.1069336
43.9532944	303.9809875
44.0366972	312.8971863
44.1201001	328.0941162
44.2035029	342.8630066
44.2869058	327.6393433
44.3703086	323.0483704
44.4537114	308.2063293
44.5371143	249.3483429
44.6205171	210.1016693
44.7039199	194.9246521
44.7873228	231.7649078
44.8707256	273.1069336
44.9541284	303.9809875
45.0375313	312.8971863
45.1209341	328.0941162
45.2043369	342.8630066
45.2877398	327.6393433
45.3711426	323.0483704
45.4545455	308.2063293
45.5379483	249.3483429
45.6213511	210.1016693
45.7047540	194.9246521
45.7881568	231.7649078
45.8715596	273.1069336
45.9549625	303.9809875
46.0383653	312.8971863
46.1217681	328.0941162
46.2051710	342.8630066
46.2885738	327.6393433
46.3719766	323.0483704
46.4553795	308.2063293
46.5387823	249.3483429
46.6221852	210.1016693
46.7055880	194.9246521
46.7889908	231.7649078
46.8723937	273.1069336
46.9557965	303.9809875
47.0391993	312.8971863
47.1226022	328.0941162
47.2060050	342.8630066
47.2894078	327.6393433
47.3728107	323.0483704
47.4562135	308.2063293
47.5396163	249.3483429
47.6230192	210.1016693
47.7064220	194.9246521
47.7898249	231.7649078
47.8732277	273.1069336
47.9566305	303.9809875
48.0400334	312.8971863
48.1234362	328.0941162
48.2068390	342.8630066
48.2902419	327.6393433
48.3736447	323.0483704
48.4570475	308.2063293
48.5404504	249.3483429
48.6238532	210.1016693
48.7072560	194.9246521
48.7906589	231.7649078
48.8740617	273.1069336
48.9574646	303.9809875
49.0408674	312.8971863
49.1242702	328.0941162
49.2076731	342.8630066
49.2910759	327.6393433
49.3744787	323.0483704
49.4578816	308.2063293
49.5412844	249.3483429
49.6246872	210.1016693
49.7080901	194.9246521
49.7914929	231.7649078
49.8748957	273.1069336
49.9582986	303.9809875
50.0417014	312.8971863
50.1251043	328.0941162
50.2085071	342.8630066
50.2919099	327.6393433
50.3753128	323.0483704
50.4587156	308.2063293
50.5421184	249.3483429
50.6255213	210.1016693
50.7089241	194.9246521
50.7923269	231.7649078
50.8757298	273.1069336
50.9591326	303.9809875
51.0425354	312.8971863
51.1259383	328.0941162
51.2093411	342.8630066
51.2927440	327.6393433
51.3761468	323.0483704
51.4595496	308.2063293
51.5429525	249.3483429
51.6263553	210.1016693
51.7097581	194.9246521
51.7931610	231.7649078
51.8765638	273.1069336
51.9599666	303.9809875
52.0433695	312.8971863
52.1267723	328.0941162
52.2101751	342.8630066
52.2935780	327.6393433
52.3769808	323.0483704
52.4603837	308.2063293
52.5437865	249.3483429
52.6271893	210.1016693
52.7105922	194.9246521
52.7939950	231.7649078
52.8773978	273.1069336
52.9608007	303.9809875
53.0442035	312.8971863
53.1276063	328.0941162
53.2110092	342.8630066
53.2944120	327.6393433
53.3778148	323.0483704
53.4612177	308.2063293
53.5446205	249.3483429
53.6280234	210.1016693
53.7114262	194.9246521
53.7948290	231.7649078
53.8782319	273.1069336
53.9616347	303.9809875
54.0450375	312.8971863
54.1284404	328.0941162
54.2118432	342.8630066
54.2952460	327.6393433
54.3786489	323.0483704
54.4620517	308.2063293
54.5454545	249.3483429
54.6288574	210.1016693
54.7122602	194.9246521
54.7956631	231.7649078
54.8790659	273.1069336
54.9624687	303.9809875
55.0458716	312.8971863
55.1292744	328.0941162
55.2126772	342.8630066
55.2960801	327.6393433
55.3794829	323.0483704
55.4628857	308.2063293
55.5462886	249.3483429
55.6296914	210.1016693
55.7130942	194.9246521
55.7964971	231.7649078
55.8798999	273.1069336
55.9633028	303.9809875
56.0467056	312.8971863
56.1301084	328.0941162
56.2135113	342.8630066
56.2969141	327.6393433
56.3803169	323.0483704
56.4637198	308.2063293
56.5471226	249.3483429
56.6305254	210.1016693
56.7139283	194.9246521
56.7973311	231.7649078
56.8807339	273.1069336
56.9641368	303.9809875
57.0475396	312.8971863
57.1309425	328.0941162
57.2143453	342.8630066
57.2977481	327.6393433
57.3811510	323.0483704
57.4645538	308.2063293
57.5479566	249.3483429
57.6313595	210.1016693
57.7147623	194.9246521
57.7981651	231.7649078
57.8815680	273.1069336
57.9649708	303.9809875
58.0483736	312.8971863
58.1317765	328.0941162
58.2151793	342.8630066
58.2985822	327.6393433
58.3819850	323.0483704
58.4653878	308.2063293
58.5487907	249.3483429
58.6321935	210.1016693
58.7155963	194.9246521
58.7989992	231.7649078
58.8824020	273.1069336
58.9658048	303.9809875
59.0492077	312.8971863
59.1326105	328.0941162
59.2160133	342.8630066
59.2994162	327.6393433
59.3828190	323.0483704
59.4662219	308.2063293
59.5496247	249.3483429
59.6330275	210.1016693
59.7164304	194.9246521
59.7998332	231.7649078
59.8832360	273.1069336
59.9666389	303.9809875
60.0500417	312.8971863
60.1334445	328.0941162
60.2168474	342.8630066
60.3002502	327.6393433
60.3836530	323.0483704
60.4670559	308.2063293
60.5504587	249.3483429
60.6338616	210.1016693
60.7172644	194.9246521
60.8006672	231.7649078
60.8840701	273.1069336
60.9674729	303.9809875
61.0508757	312.8971863
61.1342786	328.0941162
61.2176814	342.8630066
61.3010842	327.6393433
61.3844871	323.0483704
61.4678899	308.2063293
61.5512927	249.3483429
61.6346956	210.1016693
61.7180984	194.9246521
61.8015013	231.7649078
61.8849041	273.1069336
61.9683069	303.9809875
62.0517098	312.8971863
62.1351126	328.0941162
62.2185154	342.8630066
62.3019183	327.6393433
62.3853211	323.0483704
62.4687239	308.2063293
62.5521268	249.3483429
62.6355296	210.1016693
62.7189324	194.9246521
62.8023353	231.7649078
62.8857381	273.1069336
62.9691410	303.9809875
63.0525438	312.8971863
63.1359466	328.0941162
63.2193495	342.8630066
63.3027523	327.6393433
63.3861551	323.0483704
63.4695580	308.2063293
63.5529608	249.3483429
63.6363636	210.1016693
63.7197665	194.9246521
63.8031693	231.7649078
63.8865721	273.1069336
63.9699750	303.9809875
64.0533778	312.8971863
64.1367807	328.0941162
64.2201835	342.8630066
64.3035863	327.6393433
64.3869892	323.0483704
64.4703920	308.2063293
64.5537948	249.3483429
64.6371977	210.1016693
64.7206005	194.9246521
64.8040033	231.7649078
64.8874062	273.1069336
64.9708090	303.9809875
65.0542118	312.8971863
65.1376147	328.0941162
65.2210175	342.8630066
65.3044204	327.6393433
65.3878232	323.0483704
65.4712260	308.2063293
65.5546289	249.3483429
65.6380317	210.1016693
65.7214345	194.9246521
65.8048374	231.7649078
65.8882402	273.1069336
65.9716430	303.9809875
66.0550459	312.8971863
66.1384487	328.0941162
66.2218515	342.8630066
66.3052544	327.6393433
66.3886572	323.0483704
66.4720601	308.2063293
66.5554629	249.3483429
66.6388657	210.1016693
66.7222686	194.9246521
66.8056714	231.7649078
66.8890742	273.1069336
66.9724771	303.9809875
67.0558799	312.8971863
67.1392827	328.0941162
67.2226856	342.8630066
67.3060884	327.6393433
67.3894912	323.0483704
67.4728941	308.2063293
67.5562969	249.3483429
67.6396997	210.1016693
67.7231026	194.9246521
67.8065054	231.7649078
67.8899083	273.1069336
67.9733111	303.9809875
68.0567139	312.8971863
68.1401168	328.0941162
68.2235196	342.8630066
68.3069224	327.6393433
68.3903253	323.0483704
68.4737281	308.2063293
68.5571309	249.3483429
68.6405338	210.1016693
68.7239366	194.9246521
68.8073394	231.7649078
68.8907423	273.1069336
68.9741451	303.9809875
69.0575480	312.8971863
69.1409508	328.0941162
69.2243536	342.8630066
69.3077565	327.6393433
69.3911593	323.0483704
69.4745621	308.2063293
69.5579650	249.3483429
69.6413678	210.1016693
69.7247706	194.9246521
69.8081735	231.7649078
69.8915763	273.1069336
69.9749791	303.9809875
70.0583820	312.8971863
70.1417848	328.0941162
70.2251877	342.8630066
70.3085905	327.6393433
70.3919933	323.0483704
70.4753962	308.2063293
70.5587990	249.3483429
70.6422018	210.1016693
70.7256047	194.9246521
70.8090075	231.7649078
70.8924103	273.1069336
70.9758132	303.9809875
71.0592160	312.8971863
71.1426188	328.0941162
71.2260217	342.8630066
71.3094245	327.6393433
71.3928274	323.0483704
71.4762302	308.2063293
71.5596330	249.3483429
71.6430359	210.1016693
71.7264387	194.9246521
71.8098415	231.7649078
71.8932444	273.1069336
71.9766472	303.9809875
72.0600500	312.8971863
72.1434529	328.0941162
72.2268557	342.8630066
72.3102585	327.6393433
72.3936614	323.0483704
72.4770642	308.2063293
72.5604671	249.3483429
72.6438699	210.1016693
72.7272727	194.9246521
72.8106756	231.7649078
72.8940784	273.1069336
72.9774812	303.9809875
73.0608841	312.8971863
73.1442869	328.0941162
73.2276897	342.8630066
73.3110926	327.6393433
73.3944954	323.0483704
73.4778982	308.2063293
73.5613011	249.3483429
73.6447039	210.1016693
73.7281068	194.9246521
73.8115096	231.7649078
73.8949124	273.1069336
73.9783153	303.9809875
74.0617181	312.8971863
74.1451209	328.0941162
74.2285238	342.8630066
74.3119266	327.6393433
74.3953294	323.0483704
74.4787323	308.2063293
74.5621351	249.3483429
74.6455379	210.1016693
74.7289408	194.9246521
74.8123436	231.7649078
74.8957465	273.1069336
74.9791493	303.9809875
75.0625521	312.8971863
75.1459550	328.0941162
75.2293578	342.8630066
75.3127606	327.6393433
75.3961635	323.0483704
75.4795663	308.2063293
75.5629691	249.3483429
75.6463720	210.1016693
75.7297748	194.9246521
75.8131776	231.7649078
75.8965805	273.1069336
75.9799833	303.9809875
76.0633862	312.8971863
76.1467890	328.0941162
76.2301918	342.8630066
76.3135947	327.6393433
76.3969975	323.0483704
76.4804003	308.2063293
76.5638032	249.3483429
76.6472060	210.1016693
76.7306088	194.9246521
76.8140117	231.7649078
76.8974145	273.1069336
76.9808173	303.9809875
77.0642202	312.8971863
77.1476230	328.0941162
77.2310259	342.8630066
77.3144287	327.6393433
77.3978315	323.0483704
77.4812344	308.2063293
77.5646372	249.3483429
77.6480400	210.1016693
77.7314429	194.9246521
77.8148457	231.7649078
77.8982485	273.1069336
77.9816514	303.9809875
78.0650542	312.8971863
78.1484570	328.0941162
78.2318599	342.8630066
78.3152627	327.6393433
78.3986656	323.0483704
78.4820684	308.2063293
78.5654712	249.3483429
78.6488741	210.1016693
78.7322769	194.9246521
78.8156797	231.7649078
78.8990826	273.1069336
78.9824854	303.9809875
79.0658882	312.8971863
79.1492911	328.0941162
79.2326939	342.8630066
79.3160967	327.6393433
79.3994996	323.0483704
79.4829024	308.2063293
79.5663053	249.3483429
79.6497081	210.1016693
79.7331109	194.9246521
79.8165138	231.7649078
79.8999166	273.1069336
79.9833194	303.9809875
80.0667223	312.8971863
80.1501251	328.0941162
80.2335279	342.8630066
80.3169308	327.6393433
80.4003336	323.0483704
80.4837364	308.2063293
80.5671393	249.3483429
80.6505421	210.1016693
80.7339450	194.9246521
80.8173478	231.7649078
80.9007506	273.1069336
80.9841535	303.9809875
81.0675563	312.8971863
81.1509591	328.0941162
81.2343620	342.8630066
81.3177648	327.6393433
81.4011676	323.0483704
81.4845705	308.2063293
81.5679733	249.3483429
81.6513761	210.1016693
81.7347790	194.9246521
81.8181818	231.7649078
81.9015847	273.1069336
81.9849875	303.9809875
82.0683903	312.8971863
82.1517932	328.0941162
82.2351960	342.8630066
82.3185988	327.6393433
82.4020017	323.0483704
82.4854045	308.2063293
82.5688073	249.3483429
82.6522102	210.1016693
82.7356130	194.9246521
82.8190158	231.7649078
82.9024187	273.1069336
82.9858215	303.9809875
83.0692244	312.8971863
83.1526272	328.0941162
83.2360300	342.8630066
83.3194329	327.6393433
83.4028357	323.0483704
83.4862385	308.2063293
83.5696414	249.3483429
83.6530442	210.1016693
83.7364470	194.9246521
83.8198499	231.7649078
83.9032527	273.1069336
83.9866555	303.9809875
84.0700584	312.8971863
84.1534612	328.0941162
84.2368641	342.8630066
84.3202669	327.6393433
84.4036697	323.0483704
84.4870726	308.2063293
84.5704754	249.3483429
84.6538782	210.1016693
84.7372811	194.9246521
84.8206839	231.7649078
84.9040867	273.1069336
84.9874896	303.9809875
85.0708924	312.8971863
85.1542952	328.0941162
85.2376981	342.8630066
85.3211009	327.6393433
85.4045038	323.0483704
85.4879066	308.2063293
85.5713094	249.3483429
85.6547123	210.1016693
85.7381151	194.9246521
85.8215179	231.7649078
85.9049208	273.1069336
85.9883236	303.9809875
86.0717264	312.8971863
86.1551293	328.0941162
86.2385321	342.8630066
86.3219349	327.6393433
86.4053378	323.0483704
86.4887406	308.2063293
86.5721435	249.3483429
86.6555463	210.1016693
86.7389491	194.9246521
86.8223520	231.7649078
86.9057548	273.1069336
86.9891576	303.9809875
87.0725605	312.8971863
87.1559633	328.0941162
87.2393661	342.8630066
87.3227690	327.6393433
87.4061718	323.0483704
87.4895746	308.2063293
87.5729775	249.3483429
87.6563803	210.1016693
87.7397832	194.9246521
87.8231860	231.7649078
87.9065888	273.1069336
87.9899917	303.9809875
88.0733945	312.8971863
88.1567973	328.0941162
88.2402002	342.8630066
88.3236030	327.6393433
88.4070058	323.0483704
88.4904087	308.2063293
88.5738115	249.3483429
88.6572143	210.1016693
88.7406172	194.9246521
88.8240200	231.7649078
88.9074229	273.1069336
88.9908257	303.9809875
89.0742285	312.8971863
89.1576314	328.0941162
89.2410342	342.8630066
89.3244370	327.6393433
89.4078399	323.0483704
89.4912427	308.2063293
89.5746455	249.3483429
89.6580484	210.1016693
89.7414512	194.9246521
89.8248540	231.7649078
89.9082569	273.1069336
89.9916597	303.9809875
90.0750626	312.8971863
90.1584654	328.0941162
90.2418682	342.8630066
90.3252711	327.6393433
90.4086739	323.0483704
90.4920767	308.2063293
90.5754796	249.3483429
90.6588824	210.1016693
90.7422852	194.9246521
90.8256881	231.7649078
90.9090909	273.1069336
90.9924937	303.9809875
91.0758966	312.8971863
91.1592994	328.0941162
91.2427023	342.8630066
91.3261051	327.6393433
91.4095079	323.0483704
91.4929108	308.2063293
91.5763136	249.3483429
91.6597164	210.1016693
91.7431193	194.9246521
91.8265221	231.7649078
91.9099249	273.1069336
91.9933278	303.9809875
92.0767306	312.8971863
92.1601334	328.0941162
92.2435363	342.8630066
92.3269391	327.6393433
92.4103420	323.0483704
92.4937448	308.2063293
92.5771476	249.3483429
92.6605505	210.1016693
92.7439533	194.9246521
92.8273561	231.7649078
92.9107590	273.1069336
92.9941618	303.9809875
93.0775646	312.8971863
93.1609675	328.0941162
93.2443703	342.8630066
93.3277731	327.6393433
93.4111760	323.0483704
93.4945788	308.2063293
93.5779817	249.3483429
93.6613845	210.1016693
93.7447873	194.9246521
93.8281902	231.7649078
93.9115930	273.1069336
93.9949958	303.9809875
94.0783987	312.8971863
94.1618015	328.0941162
94.2452043	342.8630066
94.3286072	327.6393433
94.4120100	323.0483704
94.4954128	308.2063293
94.5788157	249.3483429
94.6622185	210.1016693
94.7456214	194.9246521
94.8290242	231.7649078
94.9124270	273.1069336
94.9958299	303.9809875
95.0792327	312.8971863
95.1626355	328.0941162
95.2460384	342.8630066
95.3294412	327.6393433
95.4128440	323.0483704
95.4962469	308.2063293
95.5796497	249.3483429
95.6630525	210.1016693
95.7464554	194.9246521
95.8298582	231.7649078
95.9132611	273.1069336
95.9966639	303.9809875
96.0800667	312.8971863
96.1634696	328.0941162
96.2468724	342.8630066
96.3302752	327.6393433
96.4136781	323.0483704
96.4970809	308.2063293
96.5804837	249.3483429
96.6638866	210.1016693
96.7472894	194.9246521
96.8306922	231.7649078
96.9140951	273.1069336
96.9974979	303.9809875
97.0809008	312.8971863
97.1643036	328.0941162
97.2477064	342.8630066
97.3311093	327.6393433
97.4145121	323.0483704
97.4979149	308.2063293
97.5813178	249.3483429
97.6647206	210.1016693
97.7481234	194.9246521
97.8315263	231.7649078
97.9149291	273.1069336
97.9983319	303.9809875
98.0817348	312.8971863
98.1651376	328.0941162
98.2485405	342.8630066
98.3319433	327.6393433
98.4153461	323.0483704
98.4987490	308.2063293
98.5821518	249.3483429
98.6655546	210.1016693
98.7489575	194.9246521
98.8323603	231.7649078
98.9157631	273.1069336
98.9991660	303.9809875
99.0825688	312.8971863
99.1659716	328.0941162
99.2493745	342.8630066
99.3327773	327.6393433
99.4161802	323.0483704
99.4995830	308.2063293
99.5829858	249.3483429
99.6663887	210.1016693
99.7497915	194.9246521
99.8331943	231.7649078
99.9165972	273.1069336
100.0000000	303.9809875
