# time(yr)	runoff(mm/month)
0.0000000	0.0000103
0.0833610	0.0000102
0.1667220	0.0000133
0.2500830	0.0000114
0.3334440	0.0000141
0.4168050	0.0000136
0.5001661	0.0000145
0.5835271	0.0000115
0.6668881	0.0000107
0.7502491	0.0000095
0.8336101	0.0000106
0.9169711	0.0000101
1.0003321	0.0000096
1.0836931	0.0000116
1.1670541	0.0000086
1.2504151	0.0000107
1.3337762	0.0000108
1.4171372	0.0000098
1.5004982	0.0000071
1.5838592	0.0000132
1.6672202	0.0000089
1.7505812	0.0000093
1.8339422	0.0000081
1.9173032	0.0000082
2.0006642	0.0000096
2.0840252	0.0000109
2.1673863	0.0000130
2.2507473	0.0000089
2.3341083	0.0000125
2.4174693	0.0000098
2.5008303	0.0000106
2.5841913	0.0000075
2.6675523	0.0000094
2.7509133	0.0000076
2.8342743	0.0000092
2.9176353	0.0000084
3.0009963	0.0000091
3.0843574	0.0000058
3.1677184	0.0000074
3.2510794	0.0000081
3.3344404	0.0000073
3.4178014	0.0000056
3.5011624	0.0000066
3.5845234	0.0000061
3.6678844	0.0000058
3.7512454	0.0000067
3.8346064	0.0000073
3.9179675	0.0000065
4.0013285	0.0000058
4.0846895	0.0000056
4.1680505	0.0000079
4.2514115	0.0000063
4.3347725	0.0000083
4.4181335	0.0000080
4.5014945	0.0000069
4.5848555	0.0000062
4.6682165	0.0000060
4.7515775	0.0000055
4.8349386	0.0000068
4.9182996	0.0000064
5.0016606	0.0000062
5.0850216	0.0000069
5.1683826	0.0000072
5.2517436	0.0000069
5.3351046	0.0000090
5.4184656	0.0000085
5.5018266	0.0000089
5.5851876	0.0000067
5.6685487	0.0000082
5.7519097	0.0000079
5.8352707	0.0000080
5.9186317	0.0000087
6.0019927	0.0000083
6.0853537	0.0000133
6.1687147	0.0000392
6.2520757	0.0000097
6.3354367	0.0000087
6.4187977	0.0000125
6.5021588	0.0000077
6.5855198	0.0000075
6.6688808	0.0000072
6.7522418	0.0000112
6.8356028	0.0000075
6.9189638	0.0000090
7.0023248	0.0000109
7.0856858	0.0000084
7.1690468	0.0000061
7.2524078	0.0000096
7.3357688	0.0000106
7.4191299	0.0000086
7.5024909	0.0000069
7.5858519	0.0000076
7.6692129	0.0000069
7.7525739	0.0000090
7.8359349	0.0000105
7.9192959	0.0000066
8.0026569	0.0000062
8.0860179	0.0000060
8.1693789	0.0000104
8.2527400	0.0000079
8.3361010	0.0000099
8.4194620	0.0000080
8.5028230	0.0000089
8.5861840	0.0000094
8.6695450	0.0000076
8.7529060	0.0000113
8.8362670	0.0000088
8.9196280	0.0000084
9.0029890	0.0000111
9.0863500	0.0000135
9.1697111	0.0000088
9.2530721	0.0000084
9.3364331	0.0000069
9.4197941	0.0000088
9.5031551	0.0000086
9.5865161	0.0000060
9.6698771	0.0000049
9.7532381	0.0000058
9.8365991	0.0000086
9.9199601	0.0000054
10.0033212	0.0000047
10.0866822	0.0000074
10.1700432	0.0000178
10.2534042	0.0000051
10.3367652	0.0000050
10.4201262	0.0000053
10.5034872	0.0000036
10.5868482	0.0000037
10.6702092	0.0000056
10.7535702	0.0000054
10.8369313	0.0000049
10.9202923	0.0000050
11.0036533	0.0000069
11.0870143	0.0000156
11.1703753	0.0000051
11.2537363	0.0000057
11.3370973	0.0000056
11.4204583	0.0000060
11.5038193	0.0000054
11.5871803	0.0000048
11.6705413	0.0000066
11.7539024	0.0000051
11.8372634	0.0000075
11.9206244	0.0000063
12.0039854	0.0000062
12.0873464	0.0000076
12.1707074	0.0000065
12.2540684	0.0000078
12.3374294	0.0000069
12.4207904	0.0000079
12.5041514	0.0000081
12.5875125	0.0000072
12.6708735	0.0000059
12.7542345	0.0000095
12.8375955	0.0000093
12.9209565	0.0000059
13.0043175	0.0000068
13.0876785	0.0000078
13.1710395	0.0000192
13.2544005	0.0000110
13.3377615	0.0000085
13.4211226	0.0000103
13.5044836	0.0000092
13.5878446	0.0000076
13.6712056	0.0000081
13.7545666	0.0000073
13.8379276	0.0000071
13.9212886	0.0000063
14.0046496	0.0000076
14.0880106	0.0000070
14.1713716	0.0000156
14.2547326	0.0000051
14.3380937	0.0000051
14.4214547	0.0000045
14.5048157	0.0000035
14.5881767	0.0000035
14.6715377	0.0000063
14.7548987	0.0000063
14.8382597	0.0000051
14.9216207	0.0000059
15.0049817	0.0000055
15.0883427	0.0000085
15.1717038	0.0000074
15.2550648	0.0000045
15.3384258	0.0000044
15.4217868	0.0000040
15.5051478	0.0000035
15.5885088	0.0000058
15.6718698	0.0000041
15.7552308	0.0000046
15.8385918	0.0000057
15.9219528	0.0000046
16.0053138	0.0000038
16.0886749	0.0000041
16.1720359	0.0000088
16.2553969	0.0000063
16.3387579	0.0000049
16.4221189	0.0000035
16.5054799	0.0000050
16.5888409	0.0000038
16.6722019	0.0000039
16.7555629	0.0000040
16.8389239	0.0000048
16.9222850	0.0000043
17.0056460	0.0000053
17.0890070	0.0000053
17.1723680	0.0000098
17.2557290	0.0000064
17.3390900	0.0000043
17.4224510	0.0000054
17.5058120	0.0000054
17.5891730	0.0000053
17.6725340	0.0000040
17.7558951	0.0000039
17.8392561	0.0000075
17.9226171	0.0000078
18.0059781	0.0000057
18.0893391	0.0000068
18.1727001	0.0000065
18.2560611	0.0000090
18.3394221	0.0000077
18.4227831	0.0000079
18.5061441	0.0000085
18.5895051	0.0000093
18.6728662	0.0000101
18.7562272	0.0000075
18.8395882	0.0000064
18.9229492	0.0000064
19.0063102	0.0000125
19.0896712	0.0000110
19.1730322	0.0000096
19.2563932	0.0000108
19.3397542	0.0000112
19.4231152	0.0000145
19.5064763	0.0000101
19.5898373	0.0000095
19.6731983	0.0000086
19.7565593	0.0000090
19.8399203	0.0000147
19.9232813	0.0000098
20.0066423	0.0000115
20.0900033	0.0000140
20.1733643	0.0000108
20.2567253	0.0000126
20.3400864	0.0000102
20.4234474	0.0000104
20.5068084	0.0000096
20.5901694	0.0000068
20.6735304	0.0000067
20.7568914	0.0000082
20.8402524	0.0000084
20.9236134	0.0000068
21.0069744	0.0000077
21.0903354	0.0000049
21.1736964	0.0000139
21.2570575	0.0000059
21.3404185	0.0000057
21.4237795	0.0000087
21.5071405	0.0000082
21.5905015	0.0000051
21.6738625	0.0000103
21.7572235	0.0000063
21.8405845	0.0000081
21.9239455	0.0000070
22.0073065	0.0000082
22.0906676	0.0000146
22.1740286	0.0000089
22.2573896	0.0000100
22.3407506	0.0000102
22.4241116	0.0000080
22.5074726	0.0000076
22.5908336	0.0000083
22.6741946	0.0000066
22.7575556	0.0000072
22.8409166	0.0000077
22.9242776	0.0000059
23.0076387	0.0000054
23.0909997	0.0000064
23.1743607	0.0000136
23.2577217	0.0000067
23.3410827	0.0000058
23.4244437	0.0000039
23.5078047	0.0000049
23.5911657	0.0000052
23.6745267	0.0000057
23.7578877	0.0000095
23.8412488	0.0000055
23.9246098	0.0000063
24.0079708	0.0000059
24.0913318	0.0000056
24.1746928	0.0000161
24.2580538	0.0000078
24.3414148	0.0000056
24.4247758	0.0000054
24.5081368	0.0000063
24.5914978	0.0000057
24.6748589	0.0000052
24.7582199	0.0000047
24.8415809	0.0000046
24.9249419	0.0000051
25.0083029	0.0000048
25.0916639	0.0000044
25.1750249	0.0000135
25.2583859	0.0000199
25.3417469	0.0000057
25.4251079	0.0000084
25.5084689	0.0000086
25.5918300	0.0000073
25.6751910	0.0000072
25.7585520	0.0000093
25.8419130	0.0000067
25.9252740	0.0000065
26.0086350	0.0000083
26.0919960	0.0000079
26.1753570	0.0000172
26.2587180	0.0000075
26.3420790	0.0000089
26.4254401	0.0000136
26.5088011	0.0000084
26.5921621	0.0000084
26.6755231	0.0000126
26.7588841	0.0000121
26.8422451	0.0000078
26.9256061	0.0000135
27.0089671	0.0000093
27.0923281	0.0000097
27.1756891	0.0000157
27.2590501	0.0000204
27.3424112	0.0000122
27.4257722	0.0000148
27.5091332	0.0000142
27.5924942	0.0000100
27.6758552	0.0000092
27.7592162	0.0000138
27.8425772	0.0000097
27.9259382	0.0000087
28.0092992	0.0000092
28.0926602	0.0000103
28.1760213	0.0000270
28.2593823	0.0000123
28.3427433	0.0000091
28.4261043	0.0000089
28.5094653	0.0000075
28.5928263	0.0000086
28.6761873	0.0000085
28.7595483	0.0000074
28.8429093	0.0000104
28.9262703	0.0000066
29.0096314	0.0000082
29.0929924	0.0000097
29.1763534	0.0000102
29.2597144	0.0000145
29.3430754	0.0000109
29.4264364	0.0000129
29.5097974	0.0000115
29.5931584	0.0000101
29.6765194	0.0000118
29.7598804	0.0000088
29.8432414	0.0000119
29.9266025	0.0000085
30.0099635	0.0000076
30.0933245	0.0000107
30.1766855	0.0000169
30.2600465	0.0000099
30.3434075	0.0000087
30.4267685	0.0000092
30.5101295	0.0000089
30.5934905	0.0000077
30.6768515	0.0000070
30.7602126	0.0000075
30.8435736	0.0000079
30.9269346	0.0000069
31.0102956	0.0000065
31.0936566	0.0000093
31.1770176	0.0000061
31.2603786	0.0000088
31.3437396	0.0000083
31.4271006	0.0000102
31.5104616	0.0000074
31.5938227	0.0000065
31.6771837	0.0000089
31.7605447	0.0000163
31.8439057	0.0000083
31.9272667	0.0000109
32.0106277	0.0000139
32.0939887	0.0000195
32.1773497	0.0000142
32.2607107	0.0000127
32.3440717	0.0000146
32.4274327	0.0000149
32.5107938	0.0000115
32.5941548	0.0000102
32.6775158	0.0000095
32.7608768	0.0000083
32.8442378	0.0000101
32.9275988	0.0000111
33.0109598	0.0000119
33.0943208	0.0000110
33.1776818	0.0000151
33.2610428	0.0000088
33.3444039	0.0000085
33.4277649	0.0000094
33.5111259	0.0000068
33.5944869	0.0000072
33.6778479	0.0000086
33.7612089	0.0000080
33.8445699	0.0000068
33.9279309	0.0000066
34.0112919	0.0000063
34.0946529	0.0000053
34.1780139	0.0000165
34.2613750	0.0000165
34.3447360	0.0000060
34.4280970	0.0000069
34.5114580	0.0000050
34.5948190	0.0000069
34.6781800	0.0000057
34.7615410	0.0000056
34.8449020	0.0000061
34.9282630	0.0000116
35.0116240	0.0000046
35.0949851	0.0000048
35.1783461	0.0000147
35.2617071	0.0000221
35.3450681	0.0000067
35.4284291	0.0000081
35.5117901	0.0000065
35.5951511	0.0000070
35.6785121	0.0000064
35.7618731	0.0000073
35.8452341	0.0000066
35.9285952	0.0000078
36.0119562	0.0000053
36.0953172	0.0000165
36.1786782	0.0000175
36.2620392	0.0000060
36.3454002	0.0000058
36.4287612	0.0000051
36.5121222	0.0000051
36.5954832	0.0000044
36.6788442	0.0000050
36.7622052	0.0000076
36.8455663	0.0000048
36.9289273	0.0000050
37.0122883	0.0000045
37.0956493	0.0000059
37.1790103	0.0000189
37.2623713	0.0000041
37.3457323	0.0000074
37.4290933	0.0000053
37.5124543	0.0000051
37.5958153	0.0000053
37.6791764	0.0000079
37.7625374	0.0000094
37.8458984	0.0000066
37.9292594	0.0000060
38.0126204	0.0000060
38.0959814	0.0000093
38.1793424	0.0000123
38.2627034	0.0000078
38.3460644	0.0000086
38.4294254	0.0000080
38.5127864	0.0000075
38.5961475	0.0000069
38.6795085	0.0000072
38.7628695	0.0000100
38.8462305	0.0000080
38.9295915	0.0000077
39.0129525	0.0000064
39.0963135	0.0000088
39.1796745	0.0000084
39.2630355	0.0000082
39.3463965	0.0000084
39.4297576	0.0000079
39.5131186	0.0000072
39.5964796	0.0000082
39.6798406	0.0000072
39.7632016	0.0000075
39.8465626	0.0000073
39.9299236	0.0000071
40.0132846	0.0000055
40.0966456	0.0000059
40.1800066	0.0000142
40.2633677	0.0000073
40.3467287	0.0000076
40.4300897	0.0000100
40.5134507	0.0000069
40.5968117	0.0000069
40.6801727	0.0000072
40.7635337	0.0000069
40.8468947	0.0000069
40.9302557	0.0000055
41.0136167	0.0000057
41.0969777	0.0000098
41.1803388	0.0000081
41.2636998	0.0000055
41.3470608	0.0000069
41.4304218	0.0000067
41.5137828	0.0000034
41.5971438	0.0000036
41.6805048	0.0000040
41.7638658	0.0000052
41.8472268	0.0000064
41.9305878	0.0000081
42.0139489	0.0000060
42.0973099	0.0000050
42.1806709	0.0000281
42.2640319	0.0000075
42.3473929	0.0000057
42.4307539	0.0000092
42.5141149	0.0000068
42.5974759	0.0000057
42.6808369	0.0000065
42.7641979	0.0000074
42.8475590	0.0000060
42.9309200	0.0000070
43.0142810	0.0000062
43.0976420	0.0000121
43.1810030	0.0000063
43.2643640	0.0000070
43.3477250	0.0000044
43.4310860	0.0000100
43.5144470	0.0000050
43.5978080	0.0000060
43.6811690	0.0000059
43.7645301	0.0000069
43.8478911	0.0000061
43.9312521	0.0000080
44.0146131	0.0000060
44.0979741	0.0000116
44.1813351	0.0000252
44.2646961	0.0000095
44.3480571	0.0000095
44.4314181	0.0000094
44.5147791	0.0000077
44.5981402	0.0000088
44.6815012	0.0000073
44.7648622	0.0000100
44.8482232	0.0000104
44.9315842	0.0000078
45.0149452	0.0000076
45.0983062	0.0000148
45.1816672	0.0000073
45.2650282	0.0000068
45.3483892	0.0000097
45.4317502	0.0000115
45.5151113	0.0000074
45.5984723	0.0000060
45.6818333	0.0000066
45.7651943	0.0000071
45.8485553	0.0000093
45.9319163	0.0000057
46.0152773	0.0000054
46.0986383	0.0000058
46.1819993	0.0000142
46.2653603	0.0000061
46.3487214	0.0000056
46.4320824	0.0000083
46.5154434	0.0000051
46.5988044	0.0000063
46.6821654	0.0000068
46.7655264	0.0000123
46.8488874	0.0000092
46.9322484	0.0000078
47.0156094	0.0000087
47.0989704	0.0000090
47.1823315	0.0000155
47.2656925	0.0000116
47.3490535	0.0000117
47.4324145	0.0000096
47.5157755	0.0000121
47.5991365	0.0000101
47.6824975	0.0000093
47.7658585	0.0000093
47.8492195	0.0000110
47.9325805	0.0000095
48.0159415	0.0000095
48.0993026	0.0000222
48.1826636	0.0000102
48.2660246	0.0000132
48.3493856	0.0000129
48.4327466	0.0000116
48.5161076	0.0000101
48.5994686	0.0000115
48.6828296	0.0000094
48.7661906	0.0000110
48.8495516	0.0000148
48.9329127	0.0000090
49.0162737	0.0000093
49.0996347	0.0000130
49.1829957	0.0000109
49.2663567	0.0000132
49.3497177	0.0000110
49.4330787	0.0000118
49.5164397	0.0000094
49.5998007	0.0000086
49.6831617	0.0000094
49.7665227	0.0000084
49.8498838	0.0000075
49.9332448	0.0000079
50.0166058	0.0000101
50.0999668	0.0000071
50.1833278	0.0000133
50.2666888	0.0000063
50.3500498	0.0000051
50.4334108	0.0000063
50.5167718	0.0000047
50.6001328	0.0000032
50.6834939	0.0000072
50.7668549	0.0000058
50.8502159	0.0000061
50.9335769	0.0000081
51.0169379	0.0000070
51.1002989	0.0000104
51.1836599	0.0000289
51.2670209	0.0000500
51.3503819	0.0000155
51.4337429	0.0000142
51.5171040	0.0000119
51.6004650	0.0000125
51.6838260	0.0000123
51.7671870	0.0000111
51.8505480	0.0000107
51.9339090	0.0000124
52.0172700	0.0000095
52.1006310	0.0000121
52.1839920	0.0000175
52.2673530	0.0000130
52.3507140	0.0000086
52.4340751	0.0000107
52.5174361	0.0000094
52.6007971	0.0000084
52.6841581	0.0000073
52.7675191	0.0000086
52.8508801	0.0000074
52.9342411	0.0000079
53.0176021	0.0000096
53.1009631	0.0000067
53.1843241	0.0000073
53.2676852	0.0000087
53.3510462	0.0000082
53.4344072	0.0000089
53.5177682	0.0000066
53.6011292	0.0000093
53.6844902	0.0000062
53.7678512	0.0000073
53.8512122	0.0000071
53.9345732	0.0000067
54.0179342	0.0000061
54.1012953	0.0000153
54.1846563	0.0000347
54.2680173	0.0000163
54.3513783	0.0000081
54.4347393	0.0000092
54.5181003	0.0000077
54.6014613	0.0000065
54.6848223	0.0000082
54.7681833	0.0000086
54.8515443	0.0000102
54.9349053	0.0000067
55.0182664	0.0000061
55.1016274	0.0000059
55.1849884	0.0000149
55.2683494	0.0000125
55.3517104	0.0000077
55.4350714	0.0000107
55.5184324	0.0000090
55.6017934	0.0000070
55.6851544	0.0000070
55.7685154	0.0000091
55.8518765	0.0000089
55.9352375	0.0000077
56.0185985	0.0000069
56.1019595	0.0000083
56.1853205	0.0000107
56.2686815	0.0000062
56.3520425	0.0000083
56.4354035	0.0000101
56.5187645	0.0000060
56.6021255	0.0000063
56.6854865	0.0000069
56.7688476	0.0000072
56.8522086	0.0000070
56.9355696	0.0000052
57.0189306	0.0000087
57.1022916	0.0000105
57.1856526	0.0000059
57.2690136	0.0000057
57.3523746	0.0000063
57.4357356	0.0000067
57.5190966	0.0000065
57.6024577	0.0000054
57.6858187	0.0000053
57.7691797	0.0000055
57.8525407	0.0000060
57.9359017	0.0000053
58.0192627	0.0000060
58.1026237	0.0000056
58.1859847	0.0000044
58.2693457	0.0000073
58.3527067	0.0000069
58.4360678	0.0000044
58.5194288	0.0000072
58.6027898	0.0000055
58.6861508	0.0000058
58.7695118	0.0000059
58.8528728	0.0000072
58.9362338	0.0000052
59.0195948	0.0000086
59.1029558	0.0000069
59.1863168	0.0000091
59.2696778	0.0000049
59.3530389	0.0000075
59.4363999	0.0000048
59.5197609	0.0000051
59.6031219	0.0000038
59.6864829	0.0000043
59.7698439	0.0000038
59.8532049	0.0000072
59.9365659	0.0000059
60.0199269	0.0000036
60.1032879	0.0000050
60.1866490	0.0000179
60.2700100	0.0000081
60.3533710	0.0000116
60.4367320	0.0000135
60.5200930	0.0000109
60.6034540	0.0000101
60.6868150	0.0000113
60.7701760	0.0000098
60.8535370	0.0000109
60.9368980	0.0000111
61.0202591	0.0000076
61.1036201	0.0000125
61.1869811	0.0000213
61.2703421	0.0000091
61.3537031	0.0000080
61.4370641	0.0000120
61.5204251	0.0000072
61.6037861	0.0000070
61.6871471	0.0000088
61.7705081	0.0000083
61.8538691	0.0000086
61.9372302	0.0000077
62.0205912	0.0000087
62.1039522	0.0000071
62.1873132	0.0000097
62.2706742	0.0000108
62.3540352	0.0000090
62.4373962	0.0000083
62.5207572	0.0000092
62.6041182	0.0000077
62.6874792	0.0000075
62.7708403	0.0000111
62.8542013	0.0000103
62.9375623	0.0000074
63.0209233	0.0000074
63.1042843	0.0000330
63.1876453	0.0000446
63.2710063	0.0000093
63.3543673	0.0000097
63.4377283	0.0000119
63.5210893	0.0000093
63.6044503	0.0000078
63.6878114	0.0000073
63.7711724	0.0000080
63.8545334	0.0000077
63.9378944	0.0000080
64.0212554	0.0000071
64.1046164	0.0000126
64.1879774	0.0000086
64.2713384	0.0000073
64.3546994	0.0000070
64.4380604	0.0000083
64.5214215	0.0000052
64.6047825	0.0000059
64.6881435	0.0000076
64.7715045	0.0000057
64.8548655	0.0000092
64.9382265	0.0000065
65.0215875	0.0000067
65.1049485	0.0000167
65.1883095	0.0000083
65.2716705	0.0000095
65.3550316	0.0000092
65.4383926	0.0000135
65.5217536	0.0000081
65.6051146	0.0000075
65.6884756	0.0000089
65.7718366	0.0000081
65.8551976	0.0000100
65.9385586	0.0000090
66.0219196	0.0000078
66.1052806	0.0000082
66.1886416	0.0000151
66.2720027	0.0000124
66.3553637	0.0000063
66.4387247	0.0000073
66.5220857	0.0000076
66.6054467	0.0000080
66.6888077	0.0000055
66.7721687	0.0000086
66.8555297	0.0000061
66.9388907	0.0000059
67.0222517	0.0000084
67.1056128	0.0000114
67.1889738	0.0000158
67.2723348	0.0000064
67.3556958	0.0000052
67.4390568	0.0000071
67.5224178	0.0000060
67.6057788	0.0000043
67.6891398	0.0000041
67.7725008	0.0000088
67.8558618	0.0000055
67.9392228	0.0000056
68.0225839	0.0000050
68.1059449	0.0000087
68.1893059	0.0000181
68.2726669	0.0000058
68.3560279	0.0000087
68.4393889	0.0000115
68.5227499	0.0000083
68.6061109	0.0000079
68.6894719	0.0000081
68.7728329	0.0000082
68.8561940	0.0000089
68.9395550	0.0000086
69.0229160	0.0000082
69.1062770	0.0000086
69.1896380	0.0000084
69.2729990	0.0000107
69.3563600	0.0000099
69.4397210	0.0000102
69.5230820	0.0000085
69.6064430	0.0000069
69.6898041	0.0000080
69.7731651	0.0000067
69.8565261	0.0000125
69.9398871	0.0000076
70.0232481	0.0000084
70.1066091	0.0000118
70.1899701	0.0000082
70.2733311	0.0000105
70.3566921	0.0000096
70.4400531	0.0000088
70.5234141	0.0000110
70.6067752	0.0000080
70.6901362	0.0000081
70.7734972	0.0000062
70.8568582	0.0000071
70.9402192	0.0000077
71.0235802	0.0000071
71.1069412	0.0000133
71.1903022	0.0000122
71.2736632	0.0000089
71.3570242	0.0000088
71.4403853	0.0000093
71.5237463	0.0000096
71.6071073	0.0000085
71.6904683	0.0000070
71.7738293	0.0000091
71.8571903	0.0000096
71.9405513	0.0000071
72.0239123	0.0000095
72.1072733	0.0000144
72.1906343	0.0000115
72.2739954	0.0000111
72.3573564	0.0000191
72.4407174	0.0000154
72.5240784	0.0000154
72.6074394	0.0000117
72.6908004	0.0000126
72.7741614	0.0000110
72.8575224	0.0000125
72.9408834	0.0000096
73.0242444	0.0000096
73.1076054	0.0000129
73.1909665	0.0000132
73.2743275	0.0000111
73.3576885	0.0000107
73.4410495	0.0000150
73.5244105	0.0000102
73.6077715	0.0000098
73.6911325	0.0000100
73.7744935	0.0000109
73.8578545	0.0000121
73.9412155	0.0000086
74.0245766	0.0000081
74.1079376	0.0000094
74.1912986	0.0000106
74.2746596	0.0000105
74.3580206	0.0000085
74.4413816	0.0000082
74.5247426	0.0000071
74.6081036	0.0000089
74.6914646	0.0000071
74.7748256	0.0000075
74.8581866	0.0000084
74.9415477	0.0000093
75.0249087	0.0000082
75.1082697	0.0000119
75.1916307	0.0000081
75.2749917	0.0000090
75.3583527	0.0000103
75.4417137	0.0000105
75.5250747	0.0000087
75.6084357	0.0000067
75.6917967	0.0000081
75.7751578	0.0000100
75.8585188	0.0000072
75.9418798	0.0000078
76.0252408	0.0000080
76.1086018	0.0000077
76.1919628	0.0000065
76.2753238	0.0000083
76.3586848	0.0000092
76.4420458	0.0000080
76.5254068	0.0000082
76.6087679	0.0000069
76.6921289	0.0000088
76.7754899	0.0000086
76.8588509	0.0000086
76.9422119	0.0000059
77.0255729	0.0000064
77.1089339	0.0000081
77.1922949	0.0000089
77.2756559	0.0000063
77.3590169	0.0000066
77.4423779	0.0000074
77.5257390	0.0000052
77.6091000	0.0000045
77.6924610	0.0000051
77.7758220	0.0000055
77.8591830	0.0000074
77.9425440	0.0000064
78.0259050	0.0000061
78.1092660	0.0000073
78.1926270	0.0000054
78.2759880	0.0000059
78.3593491	0.0000085
78.4427101	0.0000135
78.5260711	0.0000066
78.6094321	0.0000101
78.6927931	0.0000069
78.7761541	0.0000093
78.8595151	0.0000074
78.9428761	0.0000088
79.0262371	0.0000077
79.1095981	0.0000076
79.1929591	0.0000130
79.2763202	0.0000078
79.3596812	0.0000091
79.4430422	0.0000077
79.5264032	0.0000064
79.6097642	0.0000078
79.6931252	0.0000069
79.7764862	0.0000079
79.8598472	0.0000063
79.9432082	0.0000092
80.0265692	0.0000149
80.1099303	0.0000050
80.1932913	0.0000130
80.2766523	0.0000126
80.3600133	0.0000106
80.4433743	0.0000088
80.5267353	0.0000084
80.6100963	0.0000086
80.6934573	0.0000089
80.7768183	0.0000066
80.8601793	0.0000078
80.9435404	0.0000072
81.0269014	0.0000092
81.1102624	0.0000086
81.1936234	0.0000062
81.2769844	0.0000099
81.3603454	0.0000107
81.4437064	0.0000094
81.5270674	0.0000078
81.6104284	0.0000065
81.6937894	0.0000064
81.7771504	0.0000085
81.8605115	0.0000067
81.9438725	0.0000072
82.0272335	0.0000061
82.1105945	0.0000057
82.1939555	0.0000160
82.2773165	0.0000057
82.3606775	0.0000065
82.4440385	0.0000100
82.5273995	0.0000064
82.6107605	0.0000060
82.6941216	0.0000064
82.7774826	0.0000066
82.8608436	0.0000064
82.9442046	0.0000068
83.0275656	0.0000062
83.1109266	0.0000069
83.1942876	0.0000166
83.2776486	0.0000064
83.3610096	0.0000068
83.4443706	0.0000079
83.5277317	0.0000070
83.6110927	0.0000095
83.6944537	0.0000076
83.7778147	0.0000072
83.8611757	0.0000075
83.9445367	0.0000060
84.0278977	0.0000066
84.1112587	0.0000058
84.1946197	0.0000116
84.2779807	0.0000069
84.3613417	0.0000073
84.4447028	0.0000081
84.5280638	0.0000071
84.6114248	0.0000077
84.6947858	0.0000082
84.7781468	0.0000086
84.8615078	0.0000078
84.9448688	0.0000071
85.0282298	0.0000061
85.1115908	0.0000082
85.1949518	0.0000090
85.2783129	0.0000085
85.3616739	0.0000074
85.4450349	0.0000079
85.5283959	0.0000065
85.6117569	0.0000051
85.6951179	0.0000063
85.7784789	0.0000080
85.8618399	0.0000064
85.9452009	0.0000063
86.0285619	0.0000065
86.1119229	0.0000155
86.1952840	0.0000069
86.2786450	0.0000079
86.3620060	0.0000080
86.4453670	0.0000103
86.5287280	0.0000080
86.6120890	0.0000071
86.6954500	0.0000099
86.7788110	0.0000071
86.8621720	0.0000085
86.9455330	0.0000065
87.0288941	0.0000113
87.1122551	0.0000087
87.1956161	0.0000091
87.2789771	0.0000087
87.3623381	0.0000103
87.4456991	0.0000132
87.5290601	0.0000088
87.6124211	0.0000085
87.6957821	0.0000082
87.7791431	0.0000078
87.8625042	0.0000068
87.9458652	0.0000094
88.0292262	0.0000086
88.1125872	0.0000149
88.1959482	0.0000205
88.2793092	0.0000113
88.3626702	0.0000102
88.4460312	0.0000125
88.5293922	0.0000095
88.6127532	0.0000110
88.6961142	0.0000091
88.7794753	0.0000086
88.8628363	0.0000089
88.9461973	0.0000078
89.0295583	0.0000084
89.1129193	0.0000069
89.1962803	0.0000112
89.2796413	0.0000064
89.3630023	0.0000078
89.4463633	0.0000074
89.5297243	0.0000076
89.6130854	0.0000055
89.6964464	0.0000062
89.7798074	0.0000055
89.8631684	0.0000094
89.9465294	0.0000067
90.0298904	0.0000067
90.1132514	0.0000065
90.1966124	0.0000072
90.2799734	0.0000049
90.3633344	0.0000074
90.4466955	0.0000079
90.5300565	0.0000073
90.6134175	0.0000063
90.6967785	0.0000066
90.7801395	0.0000046
90.8635005	0.0000052
90.9468615	0.0000057
91.0302225	0.0000087
91.1135835	0.0000061
91.1969445	0.0000195
91.2803055	0.0000091
91.3636666	0.0000046
91.4470276	0.0000066
91.5303886	0.0000064
91.6137496	0.0000061
91.6971106	0.0000083
91.7804716	0.0000089
91.8638326	0.0000069
91.9471936	0.0000060
92.0305546	0.0000092
92.1139156	0.0000093
92.1972767	0.0000094
92.2806377	0.0000086
92.3639987	0.0000101
92.4473597	0.0000094
92.5307207	0.0000085
92.6140817	0.0000080
92.6974427	0.0000115
92.7808037	0.0000095
92.8641647	0.0000075
92.9475257	0.0000077
93.0308867	0.0000089
93.1142478	0.0000141
93.1976088	0.0000072
93.2809698	0.0000095
93.3643308	0.0000087
93.4476918	0.0000080
93.5310528	0.0000081
93.6144138	0.0000074
93.6977748	0.0000072
93.7811358	0.0000087
93.8644968	0.0000095
93.9478579	0.0000082
94.0312189	0.0000062
94.1145799	0.0000066
94.1979409	0.0000100
94.2813019	0.0000073
94.3646629	0.0000090
94.4480239	0.0000079
94.5313849	0.0000077
94.6147459	0.0000063
94.6981069	0.0000082
94.7814680	0.0000067
94.8648290	0.0000096
94.9481900	0.0000069
95.0315510	0.0000056
95.1149120	0.0000052
95.1982730	0.0000093
95.2816340	0.0000096
95.3649950	0.0000069
95.4483560	0.0000074
95.5317170	0.0000093
95.6150780	0.0000068
95.6984391	0.0000083
95.7818001	0.0000082
95.8651611	0.0000058
95.9485221	0.0000068
96.0318831	0.0000065
96.1152441	0.0000181
96.1986051	0.0000176
96.2819661	0.0000084
96.3653271	0.0000068
96.4486881	0.0000073
96.5320492	0.0000086
96.6154102	0.0000066
96.6987712	0.0000094
96.7821322	0.0000074
96.8654932	0.0000069
96.9488542	0.0000064
97.0322152	0.0000067
97.1155762	0.0000104
97.1989372	0.0000336
97.2822982	0.0000070
97.3656592	0.0000086
97.4490203	0.0000113
97.5323813	0.0000095
97.6157423	0.0000076
97.6991033	0.0000071
97.7824643	0.0000069
97.8658253	0.0000089
97.9491863	0.0000079
98.0325473	0.0000073
98.1159083	0.0000111
98.1992693	0.0000117
98.2826304	0.0000077
98.3659914	0.0000094
98.4493524	0.0000099
98.5327134	0.0000084
98.6160744	0.0000072
98.6994354	0.0000089
98.7827964	0.0000086
98.8661574	0.0000112
98.9495184	0.0000063
99.0328794	0.0000091
99.1162405	0.0000119
99.1996015	0.0000082
99.2829625	0.0000349
99.3663235	0.0000075
99.4496845	0.0000106
99.5330455	0.0000116
99.6164065	0.0000090
99.6997675	0.0000097
99.7831285	0.0000080
99.8664895	0.0000086
99.9498505	0.0000074
100.0332116	0.0000106
100.1165726	0.0000070
100.1999336	0.0000149
100.2832946	0.0000060
100.3666556	0.0000068
100.4500166	0.0000069
100.5333776	0.0000064
100.6167386	0.0000052
100.7000996	0.0000052
100.7834606	0.0000068
100.8668217	0.0000073
100.9501827	0.0000050
101.0335437	0.0000052
101.1169047	0.0000073
101.2002657	0.0000250
101.2836267	0.0000052
101.3669877	0.0000073
101.4503487	0.0000118
101.5337097	0.0000085
101.6170707	0.0000080
101.7004318	0.0000071
101.7837928	0.0000088
101.8671538	0.0000085
101.9505148	0.0000068
102.0338758	0.0000093
102.1172368	0.0000139
102.2005978	0.0000095
102.2839588	0.0000083
102.3673198	0.0000100
102.4506808	0.0000127
102.5340418	0.0000081
102.6174029	0.0000098
102.7007639	0.0000089
102.7841249	0.0000068
102.8674859	0.0000073
102.9508469	0.0000083
103.0342079	0.0000086
103.1175689	0.0000066
103.2009299	0.0000151
103.2842909	0.0000082
103.3676519	0.0000090
103.4510130	0.0000067
103.5343740	0.0000052
103.6177350	0.0000064
103.7010960	0.0000063
103.7844570	0.0000085
103.8678180	0.0000065
103.9511790	0.0000067
104.0345400	0.0000096
104.1179010	0.0000131
104.2012620	0.0000071
104.2846230	0.0000076
104.3679841	0.0000083
104.4513451	0.0000096
104.5347061	0.0000089
104.6180671	0.0000069
104.7014281	0.0000062
104.7847891	0.0000100
104.8681501	0.0000118
104.9515111	0.0000062
105.0348721	0.0000079
105.1182331	0.0000078
105.2015942	0.0000119
105.2849552	0.0000085
105.3683162	0.0000088
105.4516772	0.0000092
105.5350382	0.0000105
105.6183992	0.0000069
105.7017602	0.0000107
105.7851212	0.0000091
105.8684822	0.0000072
105.9518432	0.0000090
106.0352043	0.0000079
106.1185653	0.0000095
106.2019263	0.0000099
106.2852873	0.0000117
106.3686483	0.0000125
106.4520093	0.0000119
106.5353703	0.0000091
106.6187313	0.0000104
106.7020923	0.0000101
106.7854533	0.0000105
106.8688143	0.0000100
106.9521754	0.0000111
107.0355364	0.0000091
107.1188974	0.0000160
107.2022584	0.0000233
107.2856194	0.0000189
107.3689804	0.0000139
107.4523414	0.0000126
107.5357024	0.0000118
107.6190634	0.0000103
107.7024244	0.0000085
107.7857855	0.0000100
107.8691465	0.0000112
107.9525075	0.0000079
108.0358685	0.0000096
108.1192295	0.0000151
108.2025905	0.0000167
108.2859515	0.0000090
108.3693125	0.0000099
108.4526735	0.0000093
108.5360345	0.0000086
108.6193955	0.0000081
108.7027566	0.0000117
108.7861176	0.0000065
108.8694786	0.0000080
108.9528396	0.0000073
109.0362006	0.0000067
109.1195616	0.0000093
109.2029226	0.0000186
109.2862836	0.0000059
109.3696446	0.0000075
109.4530056	0.0000056
109.5363667	0.0000076
109.6197277	0.0000050
109.7030887	0.0000070
109.7864497	0.0000081
109.8698107	0.0000088
109.9531717	0.0000063
110.0365327	0.0000061
110.1198937	0.0000139
110.2032547	0.0000086
110.2866157	0.0000087
110.3699768	0.0000081
110.4533378	0.0000062
110.5366988	0.0000101
110.6200598	0.0000063
110.7034208	0.0000081
110.7867818	0.0000078
110.8701428	0.0000052
110.9535038	0.0000057
111.0368648	0.0000067
111.1202258	0.0000124
111.2035868	0.0000070
111.2869479	0.0000068
111.3703089	0.0000084
111.4536699	0.0000069
111.5370309	0.0000078
111.6203919	0.0000057
111.7037529	0.0000074
111.7871139	0.0000076
111.8704749	0.0000064
111.9538359	0.0000057
112.0371969	0.0000049
112.1205580	0.0000083
112.2039190	0.0000122
112.2872800	0.0000054
112.3706410	0.0000065
112.4540020	0.0000036
112.5373630	0.0000044
112.6207240	0.0000044
112.7040850	0.0000052
112.7874460	0.0000080
112.8708070	0.0000062
112.9541681	0.0000046
113.0375291	0.0000102
113.1208901	0.0000057
113.2042511	0.0000225
113.2876121	0.0000073
113.3709731	0.0000059
113.4543341	0.0000107
113.5376951	0.0000132
113.6210561	0.0000069
113.7044171	0.0000097
113.7877781	0.0000081
113.8711392	0.0000099
113.9545002	0.0000086
114.0378612	0.0000113
114.1212222	0.0000118
114.2045832	0.0000097
114.2879442	0.0000118
114.3713052	0.0000106
114.4546662	0.0000146
114.5380272	0.0000081
114.6213882	0.0000084
114.7047493	0.0000071
114.7881103	0.0000079
114.8714713	0.0000121
114.9548323	0.0000089
115.0381933	0.0000122
115.1215543	0.0000079
115.2049153	0.0000109
115.2882763	0.0000112
115.3716373	0.0000090
115.4549983	0.0000096
115.5383593	0.0000101
115.6217204	0.0000089
115.7050814	0.0000091
115.7884424	0.0000104
115.8718034	0.0000126
115.9551644	0.0000079
116.0385254	0.0000096
116.1218864	0.0000117
116.2052474	0.0000190
116.2886084	0.0000265
116.3719694	0.0000117
116.4553305	0.0000135
116.5386915	0.0000083
116.6220525	0.0000087
116.7054135	0.0000096
116.7887745	0.0000091
116.8721355	0.0000087
116.9554965	0.0000104
117.0388575	0.0000138
117.1222185	0.0000079
117.2055795	0.0000160
117.2889406	0.0000091
117.3723016	0.0000113
117.4556626	0.0000113
117.5390236	0.0000076
117.6223846	0.0000077
117.7057456	0.0000087
117.7891066	0.0000123
117.8724676	0.0000087
117.9558286	0.0000082
118.0391896	0.0000094
118.1225506	0.0000079
118.2059117	0.0000336
118.2892727	0.0000068
118.3726337	0.0000088
118.4559947	0.0000102
118.5393557	0.0000066
118.6227167	0.0000059
118.7060777	0.0000075
118.7894387	0.0000074
118.8727997	0.0000090
118.9561607	0.0000092
119.0395218	0.0000069
119.1228828	0.0000088
119.2062438	0.0000073
119.2896048	0.0000069
119.3729658	0.0000079
119.4563268	0.0000088
119.5396878	0.0000068
119.6230488	0.0000050
119.7064098	0.0000081
119.7897708	0.0000058
119.8731318	0.0000103
119.9564929	0.0000062
120.0398539	0.0000074
120.1232149	0.0000173
120.2065759	0.0000325
120.2899369	0.0000091
120.3732979	0.0000086
120.4566589	0.0000100
120.5400199	0.0000101
120.6233809	0.0000090
120.7067419	0.0000113
120.7901030	0.0000101
120.8734640	0.0000114
120.9568250	0.0000080
121.0401860	0.0000157
121.1235470	0.0000125
121.2069080	0.0000086
121.2902690	0.0000287
121.3736300	0.0000104
121.4569910	0.0000157
121.5403520	0.0000116
121.6237131	0.0000100
121.7070741	0.0000133
121.7904351	0.0000133
121.8737961	0.0000110
121.9571571	0.0000109
122.0405181	0.0000135
122.1238791	0.0000110
122.2072401	0.0000134
122.2906011	0.0000170
122.3739621	0.0000193
122.4573231	0.0000171
122.5406842	0.0000119
122.6240452	0.0000114
122.7074062	0.0000111
122.7907672	0.0000115
122.8741282	0.0000126
122.9574892	0.0000105
123.0408502	0.0000104
123.1242112	0.0000149
123.2075722	0.0000122
123.2909332	0.0000120
123.3742943	0.0000131
123.4576553	0.0000121
123.5410163	0.0000080
123.6243773	0.0000067
123.7077383	0.0000111
123.7910993	0.0000104
123.8744603	0.0000112
123.9578213	0.0000112
124.0411823	0.0000085
124.1245433	0.0000093
124.2079044	0.0000132
124.2912654	0.0000163
124.3746264	0.0000122
124.4579874	0.0000142
124.5413484	0.0000124
124.6247094	0.0000101
124.7080704	0.0000126
124.7914314	0.0000093
124.8747924	0.0000122
124.9581534	0.0000128
125.0415144	0.0000159
125.1248755	0.0000104
125.2082365	0.0000302
125.2915975	0.0000147
125.3749585	0.0000093
125.4583195	0.0000131
125.5416805	0.0000083
125.6250415	0.0000058
125.7084025	0.0000074
125.7917635	0.0000097
125.8751245	0.0000088
125.9584856	0.0000092
126.0418466	0.0000067
126.1252076	0.0000077
126.2085686	0.0000105
126.2919296	0.0000268
126.3752906	0.0000068
126.4586516	0.0000090
126.5420126	0.0000074
126.6253736	0.0000090
126.7087346	0.0000113
126.7920956	0.0000093
126.8754567	0.0000094
126.9588177	0.0000123
127.0421787	0.0000180
127.1255397	0.0000093
127.2089007	0.0000239
127.2922617	0.0000320
127.3756227	0.0000131
127.4589837	0.0000186
127.5423447	0.0000130
127.6257057	0.0000105
127.7090668	0.0000122
127.7924278	0.0000115
127.8757888	0.0000139
127.9591498	0.0000112
128.0425108	0.0000112
128.1258718	0.0000103
128.2092328	0.0000104
128.2925938	0.0000156
128.3759548	0.0000138
128.4593158	0.0000177
128.5426769	0.0000092
128.6260379	0.0000084
128.7093989	0.0000104
128.7927599	0.0000138
128.8761209	0.0000129
128.9594819	0.0000107
129.0428429	0.0000093
129.1262039	0.0000130
129.2095649	0.0000137
129.2929259	0.0000122
129.3762869	0.0000123
129.4596480	0.0000121
129.5430090	0.0000103
129.6263700	0.0000114
129.7097310	0.0000092
129.7930920	0.0000110
129.8764530	0.0000107
129.9598140	0.0000102
130.0431750	0.0000080
130.1265360	0.0000079
130.2098970	0.0000305
130.2932581	0.0000076
130.3766191	0.0000087
130.4599801	0.0000111
130.5433411	0.0000079
130.6267021	0.0000080
130.7100631	0.0000070
130.7934241	0.0000081
130.8767851	0.0000090
130.9601461	0.0000076
131.0435071	0.0000065
131.1268682	0.0000090
131.2102292	0.0000165
131.2935902	0.0000070
131.3769512	0.0000101
131.4603122	0.0000078
131.5436732	0.0000068
131.6270342	0.0000048
131.7103952	0.0000101
131.7937562	0.0000093
131.8771172	0.0000062
131.9604782	0.0000076
132.0438393	0.0000070
132.1272003	0.0000132
132.2105613	0.0000094
132.2939223	0.0000114
132.3772833	0.0000113
132.4606443	0.0000161
132.5440053	0.0000087
132.6273663	0.0000102
132.7107273	0.0000117
132.7940883	0.0000122
132.8774494	0.0000119
132.9608104	0.0000087
133.0441714	0.0000103
133.1275324	0.0000113
133.2108934	0.0000135
133.2942544	0.0000092
133.3776154	0.0000107
133.4609764	0.0000095
133.5443374	0.0000085
133.6276984	0.0000080
133.7110594	0.0000100
133.7944205	0.0000067
133.8777815	0.0000087
133.9611425	0.0000089
134.0445035	0.0000165
134.1278645	0.0000084
134.2112255	0.0000258
134.2945865	0.0000084
134.3779475	0.0000088
134.4613085	0.0000075
134.5446695	0.0000072
134.6280306	0.0000075
134.7113916	0.0000090
134.7947526	0.0000069
134.8781136	0.0000075
134.9614746	0.0000086
135.0448356	0.0000103
135.1281966	0.0000093
135.2115576	0.0000121
135.2949186	0.0000083
135.3782796	0.0000114
135.4616407	0.0000077
135.5450017	0.0000080
135.6283627	0.0000056
135.7117237	0.0000075
135.7950847	0.0000095
135.8784457	0.0000096
135.9618067	0.0000103
136.0451677	0.0000086
136.1285287	0.0000092
136.2118897	0.0000075
136.2952507	0.0000096
136.3786118	0.0000084
136.4619728	0.0000060
136.5453338	0.0000047
136.6286948	0.0000035
136.7120558	0.0000063
136.7954168	0.0000054
136.8787778	0.0000074
136.9621388	0.0000065
137.0454998	0.0000069
137.1288608	0.0000050
137.2122219	0.0000109
137.2955829	0.0000085
137.3789439	0.0000044
137.4623049	0.0000075
137.5456659	0.0000034
137.6290269	0.0000032
137.7123879	0.0000080
137.7957489	0.0000050
137.8791099	0.0000068
137.9624709	0.0000108
138.0458319	0.0000072
138.1291930	0.0000078
138.2125540	0.0000102
138.2959150	0.0000111
138.3792760	0.0000148
138.4626370	0.0000085
138.5459980	0.0000059
138.6293590	0.0000091
138.7127200	0.0000104
138.7960810	0.0000105
138.8794420	0.0000134
138.9628031	0.0000142
139.0461641	0.0000097
139.1295251	0.0000126
139.2128861	0.0000182
139.2962471	0.0000156
139.3796081	0.0000208
139.4629691	0.0000216
139.5463301	0.0000156
139.6296911	0.0000106
139.7130521	0.0000133
139.7964132	0.0000116
139.8797742	0.0000164
139.9631352	0.0000141
140.0464962	0.0000117
140.1298572	0.0000116
140.2132182	0.0000224
140.2965792	0.0000116
140.3799402	0.0000153
140.4633012	0.0000122
140.5466622	0.0000115
140.6300232	0.0000067
140.7133843	0.0000099
140.7967453	0.0000131
140.8801063	0.0000092
140.9634673	0.0000084
141.0468283	0.0000115
141.1301893	0.0000095
141.2135503	0.0000081
141.2969113	0.0000090
141.3802723	0.0000063
141.4636333	0.0000068
141.5469944	0.0000047
141.6303554	0.0000041
141.7137164	0.0000059
141.7970774	0.0000062
141.8804384	0.0000057
141.9637994	0.0000053
142.0471604	0.0000061
142.1305214	0.0000103
142.2138824	0.0000130
142.2972434	0.0000075
142.3806045	0.0000045
142.4639655	0.0000064
142.5473265	0.0000037
142.6306875	0.0000032
142.7140485	0.0000099
142.7974095	0.0000078
142.8807705	0.0000080
142.9641315	0.0000085
143.0474925	0.0000073
143.1308535	0.0000168
143.2142145	0.0000251
143.2975756	0.0000376
143.3809366	0.0000098
143.4642976	0.0000194
143.5476586	0.0000152
143.6310196	0.0000126
143.7143806	0.0000111
143.7977416	0.0000126
143.8811026	0.0000128
143.9644636	0.0000130
144.0478246	0.0000185
144.1311857	0.0000141
144.2145467	0.0000216
144.2979077	0.0000129
144.3812687	0.0000156
144.4646297	0.0000153
144.5479907	0.0000107
144.6313517	0.0000117
144.7147127	0.0000120
144.7980737	0.0000123
144.8814347	0.0000092
144.9647957	0.0000096
145.0481568	0.0000104
145.1315178	0.0000119
145.2148788	0.0000117
145.2982398	0.0000110
145.3816008	0.0000161
145.4649618	0.0000113
145.5483228	0.0000101
145.6316838	0.0000083
145.7150448	0.0000116
145.7984058	0.0000102
145.8817669	0.0000114
145.9651279	0.0000106
146.0484889	0.0000121
146.1318499	0.0000144
146.2152109	0.0000148
146.2985719	0.0000093
146.3819329	0.0000136
146.4652939	0.0000083
146.5486549	0.0000061
146.6320159	0.0000076
146.7153770	0.0000102
146.7987380	0.0000079
146.8820990	0.0000089
146.9654600	0.0000072
147.0488210	0.0000108
147.1321820	0.0000075
147.2155430	0.0000147
147.2989040	0.0000080
147.3822650	0.0000096
147.4656260	0.0000066
147.5489870	0.0000059
147.6323481	0.0000073
147.7157091	0.0000097
147.7990701	0.0000090
147.8824311	0.0000081
147.9657921	0.0000063
148.0491531	0.0000063
148.1325141	0.0000075
148.2158751	0.0000062
148.2992361	0.0000084
148.3825971	0.0000079
148.4659582	0.0000069
148.5493192	0.0000048
148.6326802	0.0000060
148.7160412	0.0000055
148.7994022	0.0000075
148.8827632	0.0000091
148.9661242	0.0000080
149.0494852	0.0000099
149.1328462	0.0000094
149.2162072	0.0000113
149.2995682	0.0000099
149.3829293	0.0000086
149.4662903	0.0000134
149.5496513	0.0000066
149.6330123	0.0000061
149.7163733	0.0000085
149.7997343	0.0000079
149.8830953	0.0000088
149.9664563	0.0000078
150.0498173	0.0000112
150.1331783	0.0000120
150.2165394	0.0000087
150.2999004	0.0000119
150.3832614	0.0000135
150.4666224	0.0000135
150.5499834	0.0000068
150.6333444	0.0000084
150.7167054	0.0000097
150.8000664	0.0000106
150.8834274	0.0000163
150.9667884	0.0000148
151.0501495	0.0000139
151.1335105	0.0000151
151.2168715	0.0000252
151.3002325	0.0000176
151.3835935	0.0000251
151.4669545	0.0000190
151.5503155	0.0000130
151.6336765	0.0000124
151.7170375	0.0000128
151.8003985	0.0000141
151.8837595	0.0000139
151.9671206	0.0000098
152.0504816	0.0000115
152.1338426	0.0000132
152.2172036	0.0000131
152.3005646	0.0000122
152.3839256	0.0000140
152.4672866	0.0000094
152.5506476	0.0000089
152.6340086	0.0000076
152.7173696	0.0000124
152.8007307	0.0000115
152.8840917	0.0000100
152.9674527	0.0000094
153.0508137	0.0000107
153.1341747	0.0000099
153.2175357	0.0000106
153.3008967	0.0000106
153.3842577	0.0000086
153.4676187	0.0000101
153.5509797	0.0000068
153.6343408	0.0000046
153.7177018	0.0000083
153.8010628	0.0000095
153.8844238	0.0000102
153.9677848	0.0000071
154.0511458	0.0000062
154.1345068	0.0000134
154.2178678	0.0000212
154.3012288	0.0000135
154.3845898	0.0000183
154.4679508	0.0000184
154.5513119	0.0000132
154.6346729	0.0000118
154.7180339	0.0000125
154.8013949	0.0000190
154.8847559	0.0000108
154.9681169	0.0000108
155.0514779	0.0000116
155.1348389	0.0000107
155.2181999	0.0000096
155.3015609	0.0000117
155.3849220	0.0000082
155.4682830	0.0000092
155.5516440	0.0000085
155.6350050	0.0000059
155.7183660	0.0000065
155.8017270	0.0000087
155.8850880	0.0000062
155.9684490	0.0000072
156.0518100	0.0000060
156.1351710	0.0000108
156.2185320	0.0000084
156.3018931	0.0000094
156.3852541	0.0000066
156.4686151	0.0000099
156.5519761	0.0000038
156.6353371	0.0000074
156.7186981	0.0000069
156.8020591	0.0000072
156.8854201	0.0000070
156.9687811	0.0000080
157.0521421	0.0000073
157.1355032	0.0000127
157.2188642	0.0000149
157.3022252	0.0000056
157.3855862	0.0000058
157.4689472	0.0000056
157.5523082	0.0000034
157.6356692	0.0000042
157.7190302	0.0000055
157.8023912	0.0000065
157.8857522	0.0000072
157.9691133	0.0000053
158.0524743	0.0000061
158.1358353	0.0000072
158.2191963	0.0000084
158.3025573	0.0000083
158.3859183	0.0000064
158.4692793	0.0000048
158.5526403	0.0000035
158.6360013	0.0000080
158.7193623	0.0000060
158.8027233	0.0000084
158.8860844	0.0000082
158.9694454	0.0000084
159.0528064	0.0000073
159.1361674	0.0000081
159.2195284	0.0000080
159.3028894	0.0000085
159.3862504	0.0000071
159.4696114	0.0000090
159.5529724	0.0000077
159.6363334	0.0000039
159.7196945	0.0000079
159.8030555	0.0000067
159.8864165	0.0000058
159.9697775	0.0000058
160.0531385	0.0000069
160.1364995	0.0000072
160.2198605	0.0000143
160.3032215	0.0000089
160.3865825	0.0000153
160.4699435	0.0000085
160.5533045	0.0000097
160.6366656	0.0000066
160.7200266	0.0000080
160.8033876	0.0000108
160.8867486	0.0000081
160.9701096	0.0000083
161.0534706	0.0000087
161.1368316	0.0000069
161.2201926	0.0000089
161.3035536	0.0000094
161.3869146	0.0000101
161.4702757	0.0000056
161.5536367	0.0000067
161.6369977	0.0000084
161.7203587	0.0000083
161.8037197	0.0000100
161.8870807	0.0000092
161.9704417	0.0000077
162.0538027	0.0000094
162.1371637	0.0000097
162.2205247	0.0000074
162.3038858	0.0000074
162.3872468	0.0000087
162.4706078	0.0000087
162.5539688	0.0000033
162.6373298	0.0000056
162.7206908	0.0000056
162.8040518	0.0000071
162.8874128	0.0000076
162.9707738	0.0000056
163.0541348	0.0000054
163.1374958	0.0000054
163.2208569	0.0000088
163.3042179	0.0000053
163.3875789	0.0000050
163.4709399	0.0000059
163.5543009	0.0000030
163.6376619	0.0000029
163.7210229	0.0000053
163.8043839	0.0000071
163.8877449	0.0000058
163.9711059	0.0000073
164.0544670	0.0000073
164.1378280	0.0000099
164.2211890	0.0000059
164.3045500	0.0000096
164.3879110	0.0000082
164.4712720	0.0000051
164.5546330	0.0000070
164.6379940	0.0000055
164.7213550	0.0000086
164.8047160	0.0000092
164.8880771	0.0000080
164.9714381	0.0000088
165.0547991	0.0000079
165.1381601	0.0000115
165.2215211	0.0000133
165.3048821	0.0000114
165.3882431	0.0000129
165.4716041	0.0000105
165.5549651	0.0000052
165.6383261	0.0000093
165.7216871	0.0000078
165.8050482	0.0000114
165.8884092	0.0000120
165.9717702	0.0000108
166.0551312	0.0000092
166.1384922	0.0000077
166.2218532	0.0000104
166.3052142	0.0000141
166.3885752	0.0000144
166.4719362	0.0000108
166.5552972	0.0000092
166.6386583	0.0000087
166.7220193	0.0000090
166.8053803	0.0000082
166.8887413	0.0000093
166.9721023	0.0000125
167.0554633	0.0000091
167.1388243	0.0000089
167.2221853	0.0000109
167.3055463	0.0000109
167.3889073	0.0000144
167.4722683	0.0000082
167.5556294	0.0000069
167.6389904	0.0000089
167.7223514	0.0000138
167.8057124	0.0000103
167.8890734	0.0000121
167.9724344	0.0000127
168.0557954	0.0000137
168.1391564	0.0000160
168.2225174	0.0000250
168.3058784	0.0000222
168.3892395	0.0000238
168.4726005	0.0000173
168.5559615	0.0000117
168.6393225	0.0000118
168.7226835	0.0000171
168.8060445	0.0000140
168.8894055	0.0000139
168.9727665	0.0000131
169.0561275	0.0000129
169.1394885	0.0000170
169.2228496	0.0000192
169.3062106	0.0000117
169.3895716	0.0000139
169.4729326	0.0000088
169.5562936	0.0000068
169.6396546	0.0000098
169.7230156	0.0000092
169.8063766	0.0000120
169.8897376	0.0000119
169.9730986	0.0000098
170.0564596	0.0000096
170.1398207	0.0000096
170.2231817	0.0000112
170.3065427	0.0000094
170.3899037	0.0000082
170.4732647	0.0000045
170.5566257	0.0000070
170.6399867	0.0000074
170.7233477	0.0000063
170.8067087	0.0000072
170.8900697	0.0000070
170.9734308	0.0000093
171.0567918	0.0000081
171.1401528	0.0000322
171.2235138	0.0000099
171.3068748	0.0000122
171.3902358	0.0000120
171.4735968	0.0000094
171.5569578	0.0000105
171.6403188	0.0000095
171.7236798	0.0000102
171.8070409	0.0000151
171.8904019	0.0000129
171.9737629	0.0000108
172.0571239	0.0000112
172.1404849	0.0000140
172.2238459	0.0000118
172.3072069	0.0000140
172.3905679	0.0000110
172.4739289	0.0000104
172.5572899	0.0000078
172.6406509	0.0000083
172.7240120	0.0000097
172.8073730	0.0000079
172.8907340	0.0000142
172.9740950	0.0000084
173.0574560	0.0000075
173.1408170	0.0000100
173.2241780	0.0000110
173.3075390	0.0000108
173.3909000	0.0000119
173.4742610	0.0000072
173.5576221	0.0000058
173.6409831	0.0000079
173.7243441	0.0000094
173.8077051	0.0000070
173.8910661	0.0000090
173.9744271	0.0000081
174.0577881	0.0000092
174.1411491	0.0000096
174.2245101	0.0000073
174.3078711	0.0000104
174.3912321	0.0000117
174.4745932	0.0000119
174.5579542	0.0000061
174.6413152	0.0000116
174.7246762	0.0000106
174.8080372	0.0000124
174.8913982	0.0000098
174.9747592	0.0000093
175.0581202	0.0000114
175.1414812	0.0000107
175.2248422	0.0000123
175.3082033	0.0000210
175.3915643	0.0000178
175.4749253	0.0000206
175.5582863	0.0000134
175.6416473	0.0000156
175.7250083	0.0000164
175.8083693	0.0000120
175.8917303	0.0000148
175.9750913	0.0000143
176.0584523	0.0000120
176.1418134	0.0000122
176.2251744	0.0000139
176.3085354	0.0000122
176.3918964	0.0000091
176.4752574	0.0000067
176.5586184	0.0000044
176.6419794	0.0000082
176.7253404	0.0000076
176.8087014	0.0000097
176.8920624	0.0000114
176.9754234	0.0000106
177.0587845	0.0000085
177.1421455	0.0000125
177.2255065	0.0000218
177.3088675	0.0000159
177.3922285	0.0000185
177.4755895	0.0000167
177.5589505	0.0000117
177.6423115	0.0000119
177.7256725	0.0000150
177.8090335	0.0000105
177.8923946	0.0000098
177.9757556	0.0000096
178.0591166	0.0000123
178.1424776	0.0000178
178.2258386	0.0000092
178.3091996	0.0000113
178.3925606	0.0000122
178.4759216	0.0000062
178.5592826	0.0000090
178.6426436	0.0000108
178.7260046	0.0000117
178.8093657	0.0000094
178.8927267	0.0000081
178.9760877	0.0000071
179.0594487	0.0000071
179.1428097	0.0000078
179.2261707	0.0000100
179.3095317	0.0000107
179.3928927	0.0000076
179.4762537	0.0000054
179.5596147	0.0000046
179.6429758	0.0000056
179.7263368	0.0000078
179.8096978	0.0000063
179.8930588	0.0000059
179.9764198	0.0000069
180.0597808	0.0000062
180.1431418	0.0000056
180.2265028	0.0000067
180.3098638	0.0000065
180.3932248	0.0000044
180.4765859	0.0000033
180.5599469	-0.0000014
180.6433079	0.0000018
180.7266689	0.0000034
180.8100299	0.0000041
180.8933909	0.0000059
180.9767519	0.0000070
181.0601129	0.0000069
181.1434739	0.0000040
181.2268349	0.0000050
181.3101959	0.0000050
181.3935570	0.0000052
181.4769180	0.0000010
181.5602790	-0.0000005
181.6436400	0.0000031
181.7270010	0.0000046
181.8103620	0.0000055
181.8937230	0.0000049
181.9770840	0.0000050
182.0604450	0.0000047
182.1438060	0.0000082
182.2271671	0.0000045
182.3105281	0.0000049
182.3938891	0.0000061
182.4772501	0.0000010
182.5606111	0.0000009
182.6439721	0.0000045
182.7273331	0.0000086
182.8106941	0.0000053
182.8940551	0.0000066
182.9774161	0.0000049
183.0607772	0.0000053
183.1441382	0.0000059
183.2274992	0.0000052
183.3108602	0.0000057
183.3942212	0.0000030
183.4775822	0.0000042
183.5609432	-0.0000001
183.6443042	0.0000028
183.7276652	0.0000045
183.8110262	0.0000078
183.8943872	0.0000075
183.9777483	0.0000050
184.0611093	0.0000059
184.1444703	0.0000048
184.2278313	0.0000224
184.3111923	0.0000055
184.3945533	0.0000069
184.4779143	0.0000065
184.5612753	0.0000046
184.6446363	0.0000051
184.7279973	0.0000060
184.8113584	0.0000080
184.8947194	0.0000070
184.9780804	0.0000059
185.0614414	0.0000057
185.1448024	0.0000070
185.2281634	0.0000078
185.3115244	0.0000064
185.3948854	0.0000090
185.4782464	0.0000054
185.5616074	0.0000020
185.6449684	0.0000048
185.7283295	0.0000100
185.8116905	0.0000103
185.8950515	0.0000102
185.9784125	0.0000100
186.0617735	0.0000100
186.1451345	0.0000120
186.2284955	0.0000106
186.3118565	0.0000098
186.3952175	0.0000119
186.4785785	0.0000160
186.5619396	0.0000085
186.6453006	0.0000086
186.7286616	0.0000132
186.8120226	0.0000100
186.8953836	0.0000106
186.9787446	0.0000123
187.0621056	0.0000126
187.1454666	0.0000166
187.2288276	0.0000147
187.3121886	0.0000158
187.3955497	0.0000125
187.4789107	0.0000119
187.5622717	0.0000085
187.6456327	0.0000112
187.7289937	0.0000172
187.8123547	0.0000141
187.8957157	0.0000101
187.9790767	0.0000112
188.0624377	0.0000122
188.1457987	0.0000202
188.2291597	0.0000152
188.3125208	0.0000138
188.3958818	0.0000180
188.4792428	0.0000184
188.5626038	0.0000079
188.6459648	0.0000098
188.7293258	0.0000118
188.8126868	0.0000114
188.8960478	0.0000116
188.9794088	0.0000094
189.0627698	0.0000093
189.1461309	0.0000221
189.2294919	0.0000132
189.3128529	0.0000175
189.3962139	0.0000149
189.4795749	0.0000094
189.5629359	0.0000123
189.6462969	0.0000107
189.7296579	0.0000109
189.8130189	0.0000153
189.8963799	0.0000159
189.9797409	0.0000120
190.0631020	0.0000162
190.1464630	0.0000199
190.2298240	0.0000214
190.3131850	0.0000186
190.3965460	0.0000166
190.4799070	0.0000119
190.5632680	0.0000076
190.6466290	0.0000113
190.7299900	0.0000155
190.8133510	0.0000124
190.8967121	0.0000121
190.9800731	0.0000098
191.0634341	0.0000124
191.1467951	0.0000121
191.2301561	0.0000112
191.3135171	0.0000118
191.3968781	0.0000131
191.4802391	0.0000077
191.5636001	0.0000052
191.6469611	0.0000095
191.7303222	0.0000095
191.8136832	0.0000084
191.8970442	0.0000082
191.9804052	0.0000076
192.0637662	0.0000067
192.1471272	0.0000133
192.2304882	0.0000085
192.3138492	0.0000065
192.3972102	0.0000093
192.4805712	0.0000040
192.5639322	0.0000048
192.6472933	0.0000055
192.7306543	0.0000069
192.8140153	0.0000068
192.8973763	0.0000081
192.9807373	0.0000070
193.0640983	0.0000071
193.1474593	0.0000074
193.2308203	0.0000069
193.3141813	0.0000088
193.3975423	0.0000078
193.4809034	0.0000054
193.5642644	0.0000066
193.6476254	0.0000059
193.7309864	0.0000067
193.8143474	0.0000060
193.8977084	0.0000070
193.9810694	0.0000053
194.0644304	0.0000065
194.1477914	0.0000076
194.2311524	0.0000072
194.3145135	0.0000060
194.3978745	0.0000038
194.4812355	0.0000032
194.5645965	0.0000072
194.6479575	0.0000051
194.7313185	0.0000074
194.8146795	0.0000073
194.8980405	0.0000061
194.9814015	0.0000058
195.0647625	0.0000097
195.1481235	0.0000078
195.2314846	0.0000113
195.3148456	0.0000131
195.3982066	0.0000120
195.4815676	0.0000087
195.5649286	0.0000098
195.6482896	0.0000100
195.7316506	0.0000103
195.8150116	0.0000075
195.8983726	0.0000096
195.9817336	0.0000089
196.0650947	0.0000085
196.1484557	0.0000102
196.2318167	0.0000086
196.3151777	0.0000102
196.3985387	0.0000115
196.4818997	0.0000068
196.5652607	0.0000086
196.6486217	0.0000098
196.7319827	0.0000081
196.8153437	0.0000168
196.8987047	0.0000072
196.9820658	0.0000094
197.0654268	0.0000094
197.1487878	0.0000100
197.2321488	0.0000114
197.3155098	0.0000104
197.3988708	0.0000125
197.4822318	0.0000082
197.5655928	0.0000037
197.6489538	0.0000100
197.7323148	0.0000069
197.8156759	0.0000095
197.8990369	0.0000105
197.9823979	0.0000082
198.0657589	0.0000092
198.1491199	0.0000160
198.2324809	0.0000090
198.3158419	0.0000102
198.3992029	0.0000117
198.4825639	0.0000129
198.5659249	0.0000058
198.6492860	0.0000089
198.7326470	0.0000110
198.8160080	0.0000144
198.8993690	0.0000093
198.9827300	0.0000106
199.0660910	0.0000097
199.1494520	0.0000124
199.2328130	0.0000161
199.3161740	0.0000160
199.3995350	0.0000137
199.4828960	0.0000132
199.5662571	0.0000074
199.6496181	0.0000108
199.7329791	0.0000122
199.8163401	0.0000127
199.8997011	0.0000131
199.9830621	0.0000111
200.0664231	0.0000182
200.1497841	0.0000142
200.2331451	0.0000150
200.3165061	0.0000141
200.3998672	0.0000137
200.4832282	0.0000113
200.5665892	0.0000056
200.6499502	0.0000093
200.7333112	0.0000104
200.8166722	0.0000096
200.9000332	0.0000104
200.9833942	0.0000099
201.0667552	0.0000119
201.1501162	0.0000090
201.2334773	0.0000089
201.3168383	0.0000102
201.4001993	0.0000074
201.4835603	0.0000100
201.5669213	0.0000043
201.6502823	0.0000083
201.7336433	0.0000092
201.8170043	0.0000088
201.9003653	0.0000072
201.9837263	0.0000077
202.0670873	0.0000064
202.1504484	0.0000074
202.2338094	0.0000080
202.3171704	0.0000086
202.4005314	0.0000047
202.4838924	0.0000079
202.5672534	0.0000033
202.6506144	0.0000047
202.7339754	0.0000105
202.8173364	0.0000052
202.9006974	0.0000082
202.9840585	0.0000060
203.0674195	0.0000069
203.1507805	0.0000077
203.2341415	0.0000110
203.3175025	0.0000071
203.4008635	0.0000056
203.4842245	0.0000084
203.5675855	0.0000057
203.6509465	0.0000071
203.7343075	0.0000079
203.8176685	0.0000071
203.9010296	0.0000093
203.9843906	0.0000070
204.0677516	0.0000074
204.1511126	0.0000114
204.2344736	0.0000102
204.3178346	0.0000112
204.4011956	0.0000099
204.4845566	0.0000090
204.5679176	0.0000080
204.6512786	0.0000083
204.7346397	0.0000090
204.8180007	0.0000099
204.9013617	0.0000087
204.9847227	0.0000089
205.0680837	0.0000084
205.1514447	0.0000079
205.2348057	0.0000112
205.3181667	0.0000105
205.4015277	0.0000062
205.4848887	0.0000099
205.5682498	0.0000032
205.6516108	0.0000077
205.7349718	0.0000117
205.8183328	0.0000084
205.9016938	0.0000088
205.9850548	0.0000075
206.0684158	0.0000073
206.1517768	0.0000081
206.2351378	0.0000114
206.3184988	0.0000068
206.4018598	0.0000093
206.4852209	0.0000074
206.5685819	0.0000044
206.6519429	0.0000071
206.7353039	0.0000103
206.8186649	0.0000108
206.9020259	0.0000062
206.9853869	0.0000084
207.0687479	0.0000084
207.1521089	0.0000068
207.2354699	0.0000108
207.3188310	0.0000097
207.4021920	0.0000092
207.4855530	0.0000061
207.5689140	0.0000086
207.6522750	0.0000071
207.7356360	0.0000089
207.8189970	0.0000084
207.9023580	0.0000157
207.9857190	0.0000081
208.0690800	0.0000155
208.1524410	0.0000125
208.2358021	0.0000193
208.3191631	0.0000167
208.4025241	0.0000235
208.4858851	0.0000182
208.5692461	0.0000142
208.6526071	0.0000197
208.7359681	0.0000151
208.8193291	0.0000156
208.9026901	0.0000159
208.9860511	0.0000134
209.0694122	0.0000123
209.1527732	0.0000153
209.2361342	0.0000131
209.3194952	0.0000168
209.4028562	0.0000137
209.4862172	0.0000115
209.5695782	0.0000093
209.6529392	0.0000094
209.7363002	0.0000116
209.8196612	0.0000094
209.9030223	0.0000114
209.9863833	0.0000103
210.0697443	0.0000106
210.1531053	0.0000105
210.2364663	0.0000108
210.3198273	0.0000122
210.4031883	0.0000093
210.4865493	0.0000099
210.5699103	0.0000107
210.6532713	0.0000081
210.7366323	0.0000111
210.8199934	0.0000084
210.9033544	0.0000099
210.9867154	0.0000085
211.0700764	0.0000082
211.1534374	0.0000165
211.2367984	0.0000133
211.3201594	0.0000133
211.4035204	0.0000110
211.4868814	0.0000169
211.5702424	0.0000063
211.6536035	0.0000103
211.7369645	0.0000106
211.8203255	0.0000097
211.9036865	0.0000138
211.9870475	0.0000082
212.0704085	0.0000087
212.1537695	0.0000119
212.2371305	0.0000091
212.3204915	0.0000092
212.4038525	0.0000140
212.4872136	0.0000117
212.5705746	0.0000054
212.6539356	0.0000097
212.7372966	0.0000113
212.8206576	0.0000074
212.9040186	0.0000120
212.9873796	0.0000080
213.0707406	0.0000093
213.1541016	0.0000081
213.2374626	0.0000106
213.3208236	0.0000110
213.4041847	0.0000055
213.4875457	0.0000122
213.5709067	0.0000061
213.6542677	0.0000089
213.7376287	0.0000085
213.8209897	0.0000064
213.9043507	0.0000123
213.9877117	0.0000095
214.0710727	0.0000082
214.1544337	0.0000092
214.2377948	0.0000097
214.3211558	0.0000143
214.4045168	0.0000128
214.4878778	0.0000105
214.5712388	0.0000093
214.6545998	0.0000112
214.7379608	0.0000111
214.8213218	0.0000090
214.9046828	0.0000128
214.9880438	0.0000092
215.0714048	0.0000103
215.1547659	0.0000158
215.2381269	0.0000145
215.3214879	0.0000142
215.4048489	0.0000133
215.4882099	0.0000107
215.5715709	0.0000082
215.6549319	0.0000122
215.7382929	0.0000116
215.8216539	0.0000111
215.9050149	0.0000111
215.9883760	0.0000132
216.0717370	0.0000152
216.1550980	0.0000193
216.2384590	0.0000152
216.3218200	0.0000164
216.4051810	0.0000190
216.4885420	0.0000098
216.5719030	0.0000079
216.6552640	0.0000116
216.7386250	0.0000114
216.8219861	0.0000098
216.9053471	0.0000103
216.9887081	0.0000117
217.0720691	0.0000085
217.1554301	0.0000112
217.2387911	0.0000134
217.3221521	0.0000140
217.4055131	0.0000109
217.4888741	0.0000087
217.5722351	0.0000090
217.6555961	0.0000092
217.7389572	0.0000100
217.8223182	0.0000091
217.9056792	0.0000096
217.9890402	0.0000100
218.0724012	0.0000071
218.1557622	0.0000122
218.2391232	0.0000086
218.3224842	0.0000122
218.4058452	0.0000069
218.4892062	0.0000058
218.5725673	0.0000063
218.6559283	0.0000094
218.7392893	0.0000086
218.8226503	0.0000070
218.9060113	0.0000083
218.9893723	0.0000066
219.0727333	0.0000095
219.1560943	0.0000117
219.2394553	0.0000071
219.3228163	0.0000096
219.4061773	0.0000108
219.4895384	0.0000040
219.5728994	0.0000034
219.6562604	0.0000060
219.7396214	0.0000101
219.8229824	0.0000089
219.9063434	0.0000064
219.9897044	0.0000109
220.0730654	0.0000078
220.1564264	0.0000150
220.2397874	0.0000107
220.3231485	0.0000110
220.4065095	0.0000075
220.4898705	0.0000104
220.5732315	0.0000069
220.6565925	0.0000075
220.7399535	0.0000094
220.8233145	0.0000130
220.9066755	0.0000079
220.9900365	0.0000068
221.0733975	0.0000094
221.1567586	0.0000074
221.2401196	0.0000080
221.3234806	0.0000094
221.4068416	0.0000067
221.4902026	0.0000102
221.5735636	0.0000038
221.6569246	0.0000072
221.7402856	0.0000066
221.8236466	0.0000073
221.9070076	0.0000098
221.9903686	0.0000080
222.0737297	0.0000092
222.1570907	0.0000076
222.2404517	0.0000109
222.3238127	0.0000140
222.4071737	0.0000112
222.4905347	0.0000106
222.5738957	0.0000068
222.6572567	0.0000134
222.7406177	0.0000138
222.8239787	0.0000112
222.9073398	0.0000150
222.9907008	0.0000159
223.0740618	0.0000179
223.1574228	0.0000186
223.2407838	0.0000190
223.3241448	0.0000177
223.4075058	0.0000159
223.4908668	0.0000127
223.5742278	0.0000159
223.6575888	0.0000122
223.7409499	0.0000157
223.8243109	0.0000126
223.9076719	0.0000150
223.9910329	0.0000149
224.0743939	0.0000143
224.1577549	0.0000158
224.2411159	0.0000186
224.3244769	0.0000179
224.4078379	0.0000197
224.4911989	0.0000134
224.5745599	0.0000123
224.6579210	0.0000103
224.7412820	0.0000174
224.8246430	0.0000117
224.9080040	0.0000119
224.9913650	0.0000130
225.0747260	0.0000131
225.1580870	0.0000108
225.2414480	0.0000137
225.3248090	0.0000156
225.4081700	0.0000133
225.4915311	0.0000122
225.5748921	0.0000062
225.6582531	0.0000093
225.7416141	0.0000115
225.8249751	0.0000088
225.9083361	0.0000120
225.9916971	0.0000113
226.0750581	0.0000099
226.1584191	0.0000111
226.2417801	0.0000157
226.3251411	0.0000150
226.4085022	0.0000137
226.4918632	0.0000100
226.5752242	0.0000080
226.6585852	0.0000127
226.7419462	0.0000093
226.8253072	0.0000090
226.9086682	0.0000100
226.9920292	0.0000095
227.0753902	0.0000122
227.1587512	0.0000086
227.2421123	0.0000102
227.3254733	0.0000125
227.4088343	0.0000131
227.4921953	0.0000088
227.5755563	0.0000060
227.6589173	0.0000104
227.7422783	0.0000090
227.8256393	0.0000107
227.9090003	0.0000102
227.9923613	0.0000117
228.0757224	0.0000108
228.1590834	0.0000089
228.2424444	0.0000104
228.3258054	0.0000082
228.4091664	0.0000083
228.4925274	0.0000048
228.5758884	0.0000038
228.6592494	0.0000062
228.7426104	0.0000088
228.8259714	0.0000058
228.9093324	0.0000083
228.9926935	0.0000067
229.0760545	0.0000078
229.1594155	0.0000078
229.2427765	0.0000068
229.3261375	0.0000148
229.4094985	0.0000118
229.4928595	0.0000098
229.5762205	0.0000113
229.6595815	0.0000091
229.7429425	0.0000091
229.8263036	0.0000135
229.9096646	0.0000120
229.9930256	0.0000084
230.0763866	0.0000105
230.1597476	0.0000096
230.2431086	0.0000101
230.3264696	0.0000155
230.4098306	0.0000124
230.4931916	0.0000115
230.5765526	0.0000105
230.6599136	0.0000099
230.7432747	0.0000090
230.8266357	0.0000109
230.9099967	0.0000106
230.9933577	0.0000094
231.0767187	0.0000128
231.1600797	0.0000097
231.2434407	0.0000122
231.3268017	0.0000179
231.4101627	0.0000200
231.4935237	0.0000167
231.5768848	0.0000111
231.6602458	0.0000134
231.7436068	0.0000151
231.8269678	0.0000128
231.9103288	0.0000150
231.9936898	0.0000115
232.0770508	0.0000105
232.1604118	0.0000102
232.2437728	0.0000131
232.3271338	0.0000145
232.4104949	0.0000123
232.4938559	0.0000118
232.5772169	0.0000063
232.6605779	0.0000079
232.7439389	0.0000107
232.8272999	0.0000076
232.9106609	0.0000112
232.9940219	0.0000092
233.0773829	0.0000073
233.1607439	0.0000104
233.2441049	0.0000111
233.3274660	0.0000104
233.4108270	0.0000113
233.4941880	0.0000051
233.5775490	0.0000063
233.6609100	0.0000067
233.7442710	0.0000093
233.8276320	0.0000090
233.9109930	0.0000078
233.9943540	0.0000074
234.0777150	0.0000076
234.1610761	0.0000072
234.2444371	0.0000069
234.3277981	0.0000067
234.4111591	0.0000043
234.4945201	0.0000045
234.5778811	0.0000041
234.6612421	0.0000045
234.7446031	0.0000043
234.8279641	0.0000060
234.9113251	0.0000060
234.9946862	0.0000050
235.0780472	0.0000057
235.1614082	0.0000073
235.2447692	0.0000065
235.3281302	0.0000052
235.4114912	0.0000054
235.4948522	0.0000032
235.5782132	0.0000007
235.6615742	0.0000047
235.7449352	0.0000057
235.8282962	0.0000075
235.9116573	0.0000079
235.9950183	0.0000073
236.0783793	0.0000067
236.1617403	0.0000097
236.2451013	0.0000122
236.3284623	0.0000117
236.4118233	0.0000121
236.4951843	0.0000094
236.5785453	0.0000051
236.6619063	0.0000081
236.7452674	0.0000105
236.8286284	0.0000095
236.9119894	0.0000102
236.9953504	0.0000079
237.0787114	0.0000105
237.1620724	0.0000106
237.2454334	0.0000127
237.3287944	0.0000210
237.4121554	0.0000271
237.4955164	0.0000189
237.5788774	0.0000130
237.6622385	0.0000150
237.7455995	0.0000149
237.8289605	0.0000163
237.9123215	0.0000131
237.9956825	0.0000116
238.0790435	0.0000120
238.1624045	0.0000140
238.2457655	0.0000157
238.3291265	0.0000164
238.4124875	0.0000137
238.4958486	0.0000127
238.5792096	0.0000079
238.6625706	0.0000111
238.7459316	0.0000106
238.8292926	0.0000100
238.9126536	0.0000116
238.9960146	0.0000100
239.0793756	0.0000080
239.1627366	0.0000090
239.2460976	0.0000092
239.3294587	0.0000095
239.4128197	0.0000065
239.4961807	0.0000061
239.5795417	0.0000061
239.6629027	0.0000050
239.7462637	0.0000064
239.8296247	0.0000127
239.9129857	0.0000070
239.9963467	0.0000058
240.0797077	0.0000089
240.1630687	0.0000077
240.2464298	0.0000110
240.3297908	0.0000113
240.4131518	0.0000115
240.4965128	0.0000071
240.5798738	0.0000080
240.6632348	0.0000074
240.7465958	0.0000079
240.8299568	0.0000096
240.9133178	0.0000069
240.9966788	0.0000072
241.0800399	0.0000076
241.1634009	0.0000102
241.2467619	0.0000077
241.3301229	0.0000081
241.4134839	0.0000084
241.4968449	0.0000061
241.5802059	0.0000047
241.6635669	0.0000072
241.7469279	0.0000092
241.8302889	0.0000066
241.9136500	0.0000114
241.9970110	0.0000070
242.0803720	0.0000060
242.1637330	0.0000114
242.2470940	0.0000081
242.3304550	0.0000104
242.4138160	0.0000075
242.4971770	0.0000075
242.5805380	0.0000034
242.6638990	0.0000078
242.7472600	0.0000082
242.8306211	0.0000066
242.9139821	0.0000077
242.9973431	0.0000075
243.0807041	0.0000080
243.1640651	0.0000070
243.2474261	0.0000089
243.3307871	0.0000092
243.4141481	0.0000079
243.4975091	0.0000053
243.5808701	0.0000049
243.6642312	0.0000069
243.7475922	0.0000071
243.8309532	0.0000093
243.9143142	0.0000069
243.9976752	0.0000087
244.0810362	0.0000064
244.1643972	0.0000067
244.2477582	0.0000065
244.3311192	0.0000085
244.4144802	0.0000090
244.4978412	0.0000020
244.5812023	0.0000016
244.6645633	0.0000080
244.7479243	0.0000081
244.8312853	0.0000091
244.9146463	0.0000104
244.9980073	0.0000073
245.0813683	0.0000107
245.1647293	0.0000125
245.2480903	0.0000119
245.3314513	0.0000118
245.4148124	0.0000089
245.4981734	0.0000065
245.5815344	0.0000049
245.6648954	0.0000088
245.7482564	0.0000089
245.8316174	0.0000133
245.9149784	0.0000090
245.9983394	0.0000090
246.0817004	0.0000091
246.1650614	0.0000092
246.2484225	0.0000100
246.3317835	0.0000116
246.4151445	0.0000121
246.4985055	0.0000087
246.5818665	0.0000089
246.6652275	0.0000131
246.7485885	0.0000130
246.8319495	0.0000111
246.9153105	0.0000124
246.9986715	0.0000133
247.0820325	0.0000134
247.1653936	0.0000209
247.2487546	0.0000152
247.3321156	0.0000186
247.4154766	0.0000121
247.4988376	0.0000101
247.5821986	0.0000124
247.6655596	0.0000101
247.7489206	0.0000097
247.8322816	0.0000095
247.9156426	0.0000100
247.9990037	0.0000113
248.0823647	0.0000100
248.1657257	0.0000086
248.2490867	0.0000115
248.3324477	0.0000129
248.4158087	0.0000096
248.4991697	0.0000080
248.5825307	0.0000084
248.6658917	0.0000083
248.7492527	0.0000081
248.8326137	0.0000105
248.9159748	0.0000071
248.9993358	0.0000085
249.0826968	0.0000074
249.1660578	0.0000101
249.2494188	0.0000065
249.3327798	0.0000105
249.4161408	0.0000110
249.4995018	0.0000080
249.5828628	0.0000065
249.6662238	0.0000112
249.7495849	0.0000082
249.8329459	0.0000120
249.9163069	0.0000100
249.9996679	0.0000084
250.0830289	0.0000088
250.1663899	0.0000085
250.2497509	0.0000095
250.3331119	0.0000121
250.4164729	0.0000148
250.4998339	0.0000069
250.5831950	0.0000045
250.6665560	0.0000078
250.7499170	0.0000127
250.8332780	0.0000127
250.9166390	0.0000126
251.0000000	0.0000110
