# time(yr)	T(C)
0.0000000	272.7545471
0.0833610	271.0911560
0.1667220	278.7372437
0.2500830	289.9292603
0.3334440	295.3309631
0.4168050	301.9284668
0.5001661	302.7982483
0.5835271	304.7876892
0.6668881	302.3430786
0.7502491	292.6097412
0.8336101	284.7182312
0.9169711	276.1052856
1.0003321	272.1436768
1.0836931	273.4556885
1.1670541	281.9337463
1.2504151	286.9743347
1.3337762	297.1036072
1.4171372	300.6233215
1.5004982	306.4804077
1.5838592	302.5112305
1.6672202	299.2474365
1.7505812	289.9791260
1.8339422	280.6549072
1.9173032	275.6634521
2.0006642	272.7114868
2.0840252	273.4179077
2.1673863	276.3366699
2.2507473	289.8652039
2.3341083	293.1900330
2.4174693	302.6643372
2.5008303	305.7671204
2.5841913	309.0246277
2.6675523	300.8400879
2.7509133	291.8087769
2.8342743	282.2218323
2.9176353	275.6460571
3.0009963	272.0751038
3.0843574	278.2392883
3.1677184	281.0326538
3.2510794	291.1850281
3.3344404	298.0267029
3.4178014	304.5911560
3.5011624	305.1902771
3.5845234	307.3711548
3.6678844	301.1235046
3.7512454	290.9584045
3.8346064	285.2639160
3.9179675	277.2805481
4.0013285	275.8641663
4.0846895	278.3504639
4.1680505	275.0948486
4.2514115	289.2416687
4.3347725	296.1997986
4.4181335	300.0208740
4.5014945	304.4645386
4.5848555	307.7365723
4.6682165	299.7600098
4.7515775	290.2149353
4.8349386	281.0766602
4.9182996	275.4721680
5.0016606	273.8204651
5.0850216	279.3067932
5.1683826	282.1401978
5.2517436	291.8320923
5.3351046	296.6109009
5.4184656	297.6645813
5.5018266	304.7442322
5.5851876	303.8855896
5.6685487	298.9007568
5.7519097	290.5537720
5.8352707	278.3376160
5.9186317	271.6708984
6.0019927	266.5604858
6.0853537	268.0999146
6.1687147	275.5633545
6.2520757	286.9895020
6.3354367	296.7004700
6.4187977	302.3054199
6.5021588	309.5063477
6.5855198	308.7688599
6.6688808	299.3653259
6.7522418	289.8639221
6.8356028	281.4954834
6.9189638	275.8549500
7.0023248	272.1453552
7.0856858	277.5359192
7.1690468	285.0841675
7.2524078	291.7023621
7.3357688	294.5376282
7.4191299	302.9517212
7.5024909	306.2006226
7.5858519	306.8131409
7.6692129	301.7929382
7.7525739	291.2291565
7.8359349	282.2847290
7.9192959	276.3968506
8.0026569	270.9591370
8.0860179	265.4910889
8.1693789	279.1962585
8.2527400	289.3466797
8.3361010	293.3555603
8.4194620	301.4905701
8.5028230	304.2624817
8.5861840	305.3206177
8.6695450	297.7351685
8.7529060	290.4990540
8.8362670	282.2395325
8.9196280	275.0978699
9.0029890	271.5421448
9.0863500	272.1106873
9.1697111	283.1289368
9.2530721	289.3229980
9.3364331	297.6995239
9.4197941	301.5196228
9.5031551	306.5800476
9.5865161	307.7090759
9.6698771	300.0862122
9.7532381	288.9431152
9.8365991	282.2677002
9.9199601	270.8330994
10.0033212	266.6697693
10.0866822	271.0796204
10.1700432	278.5022583
10.2534042	286.9321594
10.3367652	295.5662537
10.4201262	301.5167236
10.5034872	309.2608032
10.5868482	310.1700134
10.6702092	298.4649353
10.7535702	291.6555176
10.8369313	281.8776855
10.9202923	276.9404297
11.0036533	271.5919800
11.0870143	273.6708069
11.1703753	282.1460876
11.2537363	288.6486816
11.3370973	296.3186340
11.4204583	301.0473938
11.5038193	308.4970703
11.5871803	307.1247253
11.6705413	300.9505005
11.7539024	292.3880310
11.8372634	282.4380798
11.9206244	275.4432678
12.0039854	273.5111084
12.0873464	272.7121582
12.1707074	282.5859680
12.2540684	286.0695190
12.3374294	292.7989502
12.4207904	298.3525391
12.5041514	303.6312256
12.5875125	302.6091003
12.6708735	297.5730896
12.7542345	289.5405579
12.8375955	278.5914307
12.9209565	273.7113953
13.0043175	267.8662109
13.0876785	267.5099487
13.1710395	277.3874512
13.2544005	289.7030029
13.3377615	296.0012207
13.4211226	297.2133484
13.5044836	303.9543152
13.5878446	304.3793335
13.6712056	301.2479248
13.7545666	292.0480347
13.8379276	279.5528259
13.9212886	273.8586426
14.0046496	269.8511047
14.0880106	261.0514526
14.1713716	277.1407471
14.2547326	287.9600220
14.3380937	299.1995239
14.4214547	302.0722961
14.5048157	308.6495361
14.5881767	306.2108765
14.6715377	296.5845947
14.7548987	292.2379761
14.8382597	283.8963928
14.9216207	276.4769287
15.0049817	271.9209595
15.0883427	270.9705811
15.1717038	279.1044922
15.2550648	289.6593018
15.3384258	298.9861755
15.4217868	302.7952881
15.5051478	306.3948975
15.5885088	305.2294312
15.6718698	301.1356812
15.7552308	289.7567444
15.8385918	281.7626038
15.9219528	272.6860657
16.0053138	266.1163025
16.0886749	265.9028625
16.1720359	269.8691711
16.2553969	286.6425781
16.3387579	292.8532715
16.4221189	298.3652954
16.5054799	305.0631104
16.5888409	305.8379517
16.6722019	297.6130066
16.7555629	289.8227234
16.8389239	280.8330078
16.9222850	269.8650818
17.0056460	267.5661011
17.0890070	271.9476318
17.1723680	273.8419800
17.2557290	289.0354309
17.3390900	293.7364197
17.4224510	297.7278137
17.5058120	302.1040955
17.5891730	303.3333740
17.6725340	300.3403931
17.7558951	288.4937134
17.8392561	282.7858276
17.9226171	275.4966125
18.0059781	272.1674500
18.0893391	276.1434937
18.1727001	279.1189880
18.2560611	288.7381592
18.3394221	296.3478088
18.4227831	301.0710144
18.5061441	302.0630493
18.5895051	304.6357422
18.6728662	297.9811401
18.7562272	290.4219971
18.8395882	280.8962097
18.9229492	275.8517456
19.0063102	274.0402527
19.0896712	274.2232056
19.1730322	282.7825623
19.2563932	291.0545654
19.3397542	295.3864136
19.4231152	298.1660767
19.5064763	303.1738892
19.5898373	305.0962830
19.6731983	299.1795959
19.7565593	292.0922241
19.8399203	284.1922913
19.9232813	277.2546387
20.0066423	271.0592651
20.0900033	276.2090149
20.1733643	281.4427795
20.2567253	290.2303772
20.3400864	296.8927002
20.4234474	303.7051086
20.5068084	307.4390869
20.5901694	310.3848877
20.6735304	299.4849548
20.7568914	291.4718628
20.8402524	281.1862488
20.9236134	269.2308960
21.0069744	269.5248718
21.0903354	264.5392456
21.1736964	280.7005920
21.2570575	291.6815186
21.3404185	295.5551453
21.4237795	299.7915649
21.5071405	302.3967285
21.5905015	305.9007874
21.6738625	300.8980408
21.7572235	290.3254395
21.8405845	287.3447266
21.9239455	280.1167603
22.0073065	274.5692749
22.0906676	272.1791992
22.1740286	286.7510681
22.2573896	289.1996460
22.3407506	296.8015747
22.4241116	301.4100647
22.5074726	306.5115662
22.5908336	306.0904846
22.6741946	302.7463379
22.7575556	293.0521545
22.8409166	282.0563049
22.9242776	270.6943054
23.0076387	265.2967529
23.0909997	265.2917175
23.1743607	278.9912720
23.2577217	290.3783569
23.3410827	297.2645569
23.4244437	301.5087280
23.5078047	307.7382202
23.5911657	307.9536133
23.6745267	298.7592468
23.7578877	289.0952148
23.8412488	279.3314819
23.9246098	270.3455200
24.0079708	267.4434204
24.0913318	265.4039917
24.1746928	275.2521362
24.2580538	291.6025696
24.3414148	296.8901672
24.4247758	299.9236755
24.5081368	304.5534668
24.5914978	305.8194885
24.6748589	299.8463135
24.7582199	288.1881409
24.8415809	278.0982971
24.9249419	271.7062073
25.0083029	266.2054138
25.0916639	264.7950439
25.1750249	267.2375183
25.2583859	287.9754333
25.3417469	292.9654541
25.4251079	297.2470703
25.5084689	301.4574890
25.5918300	304.0697021
25.6751910	299.6885986
25.7585520	292.0492249
25.8419130	282.6454773
25.9252740	271.9759216
26.0086350	272.2563171
26.0919960	268.7871094
26.1753570	275.8923950
26.2587180	285.6202087
26.3420790	296.3703308
26.4254401	295.7851562
26.5088011	302.0751648
26.5921621	304.3710022
26.6755231	300.3815308
26.7588841	291.3896484
26.8422451	280.8898926
26.9256061	276.9650269
27.0089671	269.0257568
27.0923281	261.6867371
27.1756891	267.5221558
27.2590501	281.8197937
27.3424112	295.7239380
27.4257722	298.4685059
27.5091332	302.0759583
27.5924942	304.2685242
27.6758552	298.7138977
27.7592162	289.2594910
27.8425772	281.9136353
27.9259382	272.5463257
28.0092992	270.4575500
28.0926602	269.1796875
28.1760213	273.8051147
28.2593823	287.1056213
28.3427433	294.2322998
28.4261043	301.6713562
28.5094653	307.9870605
28.5928263	306.5360413
28.6761873	300.3756714
28.7595483	290.6740112
28.8429093	284.1575928
28.9262703	275.3723450
29.0096314	275.5526733
29.0929924	272.9284973
29.1763534	282.1453247
29.2597144	290.1807861
29.3430754	292.8669739
29.4264364	298.0846558
29.5097974	301.5000916
29.5931584	305.1151123
29.6765194	299.7056885
29.7598804	290.5001526
29.8432414	278.2346191
29.9266025	271.4529724
30.0099635	264.1291199
30.0933245	269.2963562
30.1766855	275.8237000
30.2600465	285.2061768
30.3434075	296.3135376
30.4267685	298.7640991
30.5101295	304.7420654
30.5934905	305.1023865
30.6768515	302.9411011
30.7602126	290.6029663
30.8435736	283.8803101
30.9269346	275.8060303
31.0102956	273.1233215
31.0936566	275.0360718
31.1770176	279.4881592
31.2603786	289.0244751
31.3437396	294.3879395
31.4271006	298.9500427
31.5104616	304.8745728
31.5938227	304.1390991
31.6771837	299.5705872
31.7605447	288.2781067
31.8439057	278.8371582
31.9272667	276.8511047
32.0106277	273.4827576
32.0939887	271.9947205
32.1773497	282.6108704
32.2607107	290.0786743
32.3440717	294.7862854
32.4274327	299.0946045
32.5107938	304.6274719
32.5941548	305.6906128
32.6775158	302.1126404
32.7608768	287.8530273
32.8442378	280.3328857
32.9275988	274.6705322
33.0109598	274.6593323
33.0943208	272.7138367
33.1776818	275.1695862
33.2610428	289.1502991
33.3444039	295.0826721
33.4277649	301.7060547
33.5111259	306.8631897
33.5944869	305.5421753
33.6778479	296.2224121
33.7612089	289.2164001
33.8445699	284.3455505
33.9279309	274.5626526
34.0112919	266.8648987
34.0946529	264.0612793
34.1780139	272.0782776
34.2613750	284.8555603
34.3447360	295.1029663
34.4280970	296.4031372
34.5114580	305.3316345
34.5948190	300.8539429
34.6781800	300.9702454
34.7615410	290.9480591
34.8449020	281.8389587
34.9282630	271.6964111
35.0116240	261.3515625
35.0949851	266.1361084
35.1783461	270.1763306
35.2617071	286.1494446
35.3450681	295.6502075
35.4284291	296.0126343
35.5117901	302.9646606
35.5951511	301.3742981
35.6785121	298.5553589
35.7618731	289.1060181
35.8452341	281.5720520
35.9285952	271.1343079
36.0119562	267.8728638
36.0953172	273.0415039
36.1786782	276.2174072
36.2620392	289.2719116
36.3454002	293.7344055
36.4287612	298.2253723
36.5121222	305.9442139
36.5954832	304.9523621
36.6788442	299.4490662
36.7622052	286.5747070
36.8455663	282.2767944
36.9289273	272.7399597
37.0122883	265.7220154
37.0956493	268.0915833
37.1790103	277.7586670
37.2623713	289.1095581
37.3457323	296.7604675
37.4290933	300.9815063
37.5124543	307.6989746
37.5958153	309.3761902
37.6791764	298.8609619
37.7625374	291.6962891
37.8458984	277.3944702
37.9292594	273.4226074
38.0126204	268.5747070
38.0959814	270.4140015
38.1793424	278.1448669
38.2627034	288.8939209
38.3460644	293.9860840
38.4294254	296.3059387
38.5127864	303.2249146
38.5961475	304.2344666
38.6795085	299.1553955
38.7628695	290.6626892
38.8462305	278.7591553
38.9295915	276.2294922
39.0129525	271.8862610
39.0963135	270.3851013
39.1796745	285.0442200
39.2630355	290.4572449
39.3463965	295.4495544
39.4297576	299.8763733
39.5131186	306.3294373
39.5964796	304.7975464
39.6798406	296.2816772
39.7632016	291.1548157
39.8465626	280.2986145
39.9299236	270.2083740
40.0132846	259.5600586
40.0966456	259.1890564
40.1800066	272.7854614
40.2633677	288.9417419
40.3467287	295.4671936
40.4300897	299.3042908
40.5134507	306.1732178
40.5968117	305.3730164
40.6801727	300.7653198
40.7635337	292.2995605
40.8468947	282.1814880
40.9302557	272.8344421
41.0136167	266.8569946
41.0969777	271.9730530
41.1803388	283.3391418
41.2636998	289.3876953
41.3470608	293.6300049
41.4304218	298.3927002
41.5137828	306.4826660
41.5971438	308.3087463
41.6805048	302.4998169
41.7638658	288.0212708
41.8472268	283.0386963
41.9305878	275.5994263
42.0139489	269.2812500
42.0973099	266.0479736
42.1806709	274.0905762
42.2640319	291.3695068
42.3473929	294.4876099
42.4307539	299.0992737
42.5141149	306.4665222
42.5974759	304.0168457
42.6808369	300.4237366
42.7641979	291.0950012
42.8475590	281.3350830
42.9309200	274.2141113
43.0142810	271.5342102
43.0976420	271.7887878
43.1810030	278.8399658
43.2643640	289.7588501
43.3477250	294.1002808
43.4310860	297.5156250
43.5144470	302.9616699
43.5978080	302.9089661
43.6811690	302.0687256
43.7645301	289.3280640
43.8478911	282.5660706
43.9312521	276.2551880
44.0146131	268.8931580
44.0979741	270.8179626
44.1813351	272.6454468
44.2646961	286.1026917
44.3480571	293.2190247
44.4314181	300.7375793
44.5147791	303.6378784
44.5981402	303.7805176
44.6815012	299.0122681
44.7648622	291.2412109
44.8482232	279.4631958
44.9315842	271.4553833
45.0149452	269.9016113
45.0983062	275.1446838
45.1816672	281.9661865
45.2650282	286.7886658
45.3483892	294.2475891
45.4317502	296.9681702
45.5151113	304.0458374
45.5984723	309.2528381
45.6818333	299.9068604
45.7651943	290.8248596
45.8485553	282.0886230
45.9319163	276.8588562
46.0152773	269.8565979
46.0986383	271.4946289
46.1819993	274.2730103
46.2653603	288.6373291
46.3487214	293.1719055
46.4320824	297.1840820
46.5154434	305.3094482
46.5988044	304.3944092
46.6821654	298.5511169
46.7655264	291.6554565
46.8488874	280.5318604
46.9322484	274.5322876
47.0156094	263.5184631
47.0989704	262.2103577
47.1823315	276.3081970
47.2656925	288.1680908
47.3490535	295.2738953
47.4324145	301.1130066
47.5157755	302.3535156
47.5991365	303.1698303
47.6824975	298.5214539
47.7658585	293.5080872
47.8492195	279.4498596
47.9325805	272.9594727
48.0159415	272.5472107
48.0993026	271.5552673
48.1826636	281.0500488
48.2660246	286.5029602
48.3493856	294.5700684
48.4327466	296.2106018
48.5161076	305.1400452
48.5994686	304.1016235
48.6828296	302.0019226
48.7661906	289.8993530
48.8495516	283.5245056
48.9329127	273.9017944
49.0162737	270.5111389
49.0996347	273.7696838
49.1829957	279.8700562
49.2663567	289.5733948
49.3497177	297.4873962
49.4330787	299.1286621
49.5164397	305.1980286
49.5998007	304.6411133
49.6831617	297.4902344
49.7665227	290.6477051
49.8498838	276.7589111
49.9332448	268.2691956
50.0166058	268.5240479
50.0999668	268.6539612
50.1833278	278.7496948
50.2666888	289.0214233
50.3500498	295.2273865
50.4334108	297.8334961
50.5167718	302.6864929
50.6001328	304.7979126
50.6834939	299.5033264
50.7668549	290.0643616
50.8502159	281.3288574
50.9335769	273.9992371
51.0169379	268.8414917
51.1002989	268.1221619
51.1836599	269.0370789
51.2670209	284.3382568
51.3503819	295.2445984
51.4337429	297.0797119
51.5171040	305.1473389
51.6004650	304.6517334
51.6838260	300.9340210
51.7671870	288.8930054
51.8505480	282.5605469
51.9339090	269.2712097
52.0172700	268.5676575
52.1006310	270.8528137
52.1839920	272.6958313
52.2673530	286.6062317
52.3507140	295.3333435
52.4340751	296.1627502
52.5174361	301.8908386
52.6007971	304.0325623
52.6841581	296.9011841
52.7675191	291.6036377
52.8508801	280.9352417
52.9342411	274.0368652
53.0176021	273.7481689
53.1009631	278.1911011
53.1843241	281.1032410
53.2676852	294.3564148
53.3510462	292.6580811
53.4344072	298.2629700
53.5177682	302.6509094
53.6011292	300.3622742
53.6844902	299.3204041
53.7678512	291.1076355
53.8512122	280.8421021
53.9345732	272.8884277
54.0179342	264.6642151
54.1012953	264.8722839
54.1846563	269.9752502
54.2680173	278.9138184
54.3513783	293.8056946
54.4347393	297.5514221
54.5181003	301.7786560
54.6014613	303.5581970
54.6848223	296.8213806
54.7681833	290.5371094
54.8515443	282.4793091
54.9349053	275.2518311
55.0182664	264.9749146
55.1016274	260.6212463
55.1849884	268.6449890
55.2683494	288.7470703
55.3517104	295.6466370
55.4350714	296.2871399
55.5184324	302.5657043
55.6017934	303.0654907
55.6851544	298.8655396
55.7685154	289.1881104
55.8518765	283.1877136
55.9352375	276.4291687
56.0185985	270.6793823
56.1019595	271.2260437
56.1853205	279.9706421
56.2686815	287.3251953
56.3520425	293.4334412
56.4354035	297.4949036
56.5187645	300.5927429
56.6021255	304.3010864
56.6854865	299.1069946
56.7688476	290.4824219
56.8522086	281.1750793
56.9355696	270.7023315
57.0189306	270.3011475
57.1022916	273.3268738
57.1856526	281.5881653
57.2690136	287.3722534
57.3523746	294.8090210
57.4357356	297.6717529
57.5190966	300.9382019
57.6024577	304.6668396
57.6858187	298.3337097
57.7691797	288.2955933
57.8525407	282.2185059
57.9359017	271.4621582
58.0192627	274.8396912
58.1026237	279.6477356
58.1859847	283.1587830
58.2693457	290.6854858
58.3527067	293.1710510
58.4360678	297.5935364
58.5194288	302.4692993
58.6027898	301.6524963
58.6861508	299.7895203
58.7695118	290.3923645
58.8528728	282.9053955
58.9362338	273.5108032
59.0195948	271.3669128
59.1029558	266.6500244
59.1863168	275.9492493
59.2696778	288.0674744
59.3530389	295.3613281
59.4363999	297.0285950
59.5197609	303.6062012
59.6031219	303.0559082
59.6864829	299.0856018
59.7698439	289.0077820
59.8532049	281.6118164
59.9365659	274.0523682
60.0199269	263.0920715
60.1032879	265.2518005
60.1866490	276.5923157
60.2700100	287.1912231
60.3533710	292.0540466
60.4367320	299.1373901
60.5200930	301.2268982
60.6034540	305.0734253
60.6868150	297.5231934
60.7701760	290.0074158
60.8535370	279.5173340
60.9368980	274.2815247
61.0202591	264.5410767
61.1036201	271.4093933
61.1869811	273.5458374
61.2703421	283.9184875
61.3537031	295.2204895
61.4370641	297.3308105
61.5204251	305.8153381
61.6037861	305.4179077
61.6871471	301.5634766
61.7705081	293.2642212
61.8538691	283.4735413
61.9372302	276.5121765
62.0205912	274.3020020
62.1039522	270.5139465
62.1873132	276.9468079
62.2706742	287.3337097
62.3540352	296.5958862
62.4373962	301.2326355
62.5207572	303.8197632
62.6041182	306.7748413
62.6874792	300.8081970
62.7708403	290.8044739
62.8542013	279.5754089
62.9375623	268.1924133
63.0209233	265.7022400
63.1042843	270.3900146
63.1876453	273.7633057
63.2710063	289.7918701
63.3543673	293.9195862
63.4377283	297.5813293
63.5210893	303.4691467
63.6044503	303.7141113
63.6878114	299.8115540
63.7711724	289.2275696
63.8545334	281.8829041
63.9378944	274.1873474
64.0212554	272.3999329
64.1046164	273.7062988
64.1879774	278.6047668
64.2713384	289.8662415
64.3546994	294.1557617
64.4380604	295.9610291
64.5214215	303.9078369
64.6047825	304.1795349
64.6881435	297.4082947
64.7715045	290.8637085
64.8548655	281.9355774
64.9382265	272.2293701
65.0215875	271.1562805
65.1049485	270.3814087
65.1883095	285.3106689
65.2716705	291.3917542
65.3550316	292.3288574
65.4383926	297.5358582
65.5217536	304.1495056
65.6051146	308.9719238
65.6884756	298.1653137
65.7718366	288.9157715
65.8551976	281.3388367
65.9385586	271.1920776
66.0219196	268.2800598
66.1052806	269.7690735
66.1886416	272.4312134
66.2720027	283.4958496
66.3553637	294.3214111
66.4387247	298.3220520
66.5220857	302.3638611
66.6054467	299.7427979
66.6888077	300.3742065
66.7721687	289.4242859
66.8555297	278.7949524
66.9388907	270.2234497
67.0222517	266.5450134
67.1056128	272.3754272
67.1889738	280.8096619
67.2723348	289.1504822
67.3556958	291.0274048
67.4390568	296.1650391
67.5224178	300.6182251
67.6057788	306.5730591
67.6891398	298.0141296
67.7725008	289.5891724
67.8558618	277.7996216
67.9392228	272.8658447
68.0225839	265.1785889
68.1059449	265.5596619
68.1893059	279.4552307
68.2726669	287.1232605
68.3560279	292.8576050
68.4393889	297.4873047
68.5227499	299.8140259
68.6061109	303.7288818
68.6894719	298.8264160
68.7728329	288.9969482
68.8561940	284.3152771
68.9395550	272.4733276
69.0229160	273.1027222
69.1062770	272.1626587
69.1896380	267.5379944
69.2729990	283.7240601
69.3563600	293.5443420
69.4397210	296.3233643
69.5230820	302.8937988
69.6064430	305.6619263
69.6898041	300.8225098
69.7731651	292.0355530
69.8565261	282.1526794
69.9398871	272.6314697
70.0232481	272.6517639
70.1066091	272.9701843
70.1899701	277.3783569
70.2733311	290.2889709
70.3566921	293.9023132
70.4400531	298.6023254
70.5234141	301.7255249
70.6067752	304.8564453
70.6901362	298.4527283
70.7734972	289.0090942
70.8568582	280.7265625
70.9402192	269.7189941
71.0235802	271.0980225
71.1069412	270.0285950
71.1903022	273.5331421
71.2736632	281.0947571
71.3570242	290.9920654
71.4403853	298.8198242
71.5237463	300.5658569
71.6071073	301.9393005
71.6904683	297.2846375
71.7738293	293.4543762
71.8571903	283.1468201
71.9405513	271.7443542
72.0239123	271.8220825
72.1072733	275.9983521
72.1906343	278.4058228
72.2739954	286.9822083
72.3573564	290.7873230
72.4407174	297.9758606
72.5240784	299.6284180
72.6074394	305.1155701
72.6908004	295.9123535
72.7741614	286.9584656
72.8575224	284.2783508
72.9408834	274.7405396
73.0242444	266.4635010
73.1076054	270.1715698
73.1909665	277.8427429
73.2743275	290.1023560
73.3576885	294.9915466
73.4410495	297.3464050
73.5244105	302.0176697
73.6077715	302.3554993
73.6911325	295.5640869
73.7744935	290.9480591
73.8578545	283.0134583
73.9412155	274.8028870
74.0245766	265.0256958
74.1079376	269.6455078
74.1912986	277.7492371
74.2746596	288.0646973
74.3580206	292.8489990
74.4413816	295.2666016
74.5247426	304.8154602
74.6081036	301.6339111
74.6914646	295.5968933
74.7748256	289.5586548
74.8581866	281.6788940
74.9415477	278.0466309
75.0249087	274.7387085
75.1082697	274.0672607
75.1916307	280.1911011
75.2749917	285.4250793
75.3583527	293.1308289
75.4417137	297.1650696
75.5250747	299.9695740
75.6084357	305.1168823
75.6917967	297.0276184
75.7751578	289.8033447
75.8585188	279.1825867
75.9418798	273.4902344
76.0252408	272.9375000
76.1086018	273.6846924
76.1919628	279.5839233
76.2753238	287.4851990
76.3586848	292.9531250
76.4420458	297.0050659
76.5254068	301.5201111
76.6087679	304.1603088
76.6921289	295.4289856
76.7754899	290.1138000
76.8588509	279.5306702
76.9422119	273.2806702
77.0255729	269.2232971
77.1089339	272.5293579
77.1922949	280.4607849
77.2756559	291.0133972
77.3590169	293.2875366
77.4423779	298.7117310
77.5257390	305.8375549
77.6091000	308.2355347
77.6924610	301.8739624
77.7758220	291.9319763
77.8591830	281.5877991
77.9425440	275.6920471
78.0259050	273.2566528
78.1092660	277.7726746
78.1926270	280.6857910
78.2759880	292.4076843
78.3593491	292.8880920
78.4427101	297.5667419
78.5260711	302.7559814
78.6094321	301.8453369
78.6927931	297.4310303
78.7761541	290.4635620
78.8595151	280.1208801
78.9428761	276.5399475
79.0262371	274.5756226
79.1095981	269.2862549
79.1929591	280.1300354
79.2763202	288.1373291
79.3596812	293.8117676
79.4430422	299.2451477
79.5264032	306.3984985
79.6097642	307.6703186
79.6931252	299.2683716
79.7764862	293.5985413
79.8598472	279.6570129
79.9432082	274.5843201
80.0265692	268.0150452
80.1099303	263.8451843
80.1932913	268.4535828
80.2766523	289.4338684
80.3600133	295.0163574
80.4433743	296.9811401
80.5267353	298.6144409
80.6100963	304.0031433
80.6934573	299.3015747
80.7768183	293.8744202
80.8601793	287.3569946
80.9435404	275.4078369
81.0269014	272.7555847
81.1102624	276.0812988
81.1936234	277.4749146
81.2769844	286.9353027
81.3603454	294.3274841
81.4437064	300.3523560
81.5270674	303.5764465
81.6104284	306.5350342
81.6937894	303.2338562
81.7771504	289.5021057
81.8605115	278.1326599
81.9438725	271.2223816
82.0272335	267.2751160
82.1105945	266.4698181
82.1939555	271.5508728
82.2773165	288.8419800
82.3606775	292.6619568
82.4440385	295.9927673
82.5273995	303.3588257
82.6107605	305.1195374
82.6941216	300.2830200
82.7774826	287.8642273
82.8608436	277.8081665
82.9442046	277.6562195
83.0275656	267.2859802
83.1109266	269.9184875
83.1942876	270.8052368
83.2776486	288.7043152
83.3610096	295.3327026
83.4443706	296.7140198
83.5277317	300.0516357
83.6110927	301.6347046
83.6944537	301.0860291
83.7778147	290.2763062
83.8611757	282.7439880
83.9445367	267.9272766
84.0278977	267.8254395
84.1112587	267.3651428
84.1946197	277.3955688
84.2779807	291.5491943
84.3613417	295.4585266
84.4447028	298.9607849
84.5280638	302.3989868
84.6114248	302.6017151
84.6947858	301.4066467
84.7781468	293.3765259
84.8615078	281.6863708
84.9448688	276.8454285
85.0282298	272.9296570
85.1115908	275.8865662
85.1949518	282.0650635
85.2783129	290.9117737
85.3616739	296.5280762
85.4450349	300.0632935
85.5283959	305.4355164
85.6117569	305.6466675
85.6951179	298.0322571
85.7784789	289.5070801
85.8618399	281.1408997
85.9452009	276.1850586
86.0285619	269.3704834
86.1119229	274.5380554
86.1952840	282.1906128
86.2786450	285.9229431
86.3620060	294.5203552
86.4453670	299.5390320
86.5287280	304.0024719
86.6120890	306.1478882
86.6954500	298.0349121
86.7788110	289.1944885
86.8621720	282.2665100
86.9455330	273.9346924
87.0288941	275.0043945
87.1122551	272.7586365
87.1956161	279.5226440
87.2789771	290.2081299
87.3623381	294.0822144
87.4456991	297.8291626
87.5290601	301.2643127
87.6124211	303.5975037
87.6957821	298.4144592
87.7791431	291.2098999
87.8625042	282.0781860
87.9458652	276.6573181
88.0292262	269.9699097
88.1125872	272.8670044
88.1959482	273.9255371
88.2793092	285.7905884
88.3626702	296.8654480
88.4460312	297.2517395
88.5293922	303.1809387
88.6127532	303.5699158
88.6961142	298.6088257
88.7794753	286.8851929
88.8628363	282.2642822
88.9461973	274.1270142
89.0295583	271.6326294
89.1129193	268.6230469
89.1962803	272.7904663
89.2796413	289.2132263
89.3630023	292.4457397
89.4463633	296.3713684
89.5297243	301.0218201
89.6130854	304.1127930
89.6964464	296.8605652
89.7798074	291.1347046
89.8631684	284.4991150
89.9465294	273.7555542
90.0298904	271.6208496
90.1132514	268.4478149
90.1966124	282.3963623
90.2799734	288.0828552
90.3633344	296.2308655
90.4466955	299.8394165
90.5300565	304.4272461
90.6134175	305.5447998
90.6967785	298.3436584
90.7801395	290.1362000
90.8635005	280.1610718
90.9468615	273.4636841
91.0302225	271.5195312
91.1135835	268.9693604
91.1969445	276.8663025
91.2803055	290.1333923
91.3636666	293.4990845
91.4470276	299.7749634
91.5303886	305.0282593
91.6137496	307.9659119
91.6971106	298.7724304
91.7804716	292.9367676
91.8638326	280.7940979
91.9471936	272.9449463
92.0305546	271.9151001
92.1139156	276.6131592
92.1972767	278.8609009
92.2806377	286.3895569
92.3639987	296.1751404
92.4473597	297.4558716
92.5307207	305.4043884
92.6140817	306.5547791
92.6974427	299.3495789
92.7808037	288.8245544
92.8641647	280.9352722
92.9475257	272.0161743
93.0308867	271.0646667
93.1142478	272.5558472
93.1976088	275.8814697
93.2809698	289.1541748
93.3643308	293.2636414
93.4476918	297.5293274
93.5310528	300.9674683
93.6144138	302.2547913
93.6977748	296.9456787
93.7811358	292.9224548
93.8644968	283.2619019
93.9478579	277.7608337
94.0312189	276.7513428
94.1145799	272.8459473
94.1979409	279.7886658
94.2813019	287.7123413
94.3646629	293.3211670
94.4480239	298.2383728
94.5313849	303.5259399
94.6147459	303.0653381
94.6981069	298.0433655
94.7814680	288.7446899
94.8648290	279.2868347
94.9481900	271.7960205
95.0315510	269.2440186
95.1149120	264.5837097
95.1982730	268.3333435
95.2816340	286.2326965
95.3649950	295.1932373
95.4483560	297.9743042
95.5317170	299.4236145
95.6150780	303.4503784
95.6984391	296.7619019
95.7818001	293.1120911
95.8651611	278.4665222
95.9485221	273.1039124
96.0318831	269.7062378
96.1152441	272.4107056
96.1986051	278.1105347
96.2819661	289.0297241
96.3653271	294.7283325
96.4486881	295.7171021
96.5320492	300.5155945
96.6154102	304.5319824
96.6987712	300.8239746
96.7821322	289.8336792
96.8654932	279.9778748
96.9488542	267.7025757
97.0322152	265.2546387
97.1155762	267.8352966
97.1989372	274.4182739
97.2822982	289.5515747
97.3656592	296.9543152
97.4490203	297.8453369
97.5323813	301.4814453
97.6157423	302.6876831
97.6991033	298.5526428
97.7824643	291.5205078
97.8658253	284.4548035
97.9491863	272.8308105
98.0325473	274.9276428
98.1159083	274.0828857
98.1992693	271.7901001
98.2826304	287.6466064
98.3659914	294.0643311
98.4493524	296.7891235
98.5327134	303.0722961
98.6160744	304.8866272
98.6994354	296.9362488
98.7827964	289.8495483
98.8661574	280.1079102
98.9495184	272.8992615
99.0328794	269.0835876
99.1162405	269.4683228
99.1996015	265.2445374
99.2829625	280.2912292
99.3663235	293.4469299
99.4496845	297.6990051
99.5330455	300.8807678
99.6164065	302.1425781
99.6997675	296.5808411
99.7831285	287.5188293
99.8664895	283.3800964
99.9498505	274.4465332
100.0332116	270.3547974
100.1165726	265.0409546
100.1999336	276.4301758
100.2832946	290.5419312
100.3666556	293.6389465
100.4500166	297.4065247
100.5333776	304.7492676
100.6167386	305.7476807
100.7000996	299.1130371
100.7834606	290.2253113
100.8668217	277.7100525
100.9501827	270.1287537
101.0335437	269.2951050
101.1169047	270.1337585
101.2002657	272.1454468
101.2836267	288.1298828
101.3669877	292.6539917
101.4503487	297.6875000
101.5337097	301.1298828
101.6170707	301.9811707
101.7004318	296.8631897
101.7837928	289.2657776
101.8671538	282.1029663
101.9505148	274.9838867
102.0338758	273.5558472
102.1172368	272.4328003
102.2005978	281.6517944
102.2839588	287.4143982
102.3673198	292.7545471
102.4506808	296.2608643
102.5340418	300.9875793
102.6174029	303.5861206
102.7007639	297.5133972
102.7841249	290.8825684
102.8674859	279.2203369
102.9508469	272.8020935
103.0342079	266.8608704
103.1175689	264.9229431
103.2009299	270.2680969
103.2842909	282.3285828
103.3676519	293.1570740
103.4510130	299.4493713
103.5343740	301.7828064
103.6177350	302.4351807
103.7010960	299.2562256
103.7844570	290.0211792
103.8678180	282.3407288
103.9511790	270.8987427
104.0345400	271.6776428
104.1179010	275.2589417
104.2012620	277.6794434
104.2846230	284.5138550
104.3679841	296.3564148
104.4513451	297.0046997
104.5347061	301.7097168
104.6180671	302.4870300
104.7014281	297.7695923
104.7847891	288.0921326
104.8681501	281.3519287
104.9515111	275.5659790
105.0348721	266.7852478
105.1182331	266.6936951
105.2015942	276.7447205
105.2849552	289.1735840
105.3683162	294.9310303
105.4516772	297.6649475
105.5350382	300.4761963
105.6183992	306.1249390
105.7017602	299.1181641
105.7851212	288.5630188
105.8684822	280.4989319
105.9518432	273.0696411
106.0352043	272.1394043
106.1185653	271.5189819
106.2019263	282.5274658
106.2852873	285.5621948
106.3686483	295.7850647
106.4520093	295.8966064
106.5353703	301.8535767
106.6187313	302.8970032
106.7020923	297.1272278
106.7854533	289.3485413
106.8688143	283.0357666
106.9521754	273.5809937
107.0355364	267.6206360
107.1188974	269.0632019
107.2022584	272.1146851
107.2856194	283.0680542
107.3689804	294.8832703
107.4523414	299.5556641
107.5357024	302.2410889
107.6190634	302.8167114
107.7024244	297.8292542
107.7857855	291.6866760
107.8691465	282.2985840
107.9525075	272.9999084
108.0358685	269.5673523
108.1192295	269.9430847
108.2025905	277.7036743
108.2859515	288.2084045
108.3693125	292.4360962
108.4526735	297.6869812
108.5360345	301.4393005
108.6193955	300.3562622
108.7027566	300.0580139
108.7861176	287.0915833
108.8694786	284.6037292
108.9528396	276.9606934
109.0362006	265.9856873
109.1195616	269.2747498
109.2029226	275.5623779
109.2862836	288.4515381
109.3696446	292.9141846
109.4530056	298.2894897
109.5363667	300.6175842
109.6197277	306.1286011
109.7030887	299.3399658
109.7864497	290.9342041
109.8698107	280.9855347
109.9531717	273.2563477
110.0365327	268.7049255
110.1198937	271.2048340
110.2032547	280.6334839
110.2866157	288.3512268
110.3699768	293.3302917
110.4533378	297.0464172
110.5366988	301.6503601
110.6200598	300.9783936
110.7034208	300.3798828
110.7867818	288.3962097
110.8701428	277.5737915
110.9535038	269.4688416
111.0368648	268.7115784
111.1202258	273.8162842
111.2035868	285.2616882
111.2869479	289.4273682
111.3703089	293.4226074
111.4536699	299.9159241
111.5370309	301.7455750
111.6203919	306.9021912
111.7037529	297.4249573
111.7871139	291.4431152
111.8704749	280.6366882
111.9538359	273.6052246
112.0371969	269.0260925
112.1205580	268.9969177
112.2039190	278.6465759
112.2872800	285.6881104
112.3706410	294.5333252
112.4540020	300.3804932
112.5373630	303.1370850
112.6207240	305.1365967
112.7040850	297.2108765
112.7874460	288.8988647
112.8708070	279.3214722
112.9541681	273.8049622
113.0375291	270.8967896
113.1208901	264.9389038
113.2042511	272.2481689
113.2876121	287.0446472
113.3709731	295.4151917
113.4543341	297.0888367
113.5376951	298.7246094
113.6210561	301.6088257
113.7044171	297.8873901
113.7877781	289.8306885
113.8711392	282.9168091
113.9545002	274.5586853
114.0378612	272.4906311
114.1212222	272.9619141
114.2045832	278.4336853
114.2879442	287.0416565
114.3713052	295.0031128
114.4546662	297.4462585
114.5380272	303.7365417
114.6213882	302.2745667
114.7047493	300.7471924
114.7881103	292.5760498
114.8714713	283.8504333
114.9548323	273.5896606
115.0381933	272.3976135
115.1215543	273.6329956
115.2049153	280.3958130
115.2882763	290.3889160
115.3716373	293.3074341
115.4549983	296.2639160
115.5383593	301.4466858
115.6217204	303.4114075
115.7050814	297.3274231
115.7884424	290.5864258
115.8718034	282.2839661
115.9551644	271.1633911
116.0385254	264.5178833
116.1218864	263.6497192
116.2052474	266.9476929
116.2886084	283.9638062
116.3719694	294.4064026
116.4553305	297.2192688
116.5386915	303.1495361
116.6220525	303.6365356
116.7054135	302.0952454
116.7887745	289.3041992
116.8721355	279.9192200
116.9554965	276.0086975
117.0388575	272.4498901
117.1222185	265.7871399
117.2055795	278.1502991
117.2889406	289.1559448
117.3723016	293.9227600
117.4556626	298.9949341
117.5390236	303.3410645
117.6223846	306.4221191
117.7057456	296.5132446
117.7891066	292.0768738
117.8724676	279.1898193
117.9558286	271.3559570
118.0391896	269.8129272
118.1225506	265.5972900
118.2059117	274.3153687
118.2892727	290.6878662
118.3726337	294.7047119
118.4559947	295.9680176
118.5393557	301.3467407
118.6227167	305.0949097
118.7060777	298.8572388
118.7894387	288.4924316
118.8727997	280.1592407
118.9561607	274.3863525
119.0395218	270.4621277
119.1228828	272.8647156
119.2062438	281.7925415
119.2896048	286.8862000
119.3729658	292.6086426
119.4563268	297.8635864
119.5396878	300.8891907
119.6230488	303.7536621
119.7064098	297.9740601
119.7897708	288.2953796
119.8731318	281.3331299
119.9564929	273.4404907
120.0398539	265.3972168
120.1232149	270.9006958
120.2065759	276.6588440
120.2899369	289.2928467
120.3732979	292.8328552
120.4566589	297.7033691
120.5400199	299.4046021
120.6233809	296.7983398
120.7067419	296.5665283
120.7901030	289.7869263
120.8734640	278.5788574
120.9568250	273.5542908
121.0401860	271.1813354
121.1235470	271.8816528
121.2069080	265.2029724
121.2902690	281.5829468
121.3736300	293.3468933
121.4569910	294.8876343
121.5403520	300.0195312
121.6237131	301.7247620
121.7070741	297.8212891
121.7904351	291.2994385
121.8737961	281.9097290
121.9571571	275.8432922
122.0405181	274.3839111
122.1238791	272.3030701
122.2072401	278.1477966
122.2906011	286.2778931
122.3739621	292.4720459
122.4573231	298.7411499
122.5406842	302.7832642
122.6240452	303.7946167
122.7074062	301.1858215
122.7907672	289.4557800
122.8741282	279.3751221
122.9574892	272.2020874
123.0408502	276.1029053
123.1242112	272.1110535
123.2075722	275.3192139
123.2909332	284.4140625
123.3742943	294.2609863
123.4576553	298.5915222
123.5410163	302.5364990
123.6243773	302.8980713
123.7077383	298.9590759
123.7910993	292.5715027
123.8744603	282.3307190
123.9578213	276.2045593
124.0411823	270.3187866
124.1245433	266.3551331
124.2079044	269.6520996
124.2912654	287.1277771
124.3746264	295.3244019
124.4579874	295.7502747
124.5413484	300.0933228
124.6247094	301.7500610
124.7080704	297.4291077
124.7914314	285.9417114
124.8747924	279.9691772
124.9581534	271.1775208
125.0415144	266.9552917
125.1248755	268.6297913
125.2082365	272.1656799
125.2915975	287.9439697
125.3749585	292.8370056
125.4583195	295.7008972
125.5416805	300.0453491
125.6250415	304.8121643
125.7084025	297.2428894
125.7917635	289.8813782
125.8751245	283.3338928
125.9584856	272.7961731
126.0418466	264.8057556
126.1252076	264.8928833
126.2085686	267.0364380
126.2919296	280.2378540
126.3752906	293.0736084
126.4586516	296.4418030
126.5420126	299.2641907
126.6253736	298.8808289
126.7087346	296.9822388
126.7920956	288.7619019
126.8754567	277.9922485
126.9588177	272.6503296
127.0421787	270.0995483
127.1255397	260.7412720
127.2089007	269.8462219
127.2922617	279.6343689
127.3756227	292.5226746
127.4589837	295.3773804
127.5423447	299.5105591
127.6257057	300.2178650
127.7090668	297.6988831
127.7924278	289.2955627
127.8757888	277.9154358
127.9591498	272.4175110
128.0425108	275.9016418
128.1258718	274.4146118
128.2092328	283.4834290
128.2925938	288.0466003
128.3759548	293.2533875
128.4593158	295.6178894
128.5426769	299.2250061
128.6260379	301.7725525
128.7093989	295.7835693
128.7927599	288.1508789
128.8761209	281.0442810
128.9594819	274.0173340
129.0428429	267.8048096
129.1262039	271.2655029
129.2095649	275.7870789
129.2929259	282.8251953
129.3762869	293.2610168
129.4596480	296.0579529
129.5430090	297.6290894
129.6263700	299.3269043
129.7097310	299.6144714
129.7930920	288.1294250
129.8764530	279.6053467
129.9598140	270.2964478
130.0431750	264.7832947
130.1265360	265.0915527
130.2098970	276.8011780
130.2932581	287.1042786
130.3766191	289.0110474
130.4599801	295.2482910
130.5433411	300.9574585
130.6267021	300.4795227
130.7100631	299.3773499
130.7934241	290.7897949
130.8767851	279.1268616
130.9601461	273.6508789
131.0435071	265.7961426
131.1268682	267.8050232
131.2102292	273.8257141
131.2935902	291.0862732
131.3769512	292.0334473
131.4603122	299.3224182
131.5436732	299.9844666
131.6270342	303.0483093
131.7103952	300.0720520
131.7937562	290.1354980
131.8771172	281.1304321
131.9604782	274.8512573
132.0438393	272.5188293
132.1272003	271.5944214
132.2105613	278.2369995
132.2939223	290.8388062
132.3772833	294.0303345
132.4606443	296.3347778
132.5440053	301.1295776
132.6273663	301.1714172
132.7107273	296.9192200
132.7940883	289.4669189
132.8774494	280.0557861
132.9608104	270.8723450
133.0441714	266.4441833
133.1275324	271.1424255
133.2108934	277.8959656
133.2942544	292.0388794
133.3776154	292.3362427
133.4609764	296.4845276
133.5443374	299.1167908
133.6276984	301.5978699
133.7110594	299.0563660
133.7944205	288.5919800
133.8777815	283.7481689
133.9611425	272.8341064
134.0445035	268.1561584
134.1278645	262.8019714
134.2112255	278.1722107
134.2945865	289.8776855
134.3779475	294.0511780
134.4613085	297.6137085
134.5446695	302.2634583
134.6280306	300.5778809
134.7113916	296.4397888
134.7947526	292.2100525
134.8781136	279.7882080
134.9614746	276.5333862
135.0448356	273.8703308
135.1281966	272.4101868
135.2115576	274.2317200
135.2949186	285.2672729
135.3782796	291.2133484
135.4616407	295.9607849
135.5450017	301.3976440
135.6283627	305.1481018
135.7117237	301.8268433
135.7950847	289.9024048
135.8784457	277.8029480
135.9618067	273.8699951
136.0451677	274.0231018
136.1285287	274.5146790
136.2118897	279.0985413
136.2952507	290.3869019
136.3786118	294.4799500
136.4619728	293.6694031
136.5453338	302.7484436
136.6286948	304.8655701
136.7120558	301.5661926
136.7954168	288.9934387
136.8787778	280.6346436
136.9621388	275.2434387
137.0454998	274.8321228
137.1288608	266.2316284
137.2122219	280.1550293
137.2955829	287.3127441
137.3789439	292.5523987
137.4623049	297.9718628
137.5456659	301.6717834
137.6290269	306.3054504
137.7123879	301.9882507
137.7957489	288.5095520
137.8791099	281.5895691
137.9624709	276.9561462
138.0458319	272.9809265
138.1291930	267.6156616
138.2125540	279.0085754
138.2959150	291.4106750
138.3792760	291.8537292
138.4626370	297.7502136
138.5459980	304.2356873
138.6293590	302.3784180
138.7127200	297.8710327
138.7960810	288.7304993
138.8794420	281.9448547
138.9628031	275.8497009
139.0461641	267.7078857
139.1295251	269.4039917
139.2128861	283.1255188
139.2962471	288.7336731
139.3796081	292.0975952
139.4629691	297.2438660
139.5463301	298.8326111
139.6296911	303.0767212
139.7130521	298.8873596
139.7964132	287.5695801
139.8797742	280.2065735
139.9631352	271.5752869
140.0464962	270.1351318
140.1298572	265.7183838
140.2132182	274.6155090
140.2965792	291.4067688
140.3799402	292.7485352
140.4633012	296.9536133
140.5466622	300.7498474
140.6300232	305.3672485
140.7133843	298.5235291
140.7967453	290.1060486
140.8801063	281.6917725
140.9634673	274.3536682
141.0468283	273.3208923
141.1301893	273.1885986
141.2135503	284.0752258
141.2969113	291.2989197
141.3802723	295.1917725
141.4636333	298.5103455
141.5469944	301.2532959
141.6303554	304.5926819
141.7137164	302.4522095
141.7970774	292.3326416
141.8804384	277.4177856
141.9637994	273.6853943
142.0471604	270.8984985
142.1305214	269.2824097
142.2138824	276.6715393
142.2972434	289.2232666
142.3806045	293.5802307
142.4639655	296.8100281
142.5473265	300.1672974
142.6306875	302.1669312
142.7140485	299.1600952
142.7974095	289.7835083
142.8807705	279.2283936
142.9641315	274.9034424
143.0474925	266.2482605
143.1308535	268.2086182
143.2142145	269.1454773
143.2975756	280.2001038
143.3809366	295.6860352
143.4642976	295.1777649
143.5476586	298.1011353
143.6310196	300.3437500
143.7143806	297.7010193
143.7977416	291.0967102
143.8811026	281.3035583
143.9644636	273.6165771
144.0478246	273.0457153
144.1311857	268.1319885
144.2145467	276.2217407
144.2979077	288.4364319
144.3812687	292.1858826
144.4646297	295.4418945
144.5479907	299.4856567
144.6313517	299.6233215
144.7147127	300.4250183
144.7980737	292.3542175
144.8814347	282.0297546
144.9647957	272.6825562
145.0481568	269.5987549
145.1315178	275.0019531
145.2148788	281.8967285
145.2982398	287.7918091
145.3816008	293.8135681
145.4649618	295.0123901
145.5483228	301.4476624
145.6316838	304.7498779
145.7150448	298.1396179
145.7984058	290.1703796
145.8817669	281.3444519
145.9651279	275.6604614
146.0484889	272.4646301
146.1318499	273.5450745
146.2152109	276.6790771
146.2985719	288.8033142
146.3819329	293.7660828
146.4652939	297.1996460
146.5486549	300.1616211
146.6320159	301.3622437
146.7153770	299.8489075
146.7987380	292.2686768
146.8820990	280.6441040
146.9654600	272.6224060
147.0488210	271.3224487
147.1321820	268.6259155
147.2155430	274.7140198
147.2989040	284.9530029
147.3822650	294.8532104
147.4656260	296.3815613
147.5489870	301.5840759
147.6323481	302.3315125
147.7157091	296.1524963
147.7990701	287.6939087
147.8824311	281.8371582
147.9657921	275.1500244
148.0491531	270.4382019
148.1325141	271.7634583
148.2158751	280.3313599
148.2992361	291.1191711
148.3825971	296.6481934
148.4659582	298.0561218
148.5493192	301.0271301
148.6326802	302.7501221
148.7160412	299.9219055
148.7994022	290.2058411
148.8827632	284.6817017
148.9661242	274.8934631
149.0494852	271.5431519
149.1328462	270.0457764
149.2162072	270.9036255
149.2995682	287.5390015
149.3829293	292.5566711
149.4662903	296.5901184
149.5496513	300.5364075
149.6330123	302.6148682
149.7163733	299.8196106
149.7997343	296.0214844
149.8830953	280.8633118
149.9664563	274.0108948
150.0498173	273.9517822
150.1331783	272.8725586
150.2165394	283.1540527
150.2999004	287.2291260
150.3832614	294.3265991
150.4666224	297.7148743
150.5499834	301.1455688
150.6333444	303.9241638
150.7167054	301.0244141
150.8000664	290.4749756
150.8834274	281.8348389
150.9667884	277.7215881
151.0501495	271.3989258
151.1335105	265.8159180
151.2168715	279.2722778
151.3002325	290.9553528
151.3835935	295.1592712
151.4669545	298.9041748
151.5503155	301.8667908
151.6336765	306.9150085
151.7170375	297.8344727
151.8003985	290.4928284
151.8837595	282.5074158
151.9671206	272.7772217
152.0504816	268.9214478
152.1338426	273.2382507
152.2172036	274.9549561
152.3005646	291.1813965
152.3839256	295.0424500
152.4672866	299.0917358
152.5506476	302.0601807
152.6340086	304.2752686
152.7173696	299.2610474
152.8007307	290.7793579
152.8840917	284.4717407
152.9674527	274.8773193
153.0508137	273.5269470
153.1341747	276.5283508
153.2175357	282.7695312
153.3008967	289.0502930
153.3842577	296.2284546
153.4676187	298.3843079
153.5509797	303.4676819
153.6343408	307.8709717
153.7177018	299.3221741
153.8010628	290.1890564
153.8844238	283.6653442
153.9677848	273.9445190
154.0511458	265.2263489
154.1345068	269.3955078
154.2178678	275.3747864
154.3012288	288.1596985
154.3845898	294.0840149
154.4679508	297.3144531
154.5513119	303.0085144
154.6346729	303.0147095
154.7180339	300.1695862
154.8013949	293.9312744
154.8847559	283.9010620
154.9681169	274.0228271
155.0514779	272.3366699
155.1348389	277.5061646
155.2181999	284.3121033
155.3015609	289.6477051
155.3849220	294.1713867
155.4682830	296.4166870
155.5516440	301.5342102
155.6350050	302.9035645
155.7183660	299.9498596
155.8017270	292.9304810
155.8850880	281.5007629
155.9684490	276.3500061
156.0518100	277.4425964
156.1351710	277.1160278
156.2185320	281.9160156
156.3018931	288.8783569
156.3852541	293.5943604
156.4686151	298.9437561
156.5519761	303.9968567
156.6353371	306.4444275
156.7186981	301.5244141
156.8020591	295.2622986
156.8854201	280.2917786
156.9687811	273.4735107
157.0521421	270.8029785
157.1355032	271.6226807
157.2188642	279.7257996
157.3022252	284.9544067
157.3855862	294.8611450
157.4689472	298.3020020
157.5523082	302.4678955
157.6356692	304.2944336
157.7190302	301.1189880
157.8023912	293.1076660
157.8857522	286.3248291
157.9691133	275.9151611
158.0524743	270.4579468
158.1358353	270.3602295
158.2191963	278.4141541
158.3025573	287.1594849
158.3859183	295.2044373
158.4692793	298.0289307
158.5526403	301.2935791
158.6360013	301.8176575
158.7193623	299.7569885
158.8027233	291.4358826
158.8860844	281.9538879
158.9694454	277.5545349
159.0528064	271.6528320
159.1361674	276.2762756
159.2195284	282.8984680
159.3028894	290.1463928
159.3862504	295.0430298
159.4696114	297.0124817
159.5529724	298.5774841
159.6363334	304.8270874
159.7196945	296.9994507
159.8030555	290.5363159
159.8864165	283.5426636
159.9697775	275.7511597
160.0531385	276.2025146
160.1364995	277.4292297
160.2198605	281.0084229
160.3032215	289.1025391
160.3865825	295.3969421
160.4699435	299.5565491
160.5533045	303.9028931
160.6366656	307.3617859
160.7200266	300.3483582
160.8033876	294.9539795
160.8867486	279.3329468
160.9701096	274.9289856
161.0534706	276.5148926
161.1368316	273.1453552
161.2201926	278.3372192
161.3035536	289.7877197
161.3869146	293.2277832
161.4702757	299.3157654
161.5536367	303.5198669
161.6369977	303.2130432
161.7203587	298.8843079
161.8037197	291.8959351
161.8870807	280.6207581
161.9704417	276.6478882
162.0538027	270.7846069
162.1371637	277.1231689
162.2205247	279.2220459
162.3038858	290.8679199
162.3872468	295.6405029
162.4706078	298.7088928
162.5539688	304.4496155
162.6373298	305.6954651
162.7206908	302.0571594
162.8040518	290.8316956
162.8874128	279.1061401
162.9707738	276.4973145
163.0541348	277.5309143
163.1374958	277.5722961
163.2208569	285.9169617
163.3042179	290.5736694
163.3875789	293.9785461
163.4709399	299.1829834
163.5543009	304.2672729
163.6376619	306.1201782
163.7210229	298.4293823
163.8043839	291.7607422
163.8877449	280.6597595
163.9711059	276.0858154
164.0544670	271.4847107
164.1378280	273.6955261
164.2211890	277.3171387
164.3045500	288.1409912
164.3879110	294.4458008
164.4712720	298.1842651
164.5546330	304.0527344
164.6379940	306.0278320
164.7213550	300.4907532
164.8047160	293.0979309
164.8880771	282.7456055
164.9714381	274.4952698
165.0547991	268.9700623
165.1381601	270.6613770
165.2215211	284.5783081
165.3048821	293.2357483
165.3882431	293.3404846
165.4716041	299.0397644
165.5549651	307.2066956
165.6383261	310.2571106
165.7216871	300.4508362
165.8050482	292.8564453
165.8884092	282.3818054
165.9717702	272.9092712
166.0551312	273.5621643
166.1384922	277.9815369
166.2218532	280.4552002
166.3052142	289.1480103
166.3885752	294.7836914
166.4719362	296.2063599
166.5552972	302.0519714
166.6386583	305.1197510
166.7220193	296.9609985
166.8053803	290.4089966
166.8887413	282.7174988
166.9721023	277.4126892
167.0554633	273.4459839
167.1388243	274.1107483
167.2221853	280.7306519
167.3055463	288.3364258
167.3889073	294.0783081
167.4722683	300.2514954
167.5556294	306.2369080
167.6389904	307.8260193
167.7223514	303.0573730
167.8057124	290.0877686
167.8890734	282.1621399
167.9724344	278.6942444
168.0557954	272.8662415
168.1391564	270.5072937
168.2225174	283.4909668
168.3058784	286.4247131
168.3892395	296.3231812
168.4726005	300.2048035
168.5559615	304.6803284
168.6393225	307.3342285
168.7226835	302.0588684
168.8060445	295.0991211
168.8894055	286.2378845
168.9727665	275.9395142
169.0561275	270.8869934
169.1394885	272.3225098
169.2228496	277.7065125
169.3062106	288.6325378
169.3895716	294.6370544
169.4729326	300.4425354
169.5562936	304.1275024
169.6396546	306.8740540
169.7230156	301.3089294
169.8063766	292.5178528
169.8897376	282.5417786
169.9730986	278.6009521
170.0564596	272.3892517
170.1398207	268.2239075
170.2231817	276.0891113
170.3065427	289.7804565
170.3899037	293.0249634
170.4732647	297.1979065
170.5566257	302.0602722
170.6399867	305.1437988
170.7233477	303.0014038
170.8067087	292.0939636
170.8900697	284.3181458
170.9734308	275.4945374
171.0567918	270.8085938
171.1401528	274.1731262
171.2235138	278.8980408
171.3068748	288.3909607
171.3902358	295.4031067
171.4735968	298.2107544
171.5569578	303.6336060
171.6403188	306.0974426
171.7236798	302.0310364
171.8070409	289.5882874
171.8904019	282.1986694
171.9737629	273.6950684
172.0571239	273.2346497
172.1404849	272.2942810
172.2238459	282.2161865
172.3072069	290.4541931
172.3905679	294.0485535
172.4739289	297.9399414
172.5572899	303.8107605
172.6406509	306.1466980
172.7240120	301.6600647
172.8073730	291.1217346
172.8907340	284.4063721
172.9740950	277.0096436
173.0574560	270.4548645
173.1408170	280.7716064
173.2241780	284.0888367
173.3075390	292.1211853
173.3909000	295.4005432
173.4742610	298.5544739
173.5576221	304.7691345
173.6409831	308.4563599
173.7243441	302.3342285
173.8077051	292.7760620
173.8910661	281.3501892
173.9744271	276.8365173
174.0577881	270.0101624
174.1411491	276.6080933
174.2245101	281.1181946
174.3078711	289.0591125
174.3912321	295.0305786
174.4745932	297.4975281
174.5579542	302.4820557
174.6413152	301.4112854
174.7246762	297.9891052
174.8080372	292.3456726
174.8913982	284.9845276
174.9747592	275.6452637
175.0581202	272.9898987
175.1414812	276.7333069
175.2248422	283.1051636
175.3082033	290.3982544
175.3915643	293.4924316
175.4749253	296.1445923
175.5582863	302.9290466
175.6416473	302.7059326
175.7250083	297.7307129
175.8083693	293.2048950
175.8917303	279.3869629
175.9750913	275.5803223
176.0584523	277.5620422
176.1418134	277.6631165
176.2251744	285.8223877
176.3085354	293.0309143
176.3918964	294.6566467
176.4752574	300.9158325
176.5586184	307.7313843
176.6419794	308.5595093
176.7253404	299.8294067
176.8087014	294.2691345
176.8920624	285.3182068
176.9754234	279.9475098
177.0587845	273.7908630
177.1421455	270.2057800
177.2255065	280.4468689
177.3088675	287.4801941
177.3922285	295.6917725
177.4755895	296.5090942
177.5589505	302.9852295
177.6423115	304.0837402
177.7256725	299.7657471
177.8090335	290.5074158
177.8923946	282.3952026
177.9757556	276.1906433
178.0591166	271.4275818
178.1424776	272.4582214
178.2258386	278.5168457
178.3091996	285.9417114
178.3925606	294.9571838
178.4759216	298.1390076
178.5592826	303.0532532
178.6426436	303.4333191
178.7260046	297.3793640
178.8093657	291.6479187
178.8927267	281.8599548
178.9760877	273.8449402
179.0594487	274.7254333
179.1428097	276.0645142
179.2261707	281.8130798
179.3095317	292.7272949
179.3928927	299.3708801
179.4762537	300.1515198
179.5596147	307.2933960
179.6429758	308.7466736
179.7263368	301.0256042
179.8096978	294.2895813
179.8930588	284.1164856
179.9764198	278.6279907
180.0597808	275.9252014
180.1431418	275.0791016
180.2265028	280.4373779
180.3098638	289.8612061
180.3932248	293.6492920
180.4765859	299.9255981
180.5599469	306.7359009
180.6433079	307.5104980
180.7266689	302.3002930
180.8100299	292.2066956
180.8933909	284.7426453
180.9767519	275.0553284
181.0601129	272.5697632
181.1434739	276.8081970
181.2268349	282.7487183
181.3101959	288.0108948
181.3935570	295.8564453
181.4769180	300.2276306
181.5602790	307.0982361
181.6436400	309.2438660
181.7270010	303.7935486
181.8103620	294.0611877
181.8937230	282.4280701
181.9770840	276.2913513
182.0604450	274.8592224
182.1438060	275.8109131
182.2271671	284.6256409
182.3105281	291.0580444
182.3938891	293.0443726
182.4772501	301.4190369
182.5606111	306.3483582
182.6439721	306.3699036
182.7273331	300.9209900
182.8106941	292.2507629
182.8940551	281.6580200
182.9774161	276.9943848
183.0607772	273.0613403
183.1441382	282.9713440
183.2274992	285.0584412
183.3108602	292.2813110
183.3942212	297.9924927
183.4775822	300.2764282
183.5609432	309.5303345
183.6443042	312.0084839
183.7276652	303.1137085
183.8110262	290.5914917
183.8943872	286.5010986
183.9777483	274.1799316
184.0611093	267.4987488
184.1444703	262.6827087
184.2278313	273.0172729
184.3111923	290.6591492
184.3945533	298.3153381
184.4779143	299.2115173
184.5612753	303.0415344
184.6446363	306.3145142
184.7279973	301.8645020
184.8113584	290.4436646
184.8947194	282.0979919
184.9780804	273.2975464
185.0614414	273.0682373
185.1448024	276.0082703
185.2281634	286.7789917
185.3115244	290.4097900
185.3948854	294.8388672
185.4782464	299.0637512
185.5616074	306.5440674
185.6449684	309.1471863
185.7283295	300.9627686
185.8116905	290.2914429
185.8950515	282.7793884
185.9784125	275.4132385
186.0617735	273.3289795
186.1451345	274.1958923
186.2284955	283.1061401
186.3118565	292.7015991
186.3952175	297.4888306
186.4785785	298.8727722
186.5619396	302.6338501
186.6453006	303.4119263
186.7286616	301.3897400
186.8120226	291.4964905
186.8953836	282.1290588
186.9787446	274.5994873
187.0621056	272.4430542
187.1454666	273.6771545
187.2288276	283.7173462
187.3121886	293.3919983
187.3955497	297.5598145
187.4789107	299.1405640
187.5622717	306.6314697
187.6456327	306.2692566
187.7289937	299.0249939
187.8123547	292.0690002
187.8957157	284.1973877
187.9790767	275.1980286
188.0624377	268.4398193
188.1457987	273.3146362
188.2291597	282.3011780
188.3125208	286.8614197
188.3958818	292.4386597
188.4792428	299.2142334
188.5626038	305.6838684
188.6459648	307.4751892
188.7293258	301.3383789
188.8126868	290.6094971
188.8960478	284.7383118
188.9794088	276.9392395
189.0627698	268.4398193
189.1461309	277.1968384
189.2294919	280.9490662
189.3128529	290.7314758
189.3962139	294.2897644
189.4795749	300.5819397
189.5629359	303.4868164
189.6462969	308.3034668
189.7296579	302.2511597
189.8130189	293.0737610
189.8963799	285.2892761
189.9797409	277.9440308
190.0631020	270.0367432
190.1464630	271.2577515
190.2298240	281.0941467
190.3131850	289.0379639
190.3965460	297.9881287
190.4799070	299.8463135
190.5632680	306.1249390
190.6466290	311.0672302
190.7299900	304.0335999
190.8133510	292.3897705
190.8967121	282.9937744
190.9800731	275.6986694
191.0634341	271.8409119
191.1467951	279.3193359
191.2301561	282.2591858
191.3135171	291.4462585
191.3968781	296.2720337
191.4802391	302.0285645
191.5636001	307.0710449
191.6469611	308.8929138
191.7303222	302.5416870
191.8136832	293.4034424
191.8970442	282.8918762
191.9804052	279.3361511
192.0637662	274.8063965
192.1471272	274.0235901
192.2304882	286.6505737
192.3138492	291.6268311
192.3972102	295.9932251
192.4805712	301.6355591
192.5639322	304.0209351
192.6472933	308.9548645
192.7306543	302.0904236
192.8140153	294.2223206
192.8973763	281.2068787
192.9807373	277.5228577
193.0640983	273.6162109
193.1474593	277.6899719
193.2308203	284.1833801
193.3141813	287.5642700
193.3975423	295.9070740
193.4809034	300.5767822
193.5642644	305.3196716
193.6476254	308.2782898
193.7309864	304.3672791
193.8143474	293.3229980
193.8977084	282.0368347
193.9810694	275.0027161
194.0644304	272.6244507
194.1477914	280.1484680
194.2311524	281.0642090
194.3145135	293.0078735
194.3978745	296.8427124
194.4812355	301.0263367
194.5645965	304.1789856
194.6479575	307.2455750
194.7313185	302.6398010
194.8146795	290.3971863
194.8980405	283.4273987
194.9814015	274.8840027
195.0647625	275.0011292
195.1481235	275.1504517
195.2314846	282.4775696
195.3148456	290.4862061
195.3982066	296.2496338
195.4815676	300.7000732
195.5649286	303.6683655
195.6482896	307.2108765
195.7316506	302.1825562
195.8150116	289.7187805
195.8983726	282.2532043
195.9817336	277.6914062
196.0650947	275.0673218
196.1484557	276.0166626
196.2318167	286.1893311
196.3151777	289.7813416
196.3985387	294.6159058
196.4818997	300.0290527
196.5652607	303.7195129
196.6486217	304.8939514
196.7319827	304.2729187
196.8153437	293.3646240
196.8987047	280.2727661
196.9820658	276.9447021
197.0654268	275.0846863
197.1487878	277.3825073
197.2321488	284.4090576
197.3155098	288.1623535
197.3988708	296.2194519
197.4822318	301.1403198
197.5655928	308.4158020
197.6489538	307.8905945
197.7323148	299.5889893
197.8156759	290.7949829
197.8990369	282.6742859
197.9823979	276.6895447
198.0657589	273.0574341
198.1491199	270.6984558
198.2324809	279.8840332
198.3158419	288.3685303
198.3992029	295.8447876
198.4825639	298.7782593
198.5659249	305.9573364
198.6492860	306.4670715
198.7326470	301.4624329
198.8160080	291.6213074
198.8993690	280.1114807
198.9827300	276.9527283
199.0660910	275.0214539
199.1494520	276.3636475
199.2328130	282.4301453
199.3161740	291.0427856
199.3995350	297.4541626
199.4828960	302.2071228
199.5662571	308.7046204
199.6496181	310.2573547
199.7329791	300.4180603
199.8163401	293.7050476
199.8997011	283.4713745
199.9830621	275.1619568
200.0664231	275.4404907
200.1497841	271.2642822
200.2331451	277.6316833
200.3165061	294.5133667
200.3998672	298.1297913
200.4832282	301.8834229
200.5665892	305.8582764
200.6499502	310.6824951
200.7333112	302.6033020
200.8166722	290.9137878
200.9000332	282.2693787
200.9833942	275.4557190
201.0667552	272.2174988
201.1501162	275.2782898
201.2334773	281.0644836
201.3168383	292.7830811
201.4001993	295.9957275
201.4835603	298.5849915
201.5669213	307.0197754
201.6502823	308.2771301
201.7336433	300.0245361
201.8170043	292.3646545
201.9003653	286.8396301
201.9837263	279.2383423
202.0670873	274.4738159
202.1504484	277.6983032
202.2338094	284.8943176
202.3171704	293.4768982
202.4005314	298.9410706
202.4838924	299.3620911
202.5672534	305.1575317
202.6506144	313.2333374
202.7339754	303.6949768
202.8173364	294.1257935
202.9006974	285.0432434
202.9840585	276.6387634
203.0674195	275.5849915
203.1507805	274.6372681
203.2341415	281.0176086
203.3175025	289.7229309
203.4008635	296.0024414
203.4842245	300.5255737
203.5675855	305.5020142
203.6509465	306.4179993
203.7343075	302.6729431
203.8176685	294.0313721
203.9010296	284.7073669
203.9843906	276.0764160
204.0677516	275.8819885
204.1511126	274.1436462
204.2344736	279.8087158
204.3178346	291.4991455
204.4011956	294.5935059
204.4845566	298.6002502
204.5679176	304.7681885
204.6512786	307.6430969
204.7346397	302.4348145
204.8180007	292.5158997
204.9013617	281.4752502
204.9847227	275.5637512
205.0680837	276.8899231
205.1514447	273.8773193
205.2348057	279.3866272
205.3181667	289.7345276
205.4015277	299.3356323
205.4848887	300.5061340
205.5682498	308.2178040
205.6516108	307.3398743
205.7349718	301.3407898
205.8183328	290.5221558
205.9016938	282.7950134
205.9850548	277.9865417
206.0684158	272.3687134
206.1517768	281.7476196
206.2351378	285.4267273
206.3184988	295.9659119
206.4018598	297.3867188
206.4852209	301.9872131
206.5685819	308.7986145
206.6519429	310.6560974
206.7353039	301.7904968
206.8186649	294.1702881
206.9020259	285.8649597
206.9853869	278.1812744
207.0687479	275.3781128
207.1521089	282.3214111
207.2354699	282.9306335
207.3188310	288.6666260
207.4021920	294.5428772
207.4855530	302.3280640
207.5689140	306.6147766
207.6522750	310.4328308
207.7356360	305.0746460
207.8189970	294.9390564
207.9023580	284.0888062
207.9857190	276.1457214
208.0690800	272.1363831
208.1524410	275.5079041
208.2358021	284.8521729
208.3191631	292.4481201
208.4025241	298.4502563
208.4858851	300.1794128
208.5692461	301.7760925
208.6526071	302.3533325
208.7359681	303.4569092
208.8193291	293.6131592
208.9026901	283.1050720
208.9860511	273.7862244
209.0694122	274.8822327
209.1527732	276.5793457
209.2361342	283.4074402
209.3194952	288.9010925
209.4028562	299.6313782
209.4862172	300.5936279
209.5695782	306.3316956
209.6529392	309.1264343
209.7363002	303.5364685
209.8196612	291.6337585
209.9030223	283.9024658
209.9863833	277.0024414
210.0697443	278.3483582
210.1531053	282.1869202
210.2364663	284.2429199
210.3198273	289.0058289
210.4031883	296.8164062
210.4865493	300.2929688
210.5699103	303.6534119
210.6532713	308.5926208
210.7366323	301.7606812
210.8199934	293.0262146
210.9033544	285.1531982
210.9867154	280.0523071
211.0700764	277.1151428
211.1534374	284.3977966
211.2367984	285.7509155
211.3201594	295.9513245
211.4035204	297.3056946
211.4868814	300.8063965
211.5702424	307.6517029
211.6536035	308.5426636
211.7369645	303.1160583
211.8203255	295.4485779
211.9036865	283.3570251
211.9870475	278.4404602
212.0704085	275.1169128
212.1537695	277.1458130
212.2371305	284.9320374
212.3204915	295.2521667
212.4038525	298.0625000
212.4872136	300.2782898
212.5705746	308.6186829
212.6539356	307.6528320
212.7372966	301.5799255
212.8206576	292.4030457
212.9040186	284.8606567
212.9873796	277.9033508
213.0707406	272.8641357
213.1541016	276.0608521
213.2374626	283.8005981
213.3208236	290.1817017
213.4041847	296.5729675
213.4875457	301.1558228
213.5709067	305.5045166
213.6542677	308.0309753
213.7376287	304.3089600
213.8209897	293.3271179
213.9043507	285.0874329
213.9877117	277.9040833
214.0710727	275.4704895
214.1544337	280.0229187
214.2377948	284.8835754
214.3211558	293.7095947
214.4045168	294.2674255
214.4878778	299.4265747
214.5712388	303.9818420
214.6545998	304.2938843
214.7379608	299.5541382
214.8213218	293.5767517
214.9046828	281.9669800
214.9880438	276.5275879
215.0714048	274.5337524
215.1547659	272.0407104
215.2381269	280.1884155
215.3214879	293.5447998
215.4048489	298.6098633
215.4882099	299.7944336
215.5715709	306.6449280
215.6549319	306.1657104
215.7382929	302.5870361
215.8216539	295.0265503
215.9050149	288.0487671
215.9883760	282.1855774
216.0717370	275.6039124
216.1550980	272.3285217
216.2384590	285.5250549
216.3218200	294.3473511
216.4051810	294.4752502
216.4885420	302.6672974
216.5719030	306.8008423
216.6552640	309.6901550
216.7386250	303.7548828
216.8219861	293.9615479
216.9053471	285.1385193
216.9887081	276.9453430
217.0720691	271.7707214
217.1554301	281.5793152
217.2387911	284.0354614
217.3221521	292.7892761
217.4055131	295.7911987
217.4888741	300.5872498
217.5722351	306.3897095
217.6555961	311.2061768
217.7389572	305.4057922
217.8223182	291.2472839
217.9056792	283.3572998
217.9890402	276.8497009
218.0724012	274.5747681
218.1557622	273.5589905
218.2391232	279.7607422
218.3224842	291.0865479
218.4058452	299.3323975
218.4892062	302.0643921
218.5725673	308.0314331
218.6559283	305.9254761
218.7392893	303.7403259
218.8226503	292.6490784
218.9060113	285.1765747
218.9893723	280.1765137
219.0727333	277.4931641
219.1560943	276.3310852
219.2394553	287.3188477
219.3228163	294.4267273
219.4061773	296.7989807
219.4895384	302.0072327
219.5728994	308.2991333
219.6562604	308.6896362
219.7396214	304.1712341
219.8229824	295.8234863
219.9063434	284.3275757
219.9897044	279.5389709
220.0730654	273.9414978
220.1564264	272.4291077
220.2397874	281.7508850
220.3231485	292.1217957
220.4065095	298.8691711
220.4898705	300.8539429
220.5732315	305.9026794
220.6565925	311.4790344
220.7399535	304.9925232
220.8233145	295.0677795
220.9066755	286.8809814
220.9900365	277.4554138
221.0733975	273.3110046
221.1567586	276.8734436
221.2401196	282.0596313
221.3234806	292.2641602
221.4068416	297.2685852
221.4902026	301.1518250
221.5735636	306.6508789
221.6569246	309.2278137
221.7402856	304.5414734
221.8236466	290.6244202
221.9070076	283.4305115
221.9903686	278.7201843
222.0737297	279.3699646
222.1570907	276.9208069
222.2404517	283.2178345
222.3238127	291.8975525
222.4071737	297.1910706
222.4905347	301.2631836
222.5738957	305.6562500
222.6572567	310.5351562
222.7406177	301.8253174
222.8239787	292.3433228
222.9073398	285.4440002
222.9907008	277.4096985
223.0740618	274.8972778
223.1574228	278.2553711
223.2407838	280.1006775
223.3241448	291.6961060
223.4075058	298.0079041
223.4908668	302.4993591
223.5742278	303.4215088
223.6575888	308.4424133
223.7409499	301.3666687
223.8243109	296.6512146
223.9076719	284.4806519
223.9910329	278.3102112
224.0743939	276.2408447
224.1577549	277.3487549
224.2411159	284.9369507
224.3244769	293.7620544
224.4078379	299.4685059
224.4911989	302.8677368
224.5745599	306.0686646
224.6579210	309.3899536
224.7412820	303.5009460
224.8246430	294.1813354
224.9080040	286.0677490
224.9913650	279.7995911
225.0747260	276.8258972
225.1580870	279.0344238
225.2414480	290.0019226
225.3248090	294.3083191
225.4081700	298.4431152
225.4915311	301.2892456
225.5748921	307.6540527
225.6582531	309.7396545
225.7416141	303.8958740
225.8249751	294.8071594
225.9083361	282.5001221
225.9916971	276.3670959
226.0750581	276.0285339
226.1584191	279.5379944
226.2417801	280.7922363
226.3251411	292.8758240
226.4085022	296.3220520
226.4918632	301.0783691
226.5752242	311.6256409
226.6585852	307.4510803
226.7419462	303.0964050
226.8253072	293.8415527
226.9086682	281.1626892
226.9920292	277.1336365
227.0753902	278.2771912
227.1587512	279.1597290
227.2421123	280.9407349
227.3254733	290.7417297
227.4088343	293.8070984
227.4921953	300.7976990
227.5755563	309.3306885
227.6589173	311.6424255
227.7422783	303.4313965
227.8256393	294.3583374
227.9090003	283.3375854
227.9923613	276.6971436
228.0757224	274.2267456
228.1590834	277.8265686
228.2424444	287.0572815
228.3258054	294.3305969
228.4091664	299.8547058
228.4925274	304.9394531
228.5758884	309.2380066
228.6592494	313.0214233
228.7426104	304.2937317
228.8259714	296.7935486
228.9093324	284.0270081
228.9926935	278.4039307
229.0760545	277.2420654
229.1594155	283.8343506
229.2427765	282.5540161
229.3261375	289.6135864
229.4094985	299.3361206
229.4928595	303.0147705
229.5762205	306.0780945
229.6595815	310.4176636
229.7429425	306.5666809
229.8263036	290.7843628
229.9096646	284.1420898
229.9930256	277.6802368
230.0763866	275.6205750
230.1597476	279.6186829
230.2431086	284.6707153
230.3264696	292.7114868
230.4098306	298.1655884
230.4931916	300.3824463
230.5765526	306.2168579
230.6599136	308.1814575
230.7432747	303.6523132
230.8266357	293.6457825
230.9099967	283.0738220
230.9933577	277.8028564
231.0767187	274.7057495
231.1600797	275.2338257
231.2434407	281.4656982
231.3268017	291.3323059
231.4101627	296.6907959
231.4935237	302.2410583
231.5768848	305.0364685
231.6602458	308.8933105
231.7436068	304.6460876
231.8269678	295.1293640
231.9103288	282.1996155
231.9936898	275.1884766
232.0770508	281.1338806
232.1604118	283.1592407
232.2437728	286.9431152
232.3271338	292.8822021
232.4104949	300.5478210
232.4938559	300.5567017
232.5772169	309.0930481
232.6605779	310.5306091
232.7439389	303.4104309
232.8272999	290.6321106
232.9106609	287.9864807
232.9940219	278.6479187
233.0773829	272.1062012
233.1607439	278.9867249
233.2441049	287.6290283
233.3274660	292.7921753
233.4108270	298.6595459
233.4941880	303.3263855
233.5775490	308.4757080
233.6609100	310.3026428
233.7442710	303.4762878
233.8276320	293.2847595
233.9109930	286.0008240
233.9943540	278.7797852
234.0777150	277.6784973
234.1610761	275.9268494
234.2444371	281.9371948
234.3277981	291.8454895
234.4111591	299.1530151
234.4945201	303.6218262
234.5778811	309.2776794
234.6612421	312.7471313
234.7446031	307.6998901
234.8279641	296.4701233
234.9113251	286.8300171
234.9946862	279.2159424
235.0780472	279.6794128
235.1614082	280.3190308
235.2447692	285.4174194
235.3281302	295.7156982
235.4114912	297.6097717
235.4948522	303.1890564
235.5782132	309.8719177
235.6615742	310.9824524
235.7449352	305.0034180
235.8282962	293.7945557
235.9116573	287.9375916
235.9950183	277.9483337
236.0783793	274.2665710
236.1617403	273.7984924
236.2451013	280.3989258
236.3284623	289.1832581
236.4118233	297.1138306
236.4951843	302.7772217
236.5785453	313.2385559
236.6619063	313.7309875
236.7452674	306.3346252
236.8286284	298.9661865
236.9119894	288.1679077
236.9953504	279.3135071
237.0787114	276.1755371
237.1620724	278.6996460
237.2454334	283.8069763
237.3287944	289.0099792
237.4121554	298.4253235
237.4955164	303.3300476
237.5788774	308.5859985
237.6622385	311.9016113
237.7455995	302.4022522
237.8289605	296.5024414
237.9123215	283.0421448
237.9956825	279.9907837
238.0790435	275.6903076
238.1624045	282.2780151
238.2457655	288.0984497
238.3291265	292.9087524
238.4124875	297.6367188
238.4958486	300.7827454
238.5792096	309.9539795
238.6625706	311.4324341
238.7459316	303.8069153
238.8292926	296.4972534
238.9126536	285.5201721
238.9960146	281.4183044
239.0793756	278.9201050
239.1627366	279.0928040
239.2460976	292.1985474
239.3294587	293.3660889
239.4128197	297.8776245
239.4961807	303.4539185
239.5795417	309.2987366
239.6629027	311.7963257
239.7462637	307.4873962
239.8296247	291.6430664
239.9129857	284.7248535
239.9963467	277.6219482
240.0797077	276.6501160
240.1630687	281.3851929
240.2464298	289.1775818
240.3297908	294.4572449
240.4131518	297.1147156
240.4965128	304.5563049
240.5798738	307.1949768
240.6632348	313.7668457
240.7465958	307.4235229
240.8299568	296.2273560
240.9133178	287.0801697
240.9966788	280.1541748
241.0800399	277.9026184
241.1634009	280.8996582
241.2467619	282.5936584
241.3301229	290.1874390
241.4134839	299.4640808
241.4968449	302.7778320
241.5802059	308.4873657
241.6635669	311.0255127
241.7469279	306.2408142
241.8302889	293.9445801
241.9136500	286.2059937
241.9970110	279.6961975
242.0803720	277.6088562
242.1637330	282.4214478
242.2470940	282.2913208
242.3304550	292.6633606
242.4138160	301.9299316
242.4971770	304.0999451
242.5805380	311.1923218
242.6638990	311.6412048
242.7472600	305.7084045
242.8306211	295.4942932
242.9139821	287.8450012
242.9973431	278.4269714
243.0807041	273.6602783
243.1640651	276.9126587
243.2474261	285.5007019
243.3307871	291.2546082
243.4141481	298.3013306
243.4975091	304.3598633
243.5808701	308.6836853
243.6642312	308.9850464
243.7475922	307.7335510
243.8309532	296.6177979
243.9143142	285.6697388
243.9976752	281.2490234
244.0810362	277.2016907
244.1643972	280.5350342
244.2477582	286.1563110
244.3311192	293.4557190
244.4144802	298.0171204
244.4978412	303.2913818
244.5812023	309.3696594
244.6645633	308.9195251
244.7479243	303.0081482
244.8312853	296.3585815
244.9146463	284.8981018
244.9980073	277.3211365
245.0813683	276.3133850
245.1647293	276.7807312
245.2480903	286.3152466
245.3314513	293.1710510
245.4148124	300.5043335
245.4981734	304.8686523
245.5815344	311.4353027
245.6648954	314.3509827
245.7482564	307.2043457
245.8316174	296.0503845
245.9149784	285.4363098
245.9983394	281.4948120
246.0817004	276.2429504
246.1650614	277.3907471
246.2484225	286.0678101
246.3317835	295.9447327
246.4151445	300.4566650
246.4985055	303.8815918
246.5818665	308.4576111
246.6652275	306.9289856
246.7485885	301.2383118
246.8319495	294.3916321
246.9153105	286.1090698
246.9986715	278.8224182
247.0820325	277.6931458
247.1653936	275.7151489
247.2487546	286.5208740
247.3321156	294.0678101
247.4154766	299.1000061
247.4988376	302.4894409
247.5821986	307.8315735
247.6655596	312.9069519
247.7489206	306.6574402
247.8322816	294.5025940
247.9156426	284.6188354
247.9990037	278.4337158
248.0823647	276.5623169
248.1657257	281.5460510
248.2490867	282.1287537
248.3324477	292.9063110
248.4158087	299.0987244
248.4991697	304.4981384
248.5825307	309.7826233
248.6658917	312.9372253
248.7492527	305.5519104
248.8326137	298.2721863
248.9159748	285.6023560
248.9993358	280.0667114
249.0826968	281.3872681
249.1660578	284.3856812
249.2494188	286.3382874
249.3327798	290.7491150
249.4161408	298.1654053
249.4995018	305.2926636
249.5828628	310.4732971
249.6662238	309.1091919
249.7495849	303.1807556
249.8329459	293.3614197
249.9163069	287.5384827
249.9996679	280.1856079
250.0830289	279.2027283
250.1663899	272.8275757
250.2497509	281.6422424
250.3331119	290.9953308
250.4164729	299.5918579
250.4998339	305.4700623
250.5831950	311.1994324
250.6665560	313.6480103
250.7499170	303.8730774
250.8332780	292.6261292
250.9166390	286.6966858
251.0000000	279.2082520
