# time(yr)	moisture(mm/m)
0.0000000	0.4492479
0.0833610	0.4054208
0.1667220	0.4167008
0.2500830	0.3953270
0.3334440	0.3719397
0.4168050	0.3484426
0.5001661	0.3626355
0.5835271	0.3134308
0.6668881	0.3092991
0.7502491	0.3184730
0.8336101	0.3640271
0.9169711	0.3890227
1.0003321	0.4353954
1.0836931	0.4301874
1.1670541	0.3792965
1.2504151	0.3821388
1.3337762	0.3874009
1.4171372	0.3606015
1.5004982	0.3007310
1.5838592	0.3087655
1.6672202	0.3711406
1.7505812	0.3581641
1.8339422	0.3730108
1.9173032	0.3826213
2.0006642	0.4140693
2.0840252	0.3939736
2.1673863	0.4736329
2.2507473	0.3890692
2.3341083	0.3863409
2.4174693	0.3406993
2.5008303	0.3089887
2.5841913	0.2707233
2.6675523	0.2895489
2.7509133	0.2880402
2.8342743	0.3371035
2.9176353	0.3601684
3.0009963	0.3654560
3.0843574	0.3768269
3.1677184	0.3861590
3.2510794	0.3874579
3.3344404	0.3754822
3.4178014	0.3264955
3.5011624	0.3171428
3.5845234	0.2795688
3.6678844	0.2857725
3.7512454	0.3164521
3.8346064	0.3649812
3.9179675	0.3920440
4.0013285	0.3827415
4.0846895	0.3856408
4.1680505	0.3931075
4.2514115	0.3859066
4.3347725	0.3749743
4.4181335	0.3510379
4.5014945	0.3366415
4.5848555	0.2954709
4.6682165	0.2906815
4.7515775	0.2836434
4.8349386	0.3129237
4.9182996	0.3565101
5.0016606	0.3799825
5.0850216	0.3917297
5.1683826	0.3986645
5.2517436	0.3797603
5.3351046	0.3905526
5.4184656	0.3659449
5.5018266	0.3446019
5.5851876	0.3018432
5.6685487	0.3299740
5.7519097	0.3498912
5.8352707	0.3773608
5.9186317	0.3902510
6.0019927	0.4912302
6.0853537	0.5144455
6.1687147	0.4814525
6.2520757	0.4067442
6.3354367	0.3699410
6.4187977	0.3418360
6.5021588	0.2945139
6.5855198	0.2398531
6.6688808	0.2428329
6.7522418	0.3165930
6.8356028	0.3577663
6.9189638	0.3648498
7.0023248	0.4542984
7.0856858	0.4144877
7.1690468	0.3806202
7.2524078	0.3924374
7.3357688	0.3958500
7.4191299	0.3557880
7.5024909	0.2916277
7.5858519	0.2671442
7.6692129	0.2613534
7.7525739	0.2829599
7.8359349	0.3797443
7.9192959	0.3808853
8.0026569	0.3970637
8.0860179	0.5081742
8.1693789	0.4475686
8.2527400	0.3909349
8.3361010	0.3997418
8.4194620	0.3480689
8.5028230	0.3170735
8.5861840	0.2951208
8.6695450	0.3206785
8.7529060	0.3707631
8.8362670	0.3916313
8.9196280	0.3856462
9.0029890	0.4350334
9.0863500	0.4943163
9.1697111	0.3895554
9.2530721	0.3707646
9.3364331	0.3258634
9.4197941	0.3001933
9.5031551	0.2771815
9.5865161	0.2769511
9.6698771	0.2502398
9.7532381	0.2720321
9.8365991	0.3682466
9.9199601	0.4403561
10.0033212	0.5114604
10.0866822	0.4343531
10.1700432	0.4402464
10.2534042	0.3931634
10.3367652	0.3673930
10.4201262	0.3337568
10.5034872	0.2686254
10.5868482	0.2370836
10.6702092	0.2942049
10.7535702	0.3354776
10.8369313	0.3534407
10.9202923	0.3689954
11.0036533	0.4233473
11.0870143	0.4576911
11.1703753	0.3934891
11.2537363	0.3826784
11.3370973	0.3621609
11.4204583	0.3192569
11.5038193	0.2815890
11.5871803	0.2703663
11.6705413	0.2911217
11.7539024	0.3476200
11.8372634	0.3744158
11.9206244	0.3940891
12.0039854	0.3981655
12.0873464	0.4333600
12.1707074	0.3848949
12.2540684	0.4008928
12.3374294	0.3786975
12.4207904	0.3556632
12.5041514	0.3168620
12.5875125	0.2809284
12.6708735	0.2794286
12.7542345	0.3266987
12.8375955	0.3889562
12.9209565	0.3972013
13.0043175	0.4779747
13.0876785	0.4877788
13.1710395	0.4802566
13.2544005	0.4059718
13.3377615	0.3804613
13.4211226	0.3647275
13.5044836	0.3222360
13.5878446	0.2732156
13.6712056	0.2649182
13.7545666	0.2902700
13.8379276	0.2981045
13.9212886	0.3108979
14.0046496	0.3693536
14.0880106	0.3887395
14.1713716	0.4724999
14.2547326	0.3849758
14.3380937	0.3577903
14.4214547	0.2964817
14.5048157	0.2572459
14.5881767	0.2294072
14.6715377	0.3148175
14.7548987	0.3457012
14.8382597	0.3833431
14.9216207	0.3764854
15.0049817	0.4229243
15.0883427	0.4492432
15.1717038	0.4398886
15.2550648	0.3763635
15.3384258	0.3388242
15.4217868	0.2771004
15.5051478	0.2372524
15.5885088	0.2913273
15.6718698	0.2866103
15.7552308	0.2972938
15.8385918	0.3539779
15.9219528	0.3849478
16.0053138	0.4144610
16.0886749	0.4145096
16.1720359	0.4344910
16.2553969	0.4313639
16.3387579	0.3923154
16.4221189	0.3606414
16.5054799	0.3147652
16.5888409	0.2683049
16.6722019	0.2895975
16.7555629	0.2939022
16.8389239	0.3296449
16.9222850	0.3614286
17.0056460	0.4298802
17.0890070	0.4512054
17.1723680	0.4623626
17.2557290	0.4007333
17.3390900	0.3901840
17.4224510	0.3597288
17.5058120	0.3313110
17.5891730	0.3357286
17.6725340	0.3160261
17.7558951	0.3151129
17.8392561	0.3762660
17.9226171	0.3953843
18.0059781	0.4190905
18.0893391	0.4577982
18.1727001	0.3878566
18.2560611	0.3943868
18.3394221	0.3659172
18.4227831	0.3169595
18.5061441	0.3140693
18.5895051	0.3260648
18.6728662	0.3682959
18.7562272	0.3809825
18.8395882	0.3655782
18.9229492	0.3686672
19.0063102	0.3953022
19.0896712	0.4667982
19.1730322	0.3921095
19.2563932	0.3857309
19.3397542	0.3574923
19.4231152	0.3665878
19.5064763	0.3406061
19.5898373	0.3059970
19.6731983	0.2943760
19.7565593	0.3366730
19.8399203	0.3856671
19.9232813	0.4004389
20.0066423	0.4525030
20.0900033	0.4170001
20.1733643	0.3783446
20.2567253	0.3842455
20.3400864	0.3230596
20.4234474	0.2830869
20.5068084	0.2592860
20.5901694	0.2300426
20.6735304	0.2347440
20.7568914	0.2702177
20.8402524	0.3157054
20.9236134	0.3708032
21.0069744	0.3818178
21.0903354	0.3826974
21.1736964	0.4261662
21.2570575	0.3902113
21.3404185	0.3667182
21.4237795	0.3481377
21.5071405	0.3501506
21.5905015	0.2915427
21.6738625	0.3227178
21.7572235	0.3788120
21.8405845	0.3830428
21.9239455	0.3969884
22.0073065	0.3896593
22.0906676	0.4476314
22.1740286	0.3922572
22.2573896	0.3864719
22.3407506	0.3667409
22.4241116	0.2960956
22.5074726	0.2570899
22.5908336	0.2588055
22.6741946	0.2495197
22.7575556	0.2775405
22.8409166	0.3336441
22.9242776	0.3684540
23.0076387	0.3936063
23.0909997	0.3937032
23.1743607	0.4371371
23.2577217	0.3955510
23.3410827	0.3760948
23.4244437	0.2917356
23.5078047	0.2482742
23.5911657	0.2381407
23.6745267	0.2961429
23.7578877	0.3786286
23.8412488	0.3951596
23.9246098	0.4222882
24.0079708	0.4762659
24.0913318	0.4943005
24.1746928	0.4940937
24.2580538	0.4013050
24.3414148	0.3679467
24.4247758	0.2979715
24.5081368	0.2916752
24.5914978	0.2633352
24.6748589	0.2884709
24.7582199	0.3103464
24.8415809	0.3284922
24.9249419	0.3574407
25.0083029	0.3896797
25.0916639	0.3899802
25.1750249	0.3904918
25.2583859	0.4251836
25.3417469	0.3746215
25.4251079	0.3353895
25.5084689	0.3057439
25.5918300	0.2775796
25.6751910	0.2812819
25.7585520	0.3416824
25.8419130	0.3755989
25.9252740	0.4111525
26.0086350	0.4828545
26.0919960	0.5135003
26.1753570	0.4679037
26.2587180	0.3970175
26.3420790	0.3700595
26.4254401	0.3649022
26.5088011	0.3388273
26.5921621	0.2747940
26.6755231	0.3191127
26.7588841	0.3990480
26.8422451	0.3808931
26.9256061	0.3917783
27.0089671	0.4355532
27.0923281	0.4722195
27.1756891	0.4722420
27.2590501	0.4589349
27.3424112	0.3765331
27.4257722	0.3488652
27.5091332	0.3513833
27.5924942	0.2789874
27.6758552	0.2622267
27.7592162	0.3218788
27.8425772	0.3796358
27.9259382	0.3931064
28.0092992	0.3805355
28.0926602	0.3994099
28.1760213	0.4442040
28.2593823	0.4098336
28.3427433	0.3775935
28.4261043	0.3185459
28.5094653	0.2426600
28.5928263	0.2443436
28.6761873	0.3067868
28.7595483	0.3067734
28.8429093	0.3898049
28.9262703	0.3766010
29.0096314	0.3939379
29.0929924	0.4041972
29.1763534	0.4051683
29.2597144	0.4046891
29.3430754	0.3680443
29.4264364	0.3049786
29.5097974	0.2806687
29.5931584	0.2586893
29.6765194	0.2822702
29.7598804	0.3423238
29.8432414	0.3730972
29.9266025	0.3691444
30.0099635	0.4462388
30.0933245	0.4678812
30.1766855	0.4748780
30.2600465	0.4057409
30.3434075	0.3660039
30.4267685	0.3192577
30.5101295	0.2600150
30.5934905	0.2403117
30.6768515	0.2327723
30.7602126	0.2708067
30.8435736	0.3251766
30.9269346	0.3544656
31.0102956	0.3646524
31.0936566	0.4019332
31.1770176	0.3912452
31.2603786	0.3997161
31.3437396	0.3807817
31.4271006	0.3560862
31.5104616	0.2965439
31.5938227	0.2509865
31.6771837	0.2851368
31.7605447	0.3935749
31.8439057	0.3940071
31.9272667	0.3886618
32.0106277	0.4309263
32.0939887	0.4363105
32.1773497	0.4002829
32.2607107	0.3871755
32.3440717	0.3566236
32.4274327	0.3278971
32.5107938	0.2851833
32.5941548	0.2554779
32.6775158	0.2643987
32.7608768	0.2707986
32.8442378	0.3462177
32.9275988	0.3842102
33.0109598	0.4327673
33.0943208	0.4429659
33.1776818	0.5000967
33.2610428	0.3897455
33.3444039	0.3473403
33.4277649	0.3022892
33.5111259	0.2386137
33.5944869	0.2309629
33.6778479	0.2979324
33.7612089	0.3223613
33.8445699	0.3652510
33.9279309	0.3837714
34.0112919	0.5128653
34.0946529	0.5144778
34.1780139	0.5143854
34.2613750	0.4320047
34.3447360	0.3871607
34.4280970	0.3424332
34.5114580	0.2899936
34.5948190	0.2778530
34.6781800	0.2800560
34.7615410	0.3141924
34.8449020	0.3466537
34.9282630	0.3826043
35.0116240	0.4134335
35.0949851	0.4139095
35.1783461	0.4139073
35.2617071	0.4165458
35.3450681	0.3754687
35.4284291	0.3729022
35.5117901	0.3203928
35.5951511	0.2706691
35.6785121	0.2849640
35.7618731	0.3169129
35.8452341	0.3547985
35.9285952	0.4058183
36.0119562	0.4885355
36.0953172	0.4916856
36.1786782	0.4503749
36.2620392	0.3953255
36.3454002	0.3687600
36.4287612	0.3281233
36.5121222	0.2747283
36.5954832	0.2356789
36.6788442	0.2648913
36.7622052	0.3201582
36.8455663	0.3735151
36.9289273	0.3699970
37.0122883	0.4032057
37.0956493	0.4127845
37.1790103	0.4397162
37.2623713	0.3882505
37.3457323	0.3829402
37.4290933	0.3024284
37.5124543	0.2305946
37.5958153	0.2296848
37.6791764	0.3226190
37.7625374	0.3653098
37.8458984	0.3950126
37.9292594	0.3745154
38.0126204	0.4792958
38.0959814	0.5036048
38.1793424	0.4759023
38.2627034	0.3960102
38.3460644	0.3783497
38.4294254	0.3367490
38.5127864	0.2888419
38.5961475	0.2380952
38.6795085	0.2553766
38.7628695	0.2957228
38.8462305	0.3918623
38.9295915	0.3878209
39.0129525	0.3968865
39.0963135	0.4444013
39.1796745	0.3944752
39.2630355	0.3890392
39.3463965	0.3629237
39.4297576	0.3231912
39.5131186	0.2688851
39.5964796	0.2720513
39.6798406	0.3446843
39.7632016	0.3406191
39.8465626	0.3815902
39.9299236	0.4360696
40.0132846	0.4694078
40.0966456	0.4694123
40.1800066	0.4792544
40.2633677	0.3991880
40.3467287	0.3588742
40.4300897	0.3463698
40.5134507	0.2597544
40.5968117	0.2367490
40.6801727	0.2528779
40.7635337	0.2869951
40.8468947	0.3128836
40.9302557	0.3567870
41.0136167	0.3858222
41.0969777	0.4111116
41.1803388	0.4057932
41.2636998	0.3835051
41.3470608	0.3881549
41.4304218	0.3537643
41.5137828	0.2767344
41.5971438	0.2345317
41.6805048	0.2310205
41.7638658	0.2786659
41.8472268	0.3489490
41.9305878	0.3909968
42.0139489	0.4431466
42.0973099	0.5144773
42.1806709	0.4944253
42.2640319	0.4054016
42.3473929	0.3508306
42.4307539	0.3384128
42.5141149	0.2578566
42.5974759	0.2467306
42.6808369	0.2511583
42.7641979	0.2938620
42.8475590	0.3394945
42.9309200	0.3723080
43.0142810	0.4640343
43.0976420	0.4835061
43.1810030	0.4175148
43.2643640	0.3973075
43.3477250	0.3572443
43.4310860	0.3793823
43.5144470	0.2957785
43.5978080	0.2550669
43.6811690	0.2501629
43.7645301	0.3469394
43.8478911	0.3430019
43.9312521	0.3847660
44.0146131	0.4417697
44.0979741	0.4801128
44.1813351	0.5104341
44.2646961	0.4246133
44.3480571	0.3914762
44.4314181	0.3549787
44.5147791	0.2539613
44.5981402	0.2428408
44.6815012	0.2734140
44.7648622	0.3341175
44.8482232	0.3834604
44.9315842	0.4184576
45.0149452	0.4283522
45.0983062	0.4472260
45.1816672	0.3908895
45.2650282	0.3815253
45.3483892	0.3825271
45.4317502	0.3593033
45.5151113	0.2847204
45.5984723	0.2389538
45.6818333	0.2398172
45.7651943	0.2712209
45.8485553	0.3725458
45.9319163	0.3648027
46.0152773	0.4419213
46.0986383	0.4267544
46.1819993	0.4813326
46.2653603	0.3856215
46.3487214	0.3666416
46.4320824	0.3453529
46.5154434	0.2688400
46.5988044	0.2521128
46.6821654	0.2873017
46.7655264	0.3754279
46.8488874	0.4102834
46.9322484	0.3839848
47.0156094	0.4768435
47.0989704	0.4812989
47.1823315	0.4707600
47.2656925	0.4041799
47.3490535	0.3829995
47.4324145	0.2989739
47.5157755	0.2796352
47.5991365	0.2784622
47.6824975	0.3077229
47.7658585	0.3252857
47.8492195	0.3917914
47.9325805	0.4041392
48.0159415	0.4155720
48.0993026	0.4942657
48.1826636	0.3962346
48.2660246	0.3984011
48.3493856	0.3811553
48.4327466	0.3307915
48.5161076	0.2571912
48.5994686	0.2393420
48.6828296	0.2677261
48.7661906	0.3491764
48.8495516	0.3883249
48.9329127	0.4023131
49.0162737	0.4805166
49.0996347	0.5024028
49.1829957	0.3969869
49.2663567	0.3947376
49.3497177	0.3653261
49.4330787	0.3008565
49.5164397	0.2396824
49.5998007	0.2335895
49.6831617	0.2685028
49.7665227	0.3055025
49.8498838	0.3136511
49.9332448	0.3390054
50.0166058	0.4106220
50.0999668	0.4337715
50.1833278	0.4222382
50.2666888	0.3856338
50.3500498	0.3606178
50.4334108	0.3165255
50.5167718	0.2776659
50.6001328	0.2365745
50.6834939	0.3046130
50.7668549	0.3602423
50.8502159	0.3844048
50.9335769	0.4073626
51.0169379	0.4330526
51.1002989	0.5139277
51.1836599	0.5144775
51.2670209	0.4623542
51.3503819	0.3953082
51.4337429	0.3550463
51.5171040	0.2565046
51.6004650	0.2590918
51.6838260	0.2549365
51.7671870	0.3435661
51.8505480	0.3667508
51.9339090	0.3923016
52.0172700	0.4535675
52.1006310	0.4570004
52.1839920	0.4618046
52.2673530	0.4101236
52.3507140	0.3725687
52.4340751	0.3430581
52.5174361	0.2884467
52.6007971	0.2532778
52.6841581	0.2714553
52.7675191	0.3108622
52.8508801	0.3342631
52.9342411	0.3747678
53.0176021	0.4104718
53.1009631	0.3845322
53.1843241	0.3824964
53.2676852	0.3935149
53.3510462	0.3769942
53.4344072	0.3573397
53.5177682	0.2877636
53.6011292	0.2947218
53.6844902	0.2939073
53.7678512	0.2983662
53.8512122	0.3601844
53.9345732	0.3964186
54.0179342	0.4870356
54.1012953	0.5098748
54.1846563	0.5105280
54.2680173	0.4869367
54.3513783	0.4009327
54.4347393	0.3732753
54.5181003	0.3073204
54.6014613	0.2362477
54.6848223	0.2747599
54.7681833	0.3222903
54.8515443	0.3856705
54.9349053	0.3800993
55.0182664	0.4230249
55.1016274	0.4273219
55.1849884	0.4273183
55.2683494	0.4366685
55.3517104	0.3611464
55.4350714	0.3593529
55.5184324	0.3219720
55.6017934	0.2508018
55.6851544	0.2528278
55.7685154	0.3418512
55.8518765	0.3765784
55.9352375	0.3838871
56.0185985	0.4426718
56.1019595	0.4928415
56.1853205	0.4412470
56.2686815	0.3836912
56.3520425	0.3725197
56.4354035	0.3442862
56.5187645	0.2920908
56.6021255	0.2468232
56.6854865	0.2725591
56.7688476	0.3033971
56.8522086	0.3641846
56.9355696	0.4422550
57.0189306	0.4816183
57.1022916	0.5054945
57.1856526	0.4071625
57.2690136	0.3850804
57.3523746	0.3791279
57.4357356	0.3420164
57.5190966	0.2984328
57.6024577	0.2575216
57.6858187	0.2763577
57.7691797	0.3029101
57.8525407	0.3426895
57.9359017	0.3438507
58.0192627	0.3807014
58.1026237	0.3916815
58.1859847	0.3723574
58.2693457	0.3934289
58.3527067	0.3924114
58.4360678	0.3212192
58.5194288	0.2703579
58.6027898	0.2853482
58.6861508	0.2977923
58.7695118	0.3359836
58.8528728	0.3764894
58.9362338	0.3792911
59.0195948	0.4432496
59.1029558	0.5144755
59.1863168	0.4715424
59.2696778	0.3789682
59.3530389	0.3848271
59.4363999	0.3491958
59.5197609	0.2667457
59.6031219	0.2620117
59.6864829	0.2687654
59.7698439	0.2831134
59.8532049	0.3654864
59.9365659	0.4077213
60.0199269	0.4686670
60.1032879	0.4758826
60.1866490	0.4787340
60.2700100	0.4109932
60.3533710	0.4071811
60.4367320	0.3701797
60.5200930	0.2725910
60.6034540	0.2317889
60.6868150	0.2721434
60.7701760	0.3124086
60.8535370	0.3633374
60.9368980	0.3906412
61.0202591	0.4421691
61.1036201	0.4847820
61.1869811	0.5021580
61.2703421	0.4048143
61.3537031	0.3680009
61.4370641	0.3598216
61.5204251	0.2668512
61.6037861	0.2251135
61.6871471	0.2430763
61.7705081	0.3338028
61.8538691	0.3681232
61.9372302	0.3796263
62.0205912	0.4065321
62.1039522	0.4499060
62.1873132	0.4756442
62.2706742	0.4016776
62.3540352	0.3755658
62.4373962	0.2926269
62.5207572	0.2660136
62.6041182	0.2437244
62.6874792	0.2401937
62.7708403	0.3196295
62.8542013	0.3901073
62.9375623	0.4697919
63.0209233	0.5144778
63.1042843	0.5036846
63.1876453	0.4357016
63.2710063	0.4042175
63.3543673	0.3638034
63.4377283	0.3564513
63.5210893	0.2647743
63.6044503	0.2422201
63.6878114	0.2276491
63.7711724	0.2538245
63.8545334	0.2915330
63.9378944	0.3286522
64.0212554	0.3607249
64.1046164	0.4005900
64.1879774	0.4258932
64.2713384	0.3932351
64.3546994	0.3642777
64.4380604	0.3666553
64.5214215	0.2877479
64.6047825	0.2597277
64.6881435	0.2989715
64.7715045	0.3240148
64.8548655	0.3819681
64.9382265	0.4312821
65.0215875	0.5144649
65.1049485	0.5134875
65.1883095	0.4136405
65.2716705	0.3949411
65.3550316	0.3801764
65.4383926	0.3758360
65.5217536	0.2796770
65.6051146	0.2264405
65.6884756	0.2565015
65.7718366	0.3043984
65.8551976	0.3232147
65.9385586	0.3829088
66.0219196	0.4142819
66.1052806	0.4439691
66.1886416	0.4652345
66.2720027	0.4304603
66.3553637	0.3846651
66.4387247	0.3283309
66.5220857	0.2678142
66.6054467	0.2678175
66.6888077	0.2423686
66.7721687	0.3046869
66.8555297	0.3651924
66.9388907	0.4211922
67.0222517	0.4937918
67.1056128	0.5083877
67.1889738	0.4333432
67.2723348	0.3899839
67.3556958	0.3752398
67.4390568	0.3447038
67.5224178	0.3068855
67.6057788	0.2375778
67.6891398	0.2261939
67.7725008	0.3508970
67.8558618	0.3756523
67.9392228	0.3957233
68.0225839	0.4773050
68.1059449	0.4777150
68.1893059	0.4576337
68.2726669	0.3955340
68.3560279	0.3888316
68.4393889	0.3591897
68.5227499	0.3344920
68.6061109	0.2791349
68.6894719	0.2940744
68.7728329	0.3434460
68.8561940	0.3670723
68.9395550	0.4010007
69.0229160	0.4431288
69.1062770	0.4297619
69.1896380	0.3640310
69.2729990	0.4021387
69.3563600	0.3895947
69.4397210	0.3501532
69.5230820	0.2934267
69.6064430	0.2398483
69.6898041	0.2530665
69.7731651	0.2544938
69.8565261	0.3666105
69.9398871	0.4164316
70.0232481	0.4566968
70.1066091	0.4886909
70.1899701	0.3990565
70.2733311	0.3994867
70.3566921	0.3837030
70.4400531	0.3117929
70.5234141	0.2879434
70.6067752	0.2422258
70.6901362	0.2688449
70.7734972	0.2589855
70.8568582	0.2666000
70.9402192	0.3506844
71.0235802	0.4016238
71.1069412	0.4375086
71.1903022	0.4495662
71.2736632	0.4110637
71.3570242	0.4035370
71.4403853	0.3797816
71.5237463	0.3330081
71.6071073	0.2618065
71.6904683	0.2551548
71.7738293	0.3130426
71.8571903	0.3512769
71.9405513	0.4033571
72.0239123	0.3985245
72.1072733	0.4260006
72.1906343	0.4102609
72.2739954	0.3882937
72.3573564	0.3961247
72.4407174	0.3800225
72.5240784	0.3015090
72.6074394	0.2471712
72.6908004	0.2630562
72.7741614	0.2866414
72.8575224	0.3370228
72.9408834	0.3666822
73.0242444	0.4490047
73.1076054	0.4756638
73.1909665	0.4260997
73.2743275	0.3987300
73.3576885	0.3781761
73.4410495	0.3845329
73.5244105	0.3116075
73.6077715	0.2511760
73.6911325	0.3037815
73.7744935	0.3284811
73.8578545	0.3906911
73.9412155	0.3957269
74.0245766	0.4539087
74.1079376	0.4539770
74.1912986	0.4555641
74.2746596	0.3965148
74.3580206	0.3602465
74.4413816	0.3176455
74.5247426	0.2421760
74.6081036	0.2444085
74.6914646	0.2655627
74.7748256	0.2901054
74.8581866	0.3465779
74.9415477	0.3929393
75.0249087	0.4024072
75.1082697	0.4355911
75.1916307	0.3896087
75.2749917	0.3738343
75.3583527	0.3716728
75.4417137	0.3448587
75.5250747	0.2776808
75.6084357	0.2384696
75.6917967	0.2653886
75.7751578	0.3339659
75.8585188	0.3521573
75.9418798	0.3770888
76.0252408	0.3783582
76.1086018	0.4579921
76.1919628	0.3858177
76.2753238	0.3970378
76.3586848	0.3811684
76.4420458	0.3335778
76.5254068	0.2958467
76.6087679	0.2422341
76.6921289	0.3080053
76.7754899	0.3201868
76.8588509	0.3878607
76.9422119	0.3907124
77.0255729	0.4915014
77.1089339	0.5042683
77.1922949	0.4070508
77.2756559	0.3750274
77.3590169	0.3569472
77.4423779	0.2726388
77.5257390	0.2362142
77.6091000	0.2144317
77.6924610	0.2403244
77.7758220	0.2872173
77.8591830	0.3159234
77.9425440	0.3982323
78.0259050	0.4231482
78.1092660	0.3990905
78.1926270	0.3924299
78.2759880	0.3809374
78.3593491	0.3777154
78.4427101	0.3754277
78.5260711	0.3274121
78.6094321	0.2704161
78.6927931	0.3076700
78.7761541	0.3513195
78.8595151	0.3645383
78.9428761	0.3761568
79.0262371	0.3852391
79.1095981	0.4411210
79.1929591	0.4424353
79.2763202	0.3855738
79.3596812	0.3622425
79.4430422	0.2953978
79.5264032	0.2248434
79.6097642	0.2245311
79.6931252	0.3045941
79.7764862	0.3465744
79.8598472	0.3509626
79.9432082	0.3940642
80.0265692	0.4588513
80.1099303	0.4941346
80.1932913	0.4946930
80.2766523	0.4345915
80.3600133	0.3966046
80.4433743	0.3731076
80.5267353	0.2900870
80.6100963	0.2522642
80.6934573	0.2671762
80.7768183	0.2946481
80.8601793	0.2940248
80.9435404	0.3501253
81.0269014	0.3597458
81.1102624	0.4026568
81.1936234	0.3867276
81.2769844	0.4026636
81.3603454	0.3772982
81.4437064	0.3481824
81.5270674	0.2894275
81.6104284	0.2285598
81.6937894	0.2244682
81.7771504	0.3009746
81.8605115	0.3236848
81.9438725	0.3868847
82.0272335	0.4772661
82.1105945	0.4816326
82.1939555	0.4858493
82.2773165	0.3990862
82.3606775	0.3761739
82.4440385	0.3854942
82.5273995	0.3232488
82.6107605	0.2445648
82.6941216	0.2527691
82.7774826	0.3006313
82.8608436	0.3246547
82.9442046	0.3503617
83.0275656	0.4487987
83.1109266	0.4758202
83.1942876	0.4833881
83.2776486	0.4106675
83.3610096	0.3842607
83.4443706	0.3737164
83.5277317	0.2988098
83.6110927	0.3038322
83.6944537	0.3283306
83.7778147	0.3576060
83.8611757	0.3738056
83.9445367	0.3794124
84.0278977	0.4910896
84.1112587	0.5061620
84.1946197	0.4750452
84.2779807	0.3922310
84.3613417	0.3610438
84.4447028	0.3098641
84.5280638	0.2513441
84.6114248	0.2402562
84.6947858	0.2829880
84.7781468	0.3826399
84.8615078	0.3956812
84.9448688	0.3938442
85.0282298	0.3906117
85.1115908	0.4224845
85.1949518	0.3903301
85.2783129	0.3829017
85.3616739	0.3412003
85.4450349	0.2833895
85.5283959	0.2257918
85.6117569	0.2157963
85.6951179	0.2628480
85.7784789	0.2736388
85.8618399	0.3731814
85.9452009	0.3844965
86.0285619	0.4273952
86.1119229	0.4411517
86.1952840	0.4029292
86.2786450	0.3988685
86.3620060	0.3770818
86.4453670	0.3314316
86.5287280	0.2590547
86.6120890	0.2328140
86.6954500	0.2960748
86.7788110	0.3287084
86.8621720	0.3528137
86.9455330	0.3807385
87.0288941	0.3942007
87.1122551	0.3975139
87.1956161	0.4083120
87.2789771	0.3844135
87.3623381	0.3753842
87.4456991	0.3690661
87.5290601	0.3162961
87.6124211	0.2712300
87.6957821	0.2599017
87.7791431	0.3106106
87.8625042	0.3223872
87.9458652	0.3743142
88.0292262	0.4033297
88.1125872	0.4355838
88.1959482	0.4596242
88.2793092	0.4108656
88.3626702	0.3940806
88.4460312	0.3586454
88.5293922	0.2883615
88.6127532	0.2281568
88.6961142	0.3162874
88.7794753	0.3136043
88.8628363	0.3377234
88.9461973	0.3583982
89.0295583	0.4096266
89.1129193	0.4650463
89.1962803	0.4806766
89.2796413	0.3838505
89.3630023	0.3818962
89.4463633	0.3590095
89.5297243	0.3278878
89.6130854	0.2663086
89.6964464	0.2840954
89.7798074	0.2969981
89.8631684	0.3652315
89.9465294	0.3934122
90.0298904	0.3766633
90.1132514	0.4645613
90.1966124	0.4184528
90.2799734	0.3754982
90.3633344	0.3633289
90.4466955	0.3019278
90.5300565	0.2892267
90.6134175	0.2520086
90.6967785	0.3135309
90.7801395	0.3101598
90.8635005	0.3236100
90.9468615	0.3681404
91.0302225	0.4831417
91.1135835	0.5142814
91.1969445	0.4921976
91.2803055	0.4138848
91.3636666	0.3727035
91.4470276	0.2905749
91.5303886	0.2227233
91.6137496	0.2349342
91.6971106	0.2744099
91.7804716	0.3563316
91.8638326	0.3926797
91.9471936	0.4112621
92.0305546	0.4904087
92.1139156	0.4305181
92.1972767	0.4036237
92.2806377	0.3961499
92.3639987	0.3679125
92.4473597	0.3103078
92.5307207	0.2544728
92.6140817	0.2471860
92.6974427	0.2930098
92.7808037	0.3839749
92.8641647	0.3710860
92.9475257	0.4403068
93.0308867	0.5144764
93.1142478	0.4914196
93.1976088	0.3894634
93.2809698	0.3949762
93.3643308	0.3974430
93.4476918	0.3416230
93.5310528	0.2747914
93.6144138	0.2291456
93.6977748	0.2475252
93.7811358	0.3254342
93.8644968	0.3854057
93.9478579	0.3969645
94.0312189	0.3849178
94.1145799	0.3866035
94.1979409	0.3979447
94.2813019	0.3799395
94.3646629	0.3658747
94.4480239	0.3077823
94.5313849	0.2601734
94.6147459	0.2328976
94.6981069	0.2980030
94.7814680	0.3099033
94.8648290	0.3882471
94.9481900	0.3943235
95.0315510	0.4460137
95.1149120	0.4626863
95.1982730	0.4882660
95.2816340	0.4170948
95.3649950	0.3821806
95.4483560	0.3055360
95.5317170	0.2736274
95.6150780	0.2572087
95.6984391	0.2810925
95.7818001	0.3194160
95.8651611	0.3709664
95.9485221	0.3725722
96.0318831	0.5114585
96.1152441	0.4788416
96.1986051	0.4165552
96.2819661	0.3987573
96.3653271	0.3644170
96.4486881	0.3134982
96.5320492	0.2618236
96.6154102	0.2444466
96.6987712	0.3365097
96.7821322	0.3326157
96.8654932	0.3748439
96.9488542	0.4419027
97.0322152	0.5144776
97.1155762	0.5144774
97.1989372	0.5130212
97.2822982	0.4031655
97.3656592	0.3613571
97.4490203	0.3413741
97.5323813	0.2925604
97.6157423	0.2320247
97.6991033	0.2350345
97.7824643	0.2578515
97.8658253	0.3269338
97.9491863	0.4035583
98.0325473	0.3960770
98.1159083	0.3860014
98.1992693	0.4712628
98.2826304	0.3938973
98.3659914	0.3997644
98.4493524	0.3699993
98.5327134	0.2771427
98.6160744	0.2400396
98.6994354	0.2910911
98.7827964	0.3353427
98.8661574	0.3788209
98.9495184	0.3917746
99.0328794	0.5052993
99.1162405	0.5144322
99.1996015	0.5144706
99.2829625	0.4895203
99.3663235	0.3783318
99.4496845	0.3420214
99.5330455	0.2843103
99.6164065	0.2904975
99.6997675	0.2931908
99.7831285	0.3334936
99.8664895	0.3625037
99.9498505	0.3864394
100.0332116	0.4580840
100.1165726	0.4588372
100.1999336	0.4674557
100.2832946	0.3797309
100.3666556	0.3597600
100.4500166	0.2875896
100.5333776	0.2356415
100.6167386	0.2188893
100.7000996	0.2443736
100.7834606	0.3277947
100.8668217	0.3757447
100.9501827	0.3766772
101.0335437	0.4649104
101.1169047	0.4826362
101.2002657	0.4943841
101.2836267	0.4018753
101.3669877	0.3912008
101.4503487	0.3985915
101.5337097	0.3421260
101.6170707	0.2805233
101.7004318	0.2578178
101.7837928	0.3105311
101.8671538	0.3437710
101.9505148	0.3521692
102.0338758	0.3880170
102.1172368	0.3953662
102.2005978	0.4021657
102.2839588	0.3892911
102.3673198	0.3689729
102.4506808	0.3598210
102.5340418	0.2913823
102.6174029	0.2581701
102.7007639	0.2952296
102.7841249	0.3098947
102.8674859	0.3249183
102.9508469	0.3795187
103.0342079	0.4188092
103.1175689	0.4873793
103.2009299	0.4958042
103.2842909	0.4157595
103.3676519	0.3984428
103.4510130	0.3550831
103.5343740	0.2579003
103.6177350	0.2209449
103.7010960	0.2517980
103.7844570	0.3426923
103.8678180	0.3564804
103.9511790	0.3572448
104.0345400	0.4244506
104.1179010	0.4647520
104.2012620	0.4125319
104.2846230	0.3810657
104.3679841	0.3607758
104.4513451	0.3172504
104.5347061	0.2725441
104.6180671	0.2397596
104.7014281	0.2274873
104.7847891	0.3247255
104.8681501	0.3956676
104.9515111	0.3823034
105.0348721	0.4857783
105.1182331	0.5113881
105.2015942	0.4787849
105.2849552	0.3908021
105.3683162	0.3800937
105.4516772	0.3341503
105.5350382	0.3140095
105.6183992	0.2528564
105.7017602	0.2776913
105.7851212	0.3802113
105.8684822	0.3905151
105.9518432	0.4064386
106.0352043	0.4822368
106.1185653	0.4680945
106.2019263	0.4034771
106.2852873	0.4013070
106.3686483	0.3930160
106.4520093	0.3520487
106.5353703	0.2433641
106.6187313	0.2232766
106.7020923	0.2963981
106.7854533	0.3240997
106.8688143	0.3791287
106.9521754	0.3912172
107.0355364	0.4313594
107.1188974	0.4564396
107.2022584	0.4577011
107.2856194	0.4399797
107.3689804	0.3952172
107.4523414	0.3503429
107.5357024	0.2761187
107.6190634	0.2352443
107.7024244	0.2230441
107.7857855	0.2767914
107.8691465	0.3335603
107.9525075	0.3683449
108.0358685	0.4149353
108.1192295	0.4383100
108.2025905	0.4678777
108.2859515	0.3929818
108.3693125	0.3962900
108.4526735	0.3553990
108.5360345	0.2729254
108.6193955	0.2582606
108.7027566	0.2724351
108.7861176	0.3504580
108.8694786	0.3563448
108.9528396	0.3657779
109.0362006	0.4419506
109.1195616	0.4573979
109.2029226	0.4640269
109.2862836	0.3897817
109.3696446	0.3799219
109.4530056	0.2926548
109.5363667	0.2703522
109.6197277	0.2198700
109.7030887	0.2643391
109.7864497	0.3578061
109.8698107	0.3852397
109.9531717	0.4164104
110.0365327	0.4803101
110.1198937	0.5058740
110.2032547	0.4204082
110.2866157	0.3907948
110.3699768	0.3769951
110.4533378	0.3139354
110.5366988	0.2944746
110.6200598	0.2572315
110.7034208	0.2661198
110.7867818	0.3561338
110.8701428	0.3670924
110.9535038	0.3591498
111.0368648	0.4507006
111.1202258	0.4644825
111.2035868	0.3965597
111.2869479	0.3936501
111.3703089	0.3853297
111.4536699	0.3165530
111.5370309	0.2495847
111.6203919	0.2265241
111.7037529	0.2756061
111.7871139	0.3430753
111.8704749	0.3565880
111.9538359	0.3712888
112.0371969	0.4140854
112.1205580	0.4694810
112.2039190	0.4431384
112.2872800	0.3880965
112.3706410	0.3825144
112.4540020	0.2870179
112.5373630	0.2326164
112.6207240	0.2239106
112.7040850	0.2764365
112.7874460	0.3559347
112.8708070	0.3925286
112.9541681	0.3874511
113.0375291	0.4925825
113.1208901	0.5144731
113.2042511	0.5116264
113.2876121	0.4173943
113.3709731	0.3718661
113.4543341	0.3805502
113.5376951	0.4041320
113.6210561	0.3124821
113.7044171	0.3015086
113.7877781	0.3107590
113.8711392	0.3370468
113.9545002	0.3945242
114.0378612	0.4480093
114.1212222	0.4555677
114.2045832	0.3991059
114.2879442	0.3974220
114.3713052	0.3614613
114.4546662	0.3628311
114.5380272	0.2617155
114.6213882	0.2305301
114.7047493	0.2285929
114.7881103	0.2625867
114.8714713	0.3398061
114.9548323	0.3962780
115.0381933	0.4432050
115.1215543	0.4414143
115.2049153	0.4447589
115.2882763	0.4045201
115.3716373	0.3434032
115.4549983	0.2665462
115.5383593	0.2434720
115.6217204	0.2396563
115.7050814	0.2854268
115.7884424	0.3136967
115.8718034	0.4016824
115.9551644	0.3749834
116.0385254	0.4242387
116.1218864	0.4380281
116.2052474	0.4380782
116.2886084	0.4499610
116.3719694	0.3859133
116.4553305	0.3332819
116.5386915	0.2619127
116.6220525	0.2263777
116.7054135	0.2408868
116.7887745	0.2870461
116.8721355	0.3414015
116.9554965	0.3705203
117.0388575	0.4097417
117.1222185	0.4809068
117.2055795	0.4480974
117.2889406	0.3986206
117.3723016	0.3962258
117.4556626	0.3545841
117.5390236	0.2665706
117.6223846	0.2260303
117.7057456	0.2831862
117.7891066	0.3196487
117.8724676	0.3811581
117.9558286	0.4586168
118.0391896	0.5141237
118.1225506	0.5144767
118.2059117	0.5029737
118.2892727	0.3910244
118.3726337	0.3650128
118.4559947	0.3472139
118.5393557	0.2963372
118.6227167	0.2309237
118.7060777	0.2551159
118.7894387	0.3137508
118.8727997	0.3706726
118.9561607	0.4309283
119.0395218	0.5143034
119.1228828	0.4780337
119.2062438	0.3871179
119.2896048	0.3826826
119.3729658	0.3653097
119.4563268	0.3572526
119.5396878	0.2963447
119.6230488	0.2670853
119.7064098	0.3048201
119.7897708	0.3464733
119.8731318	0.3941752
119.9564929	0.3922726
120.0398539	0.4208440
120.1232149	0.4252560
120.2065759	0.4668809
120.2899369	0.3995388
120.3732979	0.3665992
120.4566589	0.3259668
120.5400199	0.2941841
120.6233809	0.2704360
120.7067419	0.3204047
120.7901030	0.3364915
120.8734640	0.4017455
120.9568250	0.3868943
121.0401860	0.4595743
121.1235470	0.4825279
121.2069080	0.5133412
121.2902690	0.4743409
121.3736300	0.3926604
121.4569910	0.3875746
121.5403520	0.3386229
121.6237131	0.2510605
121.7070741	0.3163353
121.7904351	0.3790708
121.8737961	0.3856655
121.9571571	0.3934428
122.0405181	0.4160942
122.1238791	0.4689023
122.2072401	0.4241431
122.2906011	0.4020520
122.3739621	0.3961573
122.4573231	0.3622028
122.5406842	0.2596740
122.6240452	0.2330186
122.7074062	0.2442451
122.7907672	0.2871215
122.8741282	0.3387387
122.9574892	0.3835566
123.0408502	0.4099000
123.1242112	0.4188260
123.2075722	0.4016177
123.2909332	0.4018125
123.3742943	0.3785545
123.4576553	0.3465626
123.5410163	0.2703749
123.6243773	0.2292832
123.7077383	0.2798187
123.7910993	0.3265960
123.8744603	0.3716708
123.9578213	0.3974171
124.0411823	0.4432698
124.1245433	0.5144733
124.2079044	0.5144190
124.2912654	0.4371563
124.3746264	0.3784081
124.4579874	0.3763500
124.5413484	0.3274557
124.6247094	0.3053222
124.7080704	0.3209972
124.7914314	0.3581125
124.8747924	0.3851883
124.9581534	0.3880349
125.0415144	0.5093396
125.1248755	0.5126908
125.2082365	0.5124079
125.2915975	0.4292611
125.3749585	0.3706259
125.4583195	0.3679860
125.5416805	0.3001171
125.6250415	0.2325429
125.7084025	0.2271760
125.7917635	0.2919935
125.8751245	0.3538630
125.9584856	0.4158817
126.0418466	0.5078644
126.1252076	0.5084552
126.2085686	0.5084557
126.2919296	0.4757279
126.3752906	0.3786056
126.4586516	0.3537510
126.5420126	0.3083084
126.6253736	0.3114957
126.7087346	0.3360212
126.7920956	0.3834591
126.8754567	0.3952408
126.9588177	0.4464992
127.0421787	0.5015746
127.1255397	0.5144778
127.2089007	0.5127290
127.2922617	0.4799958
127.3756227	0.3952139
127.4589837	0.3974194
127.5423447	0.3349239
127.6257057	0.2402080
127.7090668	0.2438608
127.7924278	0.2833112
127.8757888	0.3667305
127.9591498	0.3904875
128.0425108	0.3924899
128.1258718	0.4040906
128.2092328	0.3911518
128.2925938	0.4078382
128.3759548	0.3851286
128.4593158	0.3710201
128.5426769	0.3028872
128.6260379	0.2418906
128.7093989	0.2534354
128.7927599	0.3523232
128.8761209	0.3844638
128.9594819	0.4058372
129.0428429	0.5053298
129.1262039	0.5119183
129.2095649	0.4535197
129.2929259	0.4044224
129.3762869	0.3936371
129.4596480	0.3656056
129.5430090	0.2948304
129.6263700	0.2744198
129.7097310	0.2804685
129.7930920	0.3404845
129.8764530	0.3786618
129.9598140	0.4539387
130.0431750	0.5116695
130.1265360	0.5119816
130.2098970	0.5069458
130.2932581	0.3920000
130.3766191	0.3762967
130.4599801	0.3715796
130.5433411	0.3143010
130.6267021	0.2567706
130.7100631	0.2641326
130.7934241	0.2737365
130.8767851	0.3521949
130.9601461	0.3665516
131.0435071	0.4038925
131.1268682	0.4491408
131.2102292	0.4623688
131.2935902	0.3957902
131.3769512	0.3889940
131.4603122	0.3506093
131.5436732	0.2843362
131.6270342	0.2457540
131.7103952	0.2961340
131.7937562	0.3669804
131.8771172	0.3735939
131.9604782	0.3787176
132.0438393	0.4067647
132.1272003	0.4913626
132.2105613	0.4614899
132.2939223	0.4059990
132.3772833	0.3826997
132.4606443	0.3777685
132.5440053	0.3162399
132.6273663	0.2821956
132.7107273	0.2917873
132.7940883	0.3777328
132.8774494	0.3943574
132.9608104	0.4067988
133.0441714	0.4336056
133.1275324	0.4363216
133.2108934	0.4207969
133.2942544	0.3816671
133.3776154	0.3686080
133.4609764	0.3209875
133.5443374	0.2960140
133.6276984	0.2833542
133.7110594	0.3239286
133.7944205	0.3384582
133.8777815	0.3731976
133.9611425	0.3844504
134.0445035	0.4711906
134.1278645	0.4799607
134.2112255	0.4686849
134.2945865	0.3995107
134.3779475	0.3736066
134.4613085	0.3100537
134.5446695	0.2572554
134.6280306	0.2513092
134.7113916	0.2748561
134.7947526	0.3128577
134.8781136	0.3364741
134.9614746	0.3710406
135.0448356	0.4135588
135.1281966	0.4020371
135.2115576	0.4259850
135.2949186	0.3987916
135.3782796	0.3897943
135.4616407	0.3455181
135.5450017	0.2833422
135.6283627	0.2381441
135.7117237	0.2511837
135.7950847	0.3041366
135.8784457	0.3663729
135.9618067	0.4026377
136.0451677	0.3822011
136.1285287	0.3888496
136.2118897	0.3783929
136.2952507	0.3712552
136.3786118	0.3566768
136.4619728	0.3235939
136.5453338	0.2567390
136.6286948	0.2336324
136.7120558	0.2402435
136.7954168	0.2567646
136.8787778	0.3287848
136.9621388	0.3696764
137.0454998	0.3844132
137.1288608	0.4325718
137.2122219	0.4386488
137.2955829	0.4091938
137.3789439	0.3664755
137.4623049	0.3433099
137.5456659	0.2633769
137.6290269	0.2318937
137.7123879	0.2747419
137.7957489	0.3180836
137.8791099	0.3323191
137.9624709	0.4089567
138.0458319	0.4415076
138.1291930	0.5144168
138.2125540	0.4701579
138.2959150	0.3967053
138.3792760	0.3981209
138.4626370	0.3407316
138.5459980	0.2357319
138.6293590	0.2359946
138.7127200	0.2546273
138.7960810	0.3311162
138.8794420	0.3889020
138.9628031	0.4183146
139.0461641	0.4832853
139.1295251	0.5011020
139.2128861	0.4421543
139.2962471	0.4041658
139.3796081	0.4025835
139.4629691	0.3763161
139.5463301	0.3426034
139.6296911	0.2542769
139.7130521	0.2483752
139.7964132	0.3063576
139.8797742	0.3788645
139.9631352	0.3951604
140.0464962	0.4793260
140.1298572	0.5043161
140.2132182	0.4866661
140.2965792	0.3897753
140.3799402	0.3834272
140.4633012	0.3480331
140.5466622	0.3170537
140.6300232	0.2426725
140.7133843	0.2591346
140.7967453	0.3552151
140.8801063	0.3677616
140.9634673	0.3585780
141.0468283	0.3822421
141.1301893	0.4082968
141.2135503	0.3789604
141.2969113	0.3782751
141.3802723	0.3488838
141.4636333	0.3058410
141.5469944	0.2705113
141.6303554	0.2441399
141.7137164	0.2479474
141.7970774	0.2995097
141.8804384	0.3354628
141.9637994	0.3443180
142.0471604	0.3795692
142.1305214	0.4295538
142.2138824	0.4618389
142.2972434	0.4057854
142.3806045	0.3792475
142.4639655	0.3610893
142.5473265	0.3077367
142.6306875	0.2549231
142.7140485	0.3007384
142.7974095	0.3994692
142.8807705	0.3886224
142.9641315	0.4088826
143.0474925	0.4717750
143.1308535	0.4755630
143.2142145	0.4766130
143.2975756	0.4823860
143.3809366	0.3838202
143.4642976	0.3978318
143.5476586	0.3838188
143.6310196	0.3096055
143.7143806	0.2813543
143.7977416	0.3270442
143.8811026	0.3746114
143.9644636	0.4096987
144.0478246	0.4276952
144.1311857	0.5043368
144.2145467	0.4895515
144.2979077	0.3928425
144.3812687	0.3868847
144.4646297	0.3530399
144.5479907	0.3210689
144.6313517	0.2948006
144.7147127	0.3219865
144.7980737	0.3358815
144.8814347	0.3757862
144.9647957	0.3809521
145.0481568	0.4887726
145.1315178	0.4727893
145.2148788	0.4320290
145.2982398	0.3825774
145.3816008	0.4018975
145.4649618	0.3592845
145.5483228	0.2950689
145.6316838	0.2451537
145.7150448	0.2835583
145.7984058	0.3450725
145.8817669	0.3811823
145.9651279	0.4123073
146.0484889	0.4322506
146.1318499	0.4339503
146.2152109	0.4802970
146.2985719	0.3850301
146.3819329	0.3812047
146.4652939	0.3474544
146.5486549	0.2698284
146.6320159	0.2579398
146.7153770	0.2857933
146.7987380	0.3304609
146.8820990	0.3534135
146.9654600	0.3692644
147.0488210	0.4377962
147.1321820	0.4654578
147.2155430	0.4638708
147.2989040	0.3998513
147.3822650	0.3866076
147.4656260	0.3168292
147.5489870	0.2764518
147.6323481	0.2514036
147.7157091	0.3323783
147.7990701	0.3607180
147.8824311	0.3673243
147.9657921	0.3717867
148.0491531	0.4105412
148.1325141	0.4435234
148.2158751	0.3755449
148.2992361	0.3958851
148.3825971	0.3766717
148.4659582	0.3723718
148.5493192	0.3152734
148.6326802	0.3000732
148.7160412	0.2819697
148.7994022	0.2987022
148.8827632	0.3995068
148.9661242	0.4010064
149.0494852	0.4144515
149.1328462	0.5015187
149.2162072	0.5098082
149.2995682	0.4084663
149.3829293	0.3853484
149.4662903	0.3993159
149.5496513	0.3342786
149.6330123	0.2718960
149.7163733	0.2863909
149.7997343	0.2945739
149.8830953	0.3429272
149.9664563	0.3689249
150.0498173	0.4286923
150.1331783	0.4702083
150.2165394	0.4032845
150.2999004	0.3993602
150.3832614	0.3888315
150.4666224	0.3646845
150.5499834	0.2730068
150.6333444	0.2478621
150.7167054	0.2580316
150.8000664	0.2861977
150.8834274	0.3999117
150.9667884	0.4165756
151.0501495	0.4128747
151.1335105	0.5144673
151.2168715	0.4620815
151.3002325	0.3952331
151.3835935	0.3967053
151.4669545	0.3645952
151.5503155	0.2702851
151.6336765	0.2506531
151.7170375	0.2530861
151.8003985	0.3237567
151.8837595	0.3692717
151.9671206	0.3676991
152.0504816	0.4751285
152.1338426	0.4769724
152.2172036	0.4119152
152.3005646	0.3987937
152.3839256	0.3896374
152.4672866	0.3307632
152.5506476	0.2757812
152.6340086	0.2418157
152.7173696	0.3252816
152.8007307	0.3707188
152.8840917	0.3828277
152.9674527	0.3844086
153.0508137	0.3920965
153.1341747	0.4160289
153.2175357	0.3882304
153.3008967	0.3709206
153.3842577	0.3455141
153.4676187	0.3230683
153.5509797	0.2847067
153.6343408	0.2378861
153.7177018	0.2534750
153.8010628	0.3196976
153.8844238	0.3818502
153.9677848	0.3951982
154.0511458	0.4890254
154.1345068	0.5033626
154.2178678	0.4546801
154.3012288	0.4066286
154.3845898	0.4019256
154.4679508	0.3883746
154.5513119	0.3100398
154.6346729	0.2597761
154.7180339	0.2747082
154.8013949	0.3770112
154.8847559	0.3762021
154.9681169	0.3992344
155.0514779	0.4581223
155.1348389	0.3771526
155.2181999	0.3763257
155.3015609	0.3845197
155.3849220	0.3548865
155.4682830	0.3045902
155.5516440	0.2875746
155.6350050	0.2551065
155.7183660	0.2358498
155.8017270	0.2694112
155.8850880	0.3345802
155.9684490	0.3668402
156.0518100	0.3710371
156.1351710	0.3878444
156.2185320	0.4001840
156.3018931	0.3959204
156.3852541	0.3482393
156.4686151	0.3657008
156.5519761	0.2700607
156.6353371	0.2715494
156.7186981	0.2610462
156.8020591	0.2974326
156.8854201	0.3307910
156.9687811	0.3697449
157.0521421	0.4168080
157.1355032	0.4841663
157.2188642	0.4196886
157.3022252	0.3828473
157.3855862	0.3603957
157.4689472	0.3101711
157.5523082	0.2663023
157.6356692	0.2359276
157.7190302	0.2765399
157.8023912	0.2938895
157.8857522	0.3750787
157.9691133	0.3743009
158.0524743	0.4020270
158.1358353	0.4620012
158.2191963	0.4265684
158.3025573	0.4001759
158.3859183	0.3836136
158.4692793	0.3267583
158.5526403	0.2752905
158.6360013	0.3001929
158.7193623	0.2976588
158.8027233	0.3379459
158.8860844	0.3989078
158.9694454	0.3973291
159.0528064	0.4207686
159.1361674	0.4039247
159.2195284	0.3828461
159.3028894	0.3698353
159.3862504	0.3348585
159.4696114	0.3236017
159.5529724	0.3195121
159.6363334	0.2608790
159.7196945	0.3129034
159.8030555	0.3383700
159.8864165	0.3506923
159.9697775	0.3676491
160.0531385	0.3837590
160.1364995	0.3915541
160.2198605	0.4070887
160.3032215	0.3991157
160.3865825	0.3780805
160.4699435	0.3566020
160.5533045	0.3095326
160.6366656	0.2445711
160.7200266	0.2351564
160.8033876	0.3039320
160.8867486	0.3360863
160.9701096	0.3511088
161.0534706	0.3666703
161.1368316	0.3978408
161.2201926	0.3801891
161.3035536	0.3948582
161.3869146	0.4028423
161.4702757	0.3263152
161.5536367	0.2724867
161.6369977	0.2632375
161.7203587	0.2780191
161.8037197	0.3318951
161.8870807	0.3557090
161.9704417	0.3791082
162.0538027	0.4404626
162.1371637	0.4021864
162.2205247	0.3862952
162.3038858	0.3746727
162.3872468	0.3631307
162.4706078	0.3351551
162.5539688	0.2843710
162.6373298	0.2467710
162.7206908	0.2549703
162.8040518	0.3107038
162.8874128	0.3607575
162.9707738	0.3706828
163.0541348	0.3716485
163.1374958	0.3744762
163.2208569	0.3989844
163.3042179	0.3840267
163.3875789	0.3375234
163.4709399	0.3341785
163.5543009	0.2727859
163.6376619	0.2433293
163.7210229	0.2547548
163.8043839	0.3158591
163.8877449	0.3704922
163.9711059	0.3960871
164.0544670	0.4225188
164.1378280	0.4015145
164.2211890	0.4024919
164.3045500	0.4015594
164.3879110	0.3901927
164.4712720	0.3122543
164.5546330	0.2645204
164.6379940	0.2538446
164.7213550	0.2685909
164.8047160	0.3181819
164.8880771	0.3824167
164.9714381	0.4102611
165.0547991	0.4529735
165.1381601	0.5008900
165.2215211	0.4385014
165.3048821	0.3960993
165.3882431	0.3710008
165.4716041	0.3001155
165.5549651	0.2449267
165.6383261	0.2425070
165.7216871	0.2427547
165.8050482	0.3120200
165.8884092	0.3674107
165.9717702	0.3980560
166.0551312	0.4684145
166.1384922	0.3785000
166.2218532	0.3911591
166.3052142	0.4064175
166.3885752	0.3910485
166.4719362	0.3403311
166.5552972	0.3067035
166.6386583	0.2550495
166.7220193	0.2604636
166.8053803	0.2627949
166.8887413	0.2980929
166.9721023	0.3876217
167.0554633	0.4133831
167.1388243	0.3902054
167.2221853	0.3993469
167.3055463	0.3973719
167.3889073	0.3970777
167.4722683	0.3237596
167.5556294	0.2664192
167.6389904	0.2313092
167.7223514	0.3235378
167.8057124	0.3783479
167.8890734	0.3988021
167.9724344	0.4039744
168.0557954	0.4416423
168.1391564	0.4916119
168.2225174	0.4335453
168.3058784	0.3987553
168.3892395	0.3901814
168.4726005	0.3342617
168.5559615	0.2465334
168.6393225	0.2246094
168.7226835	0.3097768
168.8060445	0.3107783
168.8894055	0.3657297
168.9727665	0.3935067
169.0561275	0.3679117
169.1394885	0.3941941
169.2228496	0.4426125
169.3062106	0.3903905
169.3895716	0.3932978
169.4729326	0.3291428
169.5562936	0.2491286
169.6396546	0.2701026
169.7230156	0.2566029
169.8063766	0.3493847
169.8897376	0.3907425
169.9730986	0.3983375
170.0564596	0.3924921
170.1398207	0.5015409
170.2231817	0.4936228
170.3065427	0.3807467
170.3899037	0.3627075
170.4732647	0.2894558
170.5566257	0.2708052
170.6399867	0.2539594
170.7233477	0.2996268
170.8067087	0.3034793
170.8900697	0.3683485
170.9734308	0.3994252
171.0567918	0.4778923
171.1401528	0.5003905
171.2235138	0.4054027
171.3068748	0.3977780
171.3902358	0.3840391
171.4735968	0.2914264
171.5569578	0.2702853
171.6403188	0.2630120
171.7236798	0.2788721
171.8070409	0.3560466
171.8904019	0.4095897
171.9737629	0.4101721
172.0571239	0.4157115
172.1404849	0.4322577
172.2238459	0.3845024
172.3072069	0.3969312
172.3905679	0.3723232
172.4739289	0.3238550
172.5572899	0.2865179
172.6406509	0.2450997
172.7240120	0.2721816
172.8073730	0.2832104
172.8907340	0.3507405
172.9740950	0.3936390
173.0574560	0.4615974
173.1408170	0.4121580
173.2241780	0.4034404
173.3075390	0.3789658
173.3909000	0.3834073
173.4742610	0.3472551
173.5576221	0.2646745
173.6409831	0.2573948
173.7243441	0.2791800
173.8077051	0.3057845
173.8910661	0.3341484
173.9744271	0.3638398
174.0577881	0.3633556
174.1411491	0.4187628
174.2245101	0.3956989
174.3078711	0.3933322
174.3912321	0.3892083
174.4745932	0.3784588
174.5579542	0.3041328
174.6413152	0.3108832
174.7246762	0.3568700
174.8080372	0.3798453
174.8913982	0.3974257
174.9747592	0.3861983
175.0581202	0.3847703
175.1414812	0.3901281
175.2248422	0.3961933
175.3082033	0.4122209
175.3915643	0.3818243
175.4749253	0.3754825
175.5582863	0.3304631
175.6416473	0.3169481
175.7250083	0.3612452
175.8083693	0.3521689
175.8917303	0.3893188
175.9750913	0.3931040
176.0584523	0.3930582
176.1418134	0.3764966
176.2251744	0.3792575
176.3085354	0.3684369
176.3918964	0.3196175
176.4752574	0.2507893
176.5586184	0.2279457
176.6419794	0.2356533
176.7253404	0.2488765
176.8087014	0.2960057
176.8920624	0.3719566
176.9754234	0.4026402
177.0587845	0.4096570
177.1421455	0.5138954
177.2255065	0.4682624
177.3088675	0.4110814
177.3922285	0.3852619
177.4755895	0.3629413
177.5589505	0.3071483
177.6423115	0.2859084
177.7256725	0.3251925
177.8090335	0.3276449
177.8923946	0.3309291
177.9757556	0.3549451
178.0591166	0.4398599
178.1424776	0.4139721
178.2258386	0.3982534
178.3091996	0.3991711
178.3925606	0.3841369
178.4759216	0.3132310
178.5592826	0.2905497
178.6426436	0.3105142
178.7260046	0.3385715
178.8093657	0.3762097
178.8927267	0.3675248
178.9760877	0.3629400
179.0594487	0.3665577
179.1428097	0.3637267
179.2261707	0.3956202
179.3095317	0.3990169
179.3928927	0.3605951
179.4762537	0.2817759
179.5596147	0.2420507
179.6429758	0.2269896
179.7263368	0.2543237
179.8096978	0.2667213
179.8930588	0.2612057
179.9764198	0.3079636
180.0597808	0.3518514
180.1431418	0.3717407
180.2265028	0.3784502
180.3098638	0.3796187
180.3932248	0.3666329
180.4765859	0.3030486
180.5599469	0.2494880
180.6433079	0.2246320
180.7266689	0.2304093
180.8100299	0.2570089
180.8933909	0.3455700
180.9767519	0.3862226
181.0601129	0.4242085
181.1434739	0.3917234
181.2268349	0.3787652
181.3101959	0.3786435
181.3935570	0.3591616
181.4769180	0.2792122
181.5602790	0.2317830
181.6436400	0.2290331
181.7270010	0.2468640
181.8103620	0.2862538
181.8937230	0.3174755
181.9770840	0.3617633
182.0604450	0.3653976
182.1438060	0.3912115
182.2271671	0.3872775
182.3105281	0.3807343
182.3938891	0.3863079
182.4772501	0.3062927
182.5606111	0.2498632
182.6439721	0.2436737
182.7273331	0.3482332
182.8106941	0.3469218
182.8940551	0.3847418
182.9774161	0.3829415
183.0607772	0.3809178
183.1441382	0.3898148
183.2274992	0.3773966
183.3108602	0.3668418
183.3942212	0.3208417
183.4775822	0.2731918
183.5609432	0.2411290
183.6443042	0.2333968
183.7276652	0.2610130
183.8110262	0.3627950
183.8943872	0.3925266
183.9777483	0.3831771
184.0611093	0.4909687
184.1444703	0.5011065
184.2278313	0.4920807
184.3111923	0.3922902
184.3945533	0.3726436
184.4779143	0.3523671
184.5612753	0.2974185
184.6446363	0.2610832
184.7279973	0.2541189
184.8113584	0.2799787
184.8947194	0.3795562
184.9780804	0.4051854
185.0614414	0.4336985
185.1448024	0.4045115
185.2281634	0.3985043
185.3115244	0.3841347
185.3948854	0.3892748
185.4782464	0.3317723
185.5616074	0.2790779
185.6449684	0.2503049
185.7283295	0.3040708
185.8116905	0.3798285
185.8950515	0.4050005
185.9784125	0.3935395
186.0617735	0.4098299
186.1451345	0.4276617
186.2284955	0.3765866
186.3118565	0.3644167
186.3952175	0.3518047
186.4785785	0.3957959
186.5619396	0.3567739
186.6453006	0.3037913
186.7286616	0.3446763
186.8120226	0.3781334
186.8953836	0.3843475
186.9787446	0.4004895
187.0621056	0.4249858
187.1454666	0.4937526
187.2288276	0.4050783
187.3121886	0.3928178
187.3955497	0.3526669
187.4789107	0.3052123
187.5622717	0.2667782
187.6456327	0.2819514
187.7289937	0.3855178
187.8123547	0.3888436
187.8957157	0.3936905
187.9790767	0.3796695
188.0624377	0.4514160
188.1457987	0.4833117
188.2291597	0.4059499
188.3125208	0.3777345
188.3958818	0.3777636
188.4792428	0.3841816
188.5626038	0.3007190
188.6459648	0.2437474
188.7293258	0.2705383
188.8126868	0.3069322
188.8960478	0.3671108
188.9794088	0.3681910
189.0627698	0.3822817
189.1461309	0.4381681
189.2294919	0.4013250
189.3128529	0.3865339
189.3962139	0.3626871
189.4795749	0.2833596
189.5629359	0.2647093
189.6462969	0.2498071
189.7296579	0.2704908
189.8130189	0.3378302
189.8963799	0.4137371
189.9797409	0.3974192
190.0631020	0.3954640
190.1464630	0.4305983
190.2298240	0.4292076
190.3131850	0.4014429
190.3965460	0.3652788
190.4799070	0.2931098
190.5632680	0.2363996
190.6466290	0.2470330
190.7299900	0.2973497
190.8133510	0.3676189
190.8967121	0.3797323
190.9800731	0.3827803
191.0634341	0.3988212
191.1467951	0.4024895
191.2301561	0.3920667
191.3135171	0.3852648
191.3968781	0.3669999
191.4802391	0.3319402
191.5636001	0.2531864
191.6469611	0.2470167
191.7303222	0.3182154
191.8136832	0.3044380
191.8970442	0.3216605
191.9804052	0.3444616
192.0637662	0.3504402
192.1471272	0.3992884
192.2304882	0.3937606
192.3138492	0.3794290
192.3972102	0.3773334
192.4805712	0.3230318
192.5639322	0.2662831
192.6472933	0.2592625
192.7306543	0.2739885
192.8140153	0.3010371
192.8973763	0.3682612
192.9807373	0.3930778
193.0640983	0.3896079
193.1474593	0.3997786
193.2308203	0.3671406
193.3141813	0.3805289
193.3975423	0.3560067
193.4809034	0.3082449
193.5642644	0.2840921
193.6476254	0.3061948
193.7309864	0.2775927
193.8143474	0.3002568
193.8977084	0.3641393
193.9810694	0.3745892
194.0644304	0.3839557
194.1477914	0.3919526
194.2311524	0.3968814
194.3145135	0.3823199
194.3978745	0.3345421
194.4812355	0.2801623
194.5645965	0.2699199
194.6479575	0.2908953
194.7313185	0.3086320
194.8146795	0.3552809
194.8980405	0.3857710
194.9814015	0.3850379
195.0647625	0.4186415
195.1481235	0.4026407
195.2314846	0.3978496
195.3148456	0.3965690
195.3982066	0.3622005
195.4815676	0.2899458
195.5649286	0.2784718
195.6482896	0.2762307
195.7316506	0.2980331
195.8150116	0.2879373
195.8983726	0.3176248
195.9817336	0.3596836
196.0650947	0.3892727
196.1484557	0.4024498
196.2318167	0.3930379
196.3151777	0.3991942
196.3985387	0.3931607
196.4818997	0.2958698
196.5652607	0.2737044
196.6486217	0.2749303
196.7319827	0.2499628
196.8153437	0.3421180
196.8987047	0.3836564
196.9820658	0.3805631
197.0654268	0.3844098
197.1487878	0.3897337
197.2321488	0.3955859
197.3155098	0.3867671
197.3988708	0.3771003
197.4822318	0.3380208
197.5655928	0.2648140
197.6489538	0.2708749
197.7323148	0.2632712
197.8156759	0.2994635
197.8990369	0.3682761
197.9823979	0.3937797
198.0657589	0.4077391
198.1491199	0.5013882
198.2324809	0.4278640
198.3158419	0.3863664
198.3992029	0.3784298
198.4825639	0.3894286
198.5659249	0.2995116
198.6492860	0.2774450
198.7326470	0.2907938
198.8160080	0.3596689
198.8993690	0.3899235
198.9827300	0.3983772
199.0660910	0.3815725
199.1494520	0.3990879
199.2328130	0.4095559
199.3161740	0.4043543
199.3995350	0.3589203
199.4828960	0.3276638
199.5662571	0.2599775
199.6496181	0.2479832
199.7329791	0.3239686
199.8163401	0.3186524
199.8997011	0.3993171
199.9830621	0.4014633
200.0664231	0.4166360
200.1497841	0.4285302
200.2331451	0.4202663
200.3165061	0.3938787
200.3998672	0.3718693
200.4832282	0.3288087
200.5665892	0.2587163
200.6499502	0.2349004
200.7333112	0.2822222
200.8166722	0.3157215
200.9000332	0.3502299
200.9833942	0.3668120
201.0667552	0.4259722
201.1501162	0.3987360
201.2334773	0.3876638
201.3168383	0.3820260
201.4001993	0.3534555
201.4835603	0.3272505
201.5669213	0.3028268
201.6502823	0.2719347
201.7336433	0.3229114
201.8170043	0.3581707
201.9003653	0.3712541
201.9837263	0.3939134
202.0670873	0.3816170
202.1504484	0.4058697
202.2338094	0.3858462
202.3171704	0.3860447
202.4005314	0.3332120
202.4838924	0.3162460
202.5672534	0.2718846
202.6506144	0.2441382
202.7339754	0.3200126
202.8173364	0.3466238
202.9006974	0.3830811
202.9840585	0.3855128
203.0674195	0.3924830
203.1507805	0.3892003
203.2341415	0.3982338
203.3175025	0.3852204
203.4008635	0.3233136
203.4842245	0.3034503
203.5675855	0.2617764
203.6509465	0.2439993
203.7343075	0.2649092
203.8176685	0.3034120
203.9010296	0.3663134
203.9843906	0.3775708
204.0677516	0.3982228
204.1511126	0.4230177
204.2344736	0.4026938
204.3178346	0.4004843
204.4011956	0.3705485
204.4845566	0.3318685
204.5679176	0.2947359
204.6512786	0.2676559
204.7346397	0.2772287
204.8180007	0.3238923
204.9013617	0.3563725
204.9847227	0.3769689
205.0680837	0.3906933
205.1514447	0.3945624
205.2348057	0.4035671
205.3181667	0.3965128
205.4015277	0.3462586
205.4848887	0.3237903
205.5682498	0.2560282
205.6516108	0.2371262
205.7349718	0.3297668
205.8183328	0.3371178
205.9016938	0.3775578
205.9850548	0.3760525
206.0684158	0.3959720
206.1517768	0.3835489
206.2351378	0.4063228
206.3184988	0.3648951
206.4018598	0.3368390
206.4852209	0.3245176
206.5685819	0.2510076
206.6519429	0.2351087
206.7353039	0.3294469
206.8186649	0.3811200
206.9020259	0.3708376
206.9853869	0.3927208
207.0687479	0.4065098
207.1521089	0.3910390
207.2354699	0.3965423
207.3188310	0.3833388
207.4021920	0.3547887
207.4855530	0.3138970
207.5689140	0.2966461
207.6522750	0.2569677
207.7356360	0.2593279
207.8189970	0.3539995
207.9023580	0.4003483
207.9857190	0.3909043
208.0690800	0.4020041
208.1524410	0.3959880
208.2358021	0.4081858
208.3191631	0.3888407
208.4025241	0.3859934
208.4858851	0.3778599
208.5692461	0.3332340
208.6526071	0.3514525
208.7359681	0.3320633
208.8193291	0.3548312
208.9026901	0.3763043
208.9860511	0.3846288
209.0694122	0.3804752
209.1527732	0.3929440
209.2361342	0.3855658
209.3194952	0.3826394
209.4028562	0.3779639
209.4862172	0.3217382
209.5695782	0.2652974
209.6529392	0.2496303
209.7363002	0.2709207
209.8196612	0.3276230
209.9030223	0.3647401
209.9863833	0.3827853
210.0697443	0.3943993
210.1531053	0.3920524
210.2364663	0.3987453
210.3198273	0.3954918
210.4031883	0.3612901
210.4865493	0.2982712
210.5699103	0.3113616
210.6532713	0.2964745
210.7366323	0.3100396
210.8199934	0.3380753
210.9033544	0.3624074
210.9867154	0.3851700
211.0700764	0.3890561
211.1534374	0.4167973
211.2367984	0.3978554
211.3201594	0.3786364
211.4035204	0.3253223
211.4868814	0.3406821
211.5702424	0.2845131
211.6536035	0.2533724
211.7369645	0.2945331
211.8203255	0.3203209
211.9036865	0.3792421
211.9870475	0.3861529
212.0704085	0.3776759
212.1537695	0.3955588
212.2371305	0.3879503
212.3204915	0.3668620
212.4038525	0.3784455
212.4872136	0.3785059
212.5705746	0.3029050
212.6539356	0.2910002
212.7372966	0.3159725
212.8206576	0.3280841
212.9040186	0.3748446
212.9873796	0.3812475
213.0707406	0.4486557
213.1541016	0.4228725
213.2374626	0.3831936
213.3208236	0.3974068
213.4041847	0.3393250
213.4875457	0.3337481
213.5709067	0.3001077
213.6542677	0.2788270
213.7376287	0.2921135
213.8209897	0.2953750
213.9043507	0.3557959
213.9877117	0.4038706
214.0710727	0.3959907
214.1544337	0.3815238
214.2377948	0.3732908
214.3211558	0.3950086
214.4045168	0.3872903
214.4878778	0.3542134
214.5712388	0.3221471
214.6545998	0.3364459
214.7379608	0.3500264
214.8213218	0.3644430
214.9046828	0.3896677
214.9880438	0.3948102
215.0714048	0.3792415
215.1547659	0.4525522
215.2381269	0.4140639
215.3214879	0.3879176
215.4048489	0.3603592
215.4882099	0.3284113
215.5715709	0.2677498
215.6549319	0.2952521
215.7382929	0.3259255
215.8216539	0.3399112
215.9050149	0.3860209
215.9883760	0.4067076
216.0717370	0.4049212
216.1550980	0.4316306
216.2384590	0.3925153
216.3218200	0.3820755
216.4051810	0.3911078
216.4885420	0.3079616
216.5719030	0.2612994
216.6552640	0.2522175
216.7386250	0.2751231
216.8219861	0.2972286
216.9053471	0.3217143
216.9887081	0.3789666
217.0720691	0.3793092
217.1554301	0.3974483
217.2387911	0.4113216
217.3221521	0.3941880
217.4055131	0.3630582
217.4888741	0.3028686
217.5722351	0.2765653
217.6555961	0.2634182
217.7389572	0.2735782
217.8223182	0.3091487
217.9056792	0.3517500
217.9890402	0.3829321
218.0724012	0.3803133
218.1557622	0.3946172
218.2391232	0.3973706
218.3224842	0.4005995
218.4058452	0.3604800
218.4892062	0.2950501
218.5725673	0.2667300
218.6559283	0.2770414
218.7392893	0.2967944
218.8226503	0.2785019
218.9060113	0.3185235
218.9893723	0.3380656
219.0727333	0.3902288
219.1560943	0.4207583
219.2394553	0.3848836
219.3228163	0.3874731
219.4061773	0.3993506
219.4895384	0.3246779
219.5728994	0.2636202
219.6562604	0.2431461
219.7396214	0.2983892
219.8229824	0.3421693
219.9063434	0.3691004
219.9897044	0.3981350
220.0730654	0.4183036
220.1564264	0.4268247
220.2397874	0.3972990
220.3231485	0.3797312
220.4065095	0.3112089
220.4898705	0.2984713
220.5732315	0.2752881
220.6565925	0.2400220
220.7399535	0.2563317
220.8233145	0.3769605
220.9066755	0.3700635
220.9900365	0.3696041
221.0733975	0.3777758
221.1567586	0.3879468
221.2401196	0.3760721
221.3234806	0.3974246
221.4068416	0.3731400
221.4902026	0.3628796
221.5735636	0.3056679
221.6569246	0.2683209
221.7402856	0.2605182
221.8236466	0.3074247
221.9070076	0.3799943
221.9903686	0.3876679
222.0737297	0.4003562
222.1570907	0.3980170
222.2404517	0.3947630
222.3238127	0.4021646
222.4071737	0.3759190
222.4905347	0.3307510
222.5738957	0.2985405
222.6572567	0.2682084
222.7406177	0.3822123
222.8239787	0.3879372
222.9073398	0.3981744
222.9907008	0.4089846
223.0740618	0.4024850
223.1574228	0.3976809
223.2407838	0.3847896
223.3241448	0.3807282
223.4075058	0.3512930
223.4908668	0.3254619
223.5742278	0.3156329
223.6575888	0.3055264
223.7409499	0.3546796
223.8243109	0.3745784
223.9076719	0.3988521
223.9910329	0.4057340
224.0743939	0.3930372
224.1577549	0.3864945
224.2411159	0.3878326
224.3244769	0.3959289
224.4078379	0.3853795
224.4911989	0.3388333
224.5745599	0.3173036
224.6579210	0.2646840
224.7412820	0.3206099
224.8246430	0.3676290
224.9080040	0.3642380
224.9913650	0.4017324
225.0747260	0.4010842
225.1580870	0.3777113
225.2414480	0.3729275
225.3248090	0.3921846
225.4081700	0.3782793
225.4915311	0.3446729
225.5748921	0.2786458
225.6582531	0.2658826
225.7416141	0.2937770
225.8249751	0.3058841
225.9083361	0.3620177
225.9916971	0.3904251
226.0750581	0.4005637
226.1584191	0.3959359
226.2417801	0.4033154
226.3251411	0.3918012
226.4085022	0.3692504
226.4918632	0.2968043
226.5752242	0.2706467
226.6585852	0.2733409
226.7419462	0.2743316
226.8253072	0.2800019
226.9086682	0.3287853
226.9920292	0.3586640
227.0753902	0.3975815
227.1587512	0.3884598
227.2421123	0.3988432
227.3254733	0.3977912
227.4088343	0.3895732
227.4921953	0.3183541
227.5755563	0.2796773
227.6589173	0.2593147
227.7422783	0.2825164
227.8256393	0.3013155
227.9090003	0.3676788
227.9923613	0.3923973
228.0757224	0.3915723
228.1590834	0.3793393
228.2424444	0.3820288
228.3258054	0.3579111
228.4091664	0.3340935
228.4925274	0.2940658
228.5758884	0.2545903
228.6592494	0.2437729
228.7426104	0.2994387
228.8259714	0.2962906
228.9093324	0.3534216
228.9926935	0.3864229
229.0760545	0.3967023
229.1594155	0.3976839
229.2427765	0.3879615
229.3261375	0.4054167
229.4094985	0.3824493
229.4928595	0.3366295
229.5762205	0.3287600
229.6595815	0.2806205
229.7429425	0.2537639
229.8263036	0.3372023
229.9096646	0.3923385
229.9930256	0.3884518
230.0763866	0.3864298
230.1597476	0.3839592
230.2431086	0.3762595
230.3264696	0.4046612
230.4098306	0.3842076
230.4931916	0.3422264
230.5765526	0.3262900
230.6599136	0.2972336
230.7432747	0.2753730
230.8266357	0.3343236
230.9099967	0.3710425
230.9933577	0.3799524
231.0767187	0.3989650
231.1600797	0.3967828
231.2434407	0.3929683
231.3268017	0.4078308
231.4101627	0.4002073
231.4935237	0.3621174
231.5768848	0.3084553
231.6602458	0.2755918
231.7436068	0.2838054
231.8269678	0.3358024
231.9103288	0.3978705
231.9936898	0.3842316
232.0770508	0.3729270
232.1604118	0.3649936
232.2437728	0.3739738
232.3271338	0.3967199
232.4104949	0.3857132
232.4938559	0.3450494
232.5772169	0.2910922
232.6605779	0.2510134
232.7439389	0.2993543
232.8272999	0.2897696
232.9106609	0.3314098
232.9940219	0.3784615
233.0773829	0.3818234
233.1607439	0.4051467
233.2441049	0.4057087
233.3274660	0.3849297
233.4108270	0.3718882
233.4941880	0.3224764
233.5775490	0.2772102
233.6609100	0.2577908
233.7442710	0.2762882
233.8276320	0.3381994
233.9109930	0.3425029
233.9943540	0.3701000
234.0777150	0.3757069
234.1610761	0.3877251
234.2444371	0.3816305
234.3277981	0.3811220
234.4111591	0.3457090
234.4945201	0.3093727
234.5778811	0.3052142
234.6612421	0.2866676
234.7446031	0.2534516
234.8279641	0.2877881
234.9113251	0.3479913
234.9946862	0.3511934
235.0780472	0.3609165
235.1614082	0.3984017
235.2447692	0.3811688
235.3281302	0.3851496
235.4114912	0.3577465
235.4948522	0.3334728
235.5782132	0.2744696
235.6615742	0.2669800
235.7449352	0.2726363
235.8282962	0.3736009
235.9116573	0.3848075
235.9950183	0.4032319
236.0783793	0.4263303
236.1617403	0.4380021
236.2451013	0.4001748
236.3284623	0.3887213
236.4118233	0.3620612
236.4951843	0.3440825
236.5785453	0.2657245
236.6619063	0.2452817
236.7452674	0.2752227
236.8286284	0.3346220
236.9119894	0.3502519
236.9953504	0.3809593
237.0787114	0.3952433
237.1620724	0.4071352
237.2454334	0.4021261
237.3287944	0.4172185
237.4121554	0.3986033
237.4955164	0.3465287
237.5788774	0.2800510
237.6622385	0.2578405
237.7455995	0.2897322
237.8289605	0.3355191
237.9123215	0.3665770
237.9956825	0.3687615
238.0790435	0.3844430
238.1624045	0.3956384
238.2457655	0.4025063
238.3291265	0.3970847
238.4124875	0.3749979
238.4958486	0.3180242
238.5792096	0.2760648
238.6625706	0.2546983
238.7459316	0.2655471
238.8292926	0.2928050
238.9126536	0.3536929
238.9960146	0.3737941
239.0793756	0.3633665
239.1627366	0.3729373
239.2460976	0.3751884
239.3294587	0.3806789
239.4128197	0.3697877
239.4961807	0.3161644
239.5795417	0.3209980
239.6629027	0.2811113
239.7462637	0.2723957
239.8296247	0.3781511
239.9129857	0.3821456
239.9963467	0.3873922
240.0797077	0.3963960
240.1630687	0.3848787
240.2464298	0.3924096
240.3297908	0.3907178
240.4131518	0.3792896
240.4965128	0.3236270
240.5798738	0.3072187
240.6632348	0.2584904
240.7465958	0.2446869
240.8299568	0.3219804
240.9133178	0.3277598
240.9966788	0.3403588
241.0800399	0.3746986
241.1634009	0.4004353
241.2467619	0.3929637
241.3301229	0.3950374
241.4134839	0.3821157
241.4968449	0.3180248
241.5802059	0.2666003
241.6635669	0.2443619
241.7469279	0.2860865
241.8302889	0.2957678
241.9136500	0.3704439
241.9970110	0.3867097
242.0803720	0.3788145
242.1637330	0.4106939
242.2470940	0.3933475
242.3304550	0.3777943
242.4138160	0.3486723
242.4971770	0.3219496
242.5805380	0.2792043
242.6638990	0.2500775
242.7472600	0.2945658
242.8306211	0.2874032
242.9139821	0.3320848
242.9973431	0.3713300
243.0807041	0.4064210
243.1640651	0.3881588
243.2474261	0.3960186
243.3307871	0.3990285
243.4141481	0.3742130
243.4975091	0.3211797
243.5808701	0.2710437
243.6642312	0.2486875
243.7475922	0.2452852
243.8309532	0.3256539
243.9143142	0.3475634
243.9976752	0.3829808
244.0810362	0.3882439
244.1643972	0.3864093
244.2477582	0.3745788
244.3311192	0.3874350
244.4144802	0.3785133
244.4978412	0.3332500
244.5812023	0.2633538
244.6645633	0.2719977
244.7479243	0.3338599
244.8312853	0.3699391
244.9146463	0.4073421
244.9980073	0.3784679
245.0813683	0.3958669
245.1647293	0.3869809
245.2480903	0.3977711
245.3314513	0.3784998
245.4148124	0.3477218
245.4981734	0.2862588
245.5815344	0.2449670
245.6648954	0.2423567
245.7482564	0.2744409
245.8316174	0.3612613
245.9149784	0.3917026
245.9983394	0.3839921
246.0817004	0.3945547
246.1650614	0.3980566
246.2484225	0.3893474
246.3317835	0.3871736
246.4151445	0.3815013
246.4985055	0.3268455
246.5818665	0.3252694
246.6652275	0.3380534
246.7485885	0.3945084
246.8319495	0.3799379
246.9153105	0.4040330
246.9986715	0.3944925
247.0820325	0.4007751
247.1653936	0.3979356
247.2487546	0.3797121
247.3321156	0.3791587
247.4154766	0.3463416
247.4988376	0.2978483
247.5821986	0.2907107
247.6655596	0.2584224
247.7489206	0.2543592
247.8322816	0.2823651
247.9156426	0.3263497
247.9990037	0.3793768
248.0823647	0.3895349
248.1657257	0.3858372
248.2490867	0.3985408
248.3324477	0.3987982
248.4158087	0.3700586
248.4991697	0.3107620
248.5825307	0.2934436
248.6658917	0.2611214
248.7492527	0.2582670
248.8326137	0.3176293
248.9159748	0.3231248
248.9993358	0.3464552
249.0826968	0.3748665
249.1660578	0.4005967
249.2494188	0.3820111
249.3327798	0.3884038
249.4161408	0.4039605
249.4995018	0.3287361
249.5828628	0.3042408
249.6662238	0.3174015
249.7495849	0.2904708
249.8329459	0.3322887
249.9163069	0.3902338
249.9996679	0.3842786
250.0830289	0.3903747
250.1663899	0.3907248
250.2497509	0.3894238
250.3331119	0.3915408
250.4164729	0.3919347
250.4998339	0.3532432
250.5831950	0.2758261
250.6665560	0.2476402
250.7499170	0.3286690
250.8332780	0.3829389
250.9166390	0.3995017
251.0000000	0.3912865
