# time(yr) / runoff(mm/month)
0.0000000	7.3310760
0.0833333	36.3863855
0.1666667	105.6221616
0.2500000	258.0389037
0.3333333	89.7860183
0.4166667	94.9696893
0.5000000	94.0937982
0.5833333	80.7966448
0.6666667	72.7264479
0.7500000	83.0145846
0.8333333	77.3541794
0.9166667	88.4597860
1.0000000	51.1013732
1.0833333	54.8297634
1.1666667	182.1459713
1.2500000	253.4236805
1.3333333	161.6799642
1.4166667	131.3803888
1.5000000	103.0134650
1.5833333	69.7039610
1.6666667	81.0155843
1.7500000	66.5171438
1.8333333	66.6229969
1.9166667	85.3434842
2.0000000	38.5098234
2.0833333	53.2363642
2.1666667	154.0623157
2.2500000	296.6755018
2.3333333	164.9706371
2.4166667	138.7530304
2.5000000	102.5174009
2.5833333	67.2476124
2.6666667	73.3617592
2.7500000	74.2022643
2.8333333	74.8227327
2.9166667	81.9253184
3.0000000	43.3900168
3.0833333	46.6925859
3.1666667	216.0405289
3.2500000	257.9732981
3.3333333	152.3897409
3.4166667	110.6963859
3.5000000	99.8784041
3.5833333	71.0728425
3.6666667	69.4315982
3.7500000	77.0264391
3.8333333	92.9240957
3.9166667	77.2954483
4.0000000	66.9335262
4.0833333	41.7189452
4.1666667	192.4634001
4.2500000	203.1690044
4.3333333	113.7534587
4.4166667	120.2710467
4.5000000	99.8068977
4.5833333	87.2683754
4.6666667	78.6416811
4.7500000	65.0193087
4.8333333	92.7596639
4.9166667	105.5152805
5.0000000	61.7509295
5.0833333	52.5645031
5.1666667	152.5900730
5.2500000	210.9110957
5.3333333	141.9152486
5.4166667	124.9209998
5.5000000	99.5387175
5.5833333	85.0995654
5.6666667	77.0065244
5.7500000	73.9197957
5.8333333	75.3142141
5.9166667	78.8422807
6.0000000	38.6776952
6.0833333	39.0461723
6.1666667	188.7382066
6.2500000	250.2574783
6.3333333	116.1828969
6.4166667	107.2660363
6.5000000	104.8968505
6.5833333	78.7278274
6.6666667	67.5561896
6.7500000	74.9954268
6.8333333	90.0934140
6.9166667	75.6246546
7.0000000	47.1937124
7.0833333	45.7767617
7.1666667	165.3361631
7.2500000	216.3136434
7.3333333	136.7831905
7.4166667	104.1061854
7.5000000	88.9102613
7.5833333	68.5516015
7.6666667	59.2868026
7.7500000	80.2955682
7.8333333	97.9304835
7.9166667	61.5870089
8.0000000	62.9220734
8.0833333	25.4725621
8.1666667	133.7207045
8.2500000	213.5605468
8.3333333	109.9253377
8.4166667	122.6088468
8.5000000	101.7709366
8.5833333	70.8261519
8.6666667	66.2149351
8.7500000	82.0271379
8.8333333	88.0127630
8.9166667	113.1935255
9.0000000	52.9313214
9.0833333	54.8010709
9.1666667	209.3497239
9.2500000	222.0267410
9.3333333	142.8389801
9.4166667	121.7512443
9.5000000	95.5667891
9.5833333	63.0027302
9.6666667	54.1839264
9.7500000	61.2899664
9.8333333	78.1089835
9.9166667	77.1413429
10.0000000	54.0403795
10.0833333	29.4036101
10.1666667	108.6260478
10.2500000	266.2040001
10.3333333	76.3671053
10.4166667	104.7041043
10.5000000	96.7426592
10.5833333	71.5252712
10.6666667	81.7444306
10.7500000	73.3827003
10.8333333	93.9949828
10.9166667	76.8097836
11.0000000	67.7332057
11.0833333	49.7208893
11.1666667	201.4510393
11.2500000	207.4291392
11.3333333	113.9563680
11.4166667	110.4010726
11.5000000	99.4450629
11.5833333	72.1467139
11.6666667	66.1597794
11.7500000	87.9105543
11.8333333	101.2979485
11.9166667	93.4239729
12.0000000	48.2317669
12.0833333	40.9494227
12.1666667	205.8576467
12.2500000	208.0878944
12.3333333	115.2436732
12.4166667	95.3865244
12.5000000	85.1379379
12.5833333	67.2821140
12.6666667	48.4144740
12.7500000	55.5742572
12.8333333	83.4656530
12.9166667	62.7880375
13.0000000	47.7723621
13.0833333	53.3941488
13.1666667	122.3075054
13.2500000	205.5218718
13.3333333	101.4875156
13.4166667	93.5153436
13.5000000	75.1590815
13.5833333	63.8290444
13.6666667	79.8803080
13.7500000	69.8442441
13.8333333	81.8497613
13.9166667	77.8886931
14.0000000	28.3797974
14.0833333	33.8667601
14.1666667	205.1025914
14.2500000	203.3013524
14.3333333	108.5064592
14.4166667	100.6572836
14.5000000	92.5993200
14.5833333	72.4911281
14.6666667	93.8617326
14.7500000	69.8425324
14.8333333	85.5456260
14.9166667	72.5032753
15.0000000	70.4055274
15.0833333	49.6124429
15.1666667	189.6060803
15.2500000	255.5347644
15.3333333	149.2723556
15.4166667	128.3377875
15.5000000	88.4811392
15.5833333	73.2907679
15.6666667	75.5796901
15.7500000	64.2335533
15.8333333	81.4433508
15.9166667	85.8383656
16.0000000	41.0149191
16.0833333	61.4981542
16.1666667	152.0410476
16.2500000	194.8978431
16.3333333	111.7501749
16.4166667	96.1638744
16.5000000	100.6680803
16.5833333	73.3242075
16.6666667	55.2272410
16.7500000	72.7948595
16.8333333	81.0884238
16.9166667	87.3141324
17.0000000	58.1470273
17.0833333	56.4603148
17.1666667	201.0617696
17.2500000	244.3213198
17.3333333	154.2152656
17.4166667	110.0299518
17.5000000	86.3000587
17.5833333	60.0280576
17.6666667	75.1071572
17.7500000	84.7145863
17.8333333	75.0082497
17.9166667	73.8049041
18.0000000	36.6648258
18.0833333	30.2475407
18.1666667	179.4565623
18.2500000	242.2405430
18.3333333	107.8244048
18.4166667	112.1757091
18.5000000	87.5752252
18.5833333	57.2989216
18.6666667	55.2140384
18.7500000	76.1330684
18.8333333	64.9687530
18.9166667	79.0727049
19.0000000	32.1848418
19.0833333	27.0374368
19.1666667	172.6325762
19.2500000	256.6374791
19.3333333	90.1317919
19.4166667	127.9429802
19.5000000	92.7828478
19.5833333	73.0092813
19.6666667	71.0759578
19.7500000	83.4554017
19.8333333	90.1383670
19.9166667	68.8323258
20.0000000	62.6669366
20.0833333	62.3488104
20.1666667	194.5379372
20.2500000	228.1240753
20.3333333	158.5512905
20.4166667	140.9050988
20.5000000	111.5981342
20.5833333	66.0392079
20.6666667	80.5469137
20.7500000	78.9108139
20.8333333	91.6474859
20.9166667	75.6471200
21.0000000	55.2713285
21.0833333	51.4502591
21.1666667	269.3486041
21.2500000	232.7998444
21.3333333	146.8761881
21.4166667	123.6889436
21.5000000	101.7431786
21.5833333	63.6888140
21.6666667	61.5197368
21.7500000	61.6088812
21.8333333	77.9377880
21.9166667	72.6236465
22.0000000	43.0885496
22.0833333	30.3672766
22.1666667	175.4254188
22.2500000	214.5521971
22.3333333	100.4818313
22.4166667	96.6481207
22.5000000	99.6680607
22.5833333	63.2308496
22.6666667	64.4266424
22.7500000	83.8375050
22.8333333	97.3998584
22.9166667	66.7099037
23.0000000	46.4273680
23.0833333	37.6763534
23.1666667	210.0599759
23.2500000	240.1571261
23.3333333	114.9221841
23.4166667	95.4040673
23.5000000	71.0811334
23.5833333	70.6964154
23.6666667	54.6088588
23.7500000	72.8475068
23.8333333	75.4479328
23.9166667	53.4438068
24.0000000	41.5258952
24.0833333	51.0563255
24.1666667	181.0848056
24.2500000	174.6962018
24.3333333	108.7226795
24.4166667	102.6552325
24.5000000	91.0155478
24.5833333	53.3326158
24.6666667	72.1387172
24.7500000	89.4902046
24.8333333	88.1205230
24.9166667	97.8934567
25.0000000	66.5079120
25.0833333	37.9386410
25.1666667	172.8604417
25.2500000	240.2486077
25.3333333	148.5295026
25.4166667	119.2803496
25.5000000	99.8859570
25.5833333	71.4144441
25.6666667	70.3796318
25.7500000	79.8767674
25.8333333	89.2144530
25.9166667	76.8548593
26.0000000	43.1718363
26.0833333	54.1927422
26.1666667	187.6439178
26.2500000	232.7270160
26.3333333	126.0722500
26.4166667	107.7238089
26.5000000	81.8992411
26.5833333	73.0047400
26.6666667	62.8150588
26.7500000	80.0039630
26.8333333	109.1220450
26.9166667	76.0630428
27.0000000	42.1749494
27.0833333	35.8995018
27.1666667	135.9757892
27.2500000	269.6695964
27.3333333	141.1897561
27.4166667	125.3380717
27.5000000	108.3010219
27.5833333	74.6591564
27.6666667	81.9927921
27.7500000	70.9444433
27.8333333	80.2675071
27.9166667	94.4211490
28.0000000	50.7198749
28.0833333	48.3496788
28.1666667	192.3532316
28.2500000	279.5020974
28.3333333	182.4977696
28.4166667	120.2059657
28.5000000	108.9416094
28.5833333	65.1530393
28.6666667	67.0311830
28.7500000	70.7878210
28.8333333	74.9124920
28.9166667	74.3024911
29.0000000	53.8357250
29.0833333	41.8038308
29.1666667	152.6034047
29.2500000	290.7967456
29.3333333	156.1745152
29.4166667	109.7522803
29.5000000	98.6149006
29.5833333	74.1968306
29.6666667	64.8049223
29.7500000	87.8381385
29.8333333	94.6628611
29.9166667	77.4110706
30.0000000	47.6224466
30.0833333	40.2980590
30.1666667	197.1142904
30.2500000	287.5122227
30.3333333	174.7207436
30.4166667	133.0911473
30.5000000	115.5910842
30.5833333	77.5882138
30.6666667	65.6125524
30.7500000	82.9244177
30.8333333	96.4050472
30.9166667	87.2549827
31.0000000	45.3945227
31.0833333	38.2039976
31.1666667	171.1582716
31.2500000	332.0098435
31.3333333	193.6790692
31.4166667	130.8842348
31.5000000	102.3430384
31.5833333	90.0608575
31.6666667	56.0016630
31.7500000	89.8479323
31.8333333	89.9965571
31.9166667	62.3462748
32.0000000	59.7535105
32.0833333	47.2818122
32.1666667	194.9714074
32.2500000	234.2623049
32.3333333	149.2741798
32.4166667	141.4985419
32.5000000	91.9547254
32.5833333	75.7866766
32.6666667	71.9201565
32.7500000	81.1669704
32.8333333	79.1271349
32.9166667	69.4035075
33.0000000	48.2146274
33.0833333	43.5253432
33.1666667	167.6653857
33.2500000	260.8797653
33.3333333	161.1967910
33.4166667	115.8401905
33.5000000	103.3903873
33.5833333	76.8347598
33.6666667	76.7897232
33.7500000	74.6150923
33.8333333	83.6145577
33.9166667	67.2602153
34.0000000	50.4818256
34.0833333	46.0495687
34.1666667	184.9635812
34.2500000	245.2874615
34.3333333	117.3589996
34.4166667	112.2188882
34.5000000	87.9220958
34.5833333	65.5685483
34.6666667	67.9945132
34.7500000	79.9060969
34.8333333	77.8971712
34.9166667	78.4177300
35.0000000	34.6406663
35.0833333	19.6649022
35.1666667	135.9686253
35.2500000	288.1530974
35.3333333	120.5960152
35.4166667	116.7038528
35.5000000	100.0050433
35.5833333	69.6977786
35.6666667	68.6714140
35.7500000	85.8397009
35.8333333	82.4917164
35.9166667	63.5871347
36.0000000	44.3356204
36.0833333	65.3575563
36.1666667	211.7501677
36.2500000	309.0257345
36.3333333	164.1862726
36.4166667	135.3555467
36.5000000	89.7711449
36.5833333	83.0834705
36.6666667	64.3458887
36.7500000	78.9859558
36.8333333	75.7063091
36.9166667	64.6988794
37.0000000	36.2653199
37.0833333	29.7781873
37.1666667	168.4539984
37.2500000	222.6554351
37.3333333	123.3941916
37.4166667	107.1036785
37.5000000	105.8630585
37.5833333	63.7886051
37.6666667	68.6179703
37.7500000	74.6054000
37.8333333	88.1385262
37.9166667	83.0210821
38.0000000	60.5576769
38.0833333	55.6112628
38.1666667	193.8884749
38.2500000	232.9292421
38.3333333	131.4359522
38.4166667	121.2821229
38.5000000	82.6055312
38.5833333	58.0681850
38.6666667	77.9693087
38.7500000	99.0903525
38.8333333	95.9832041
38.9166667	79.8099763
39.0000000	56.3813208
39.0833333	44.1196931
39.1666667	172.4222906
39.2500000	278.3401542
39.3333333	138.7267636
39.4166667	108.7664909
39.5000000	96.4984732
39.5833333	83.5823712
39.6666667	67.9068643
39.7500000	81.5260890
39.8333333	84.0346906
39.9166667	87.0854503
40.0000000	57.1305029
40.0833333	59.7946299
40.1666667	241.4440691
40.2500000	300.3383234
40.3333333	174.2930479
40.4166667	122.4747272
40.5000000	99.0504451
40.5833333	77.7495900
40.6666667	61.3237177
40.7500000	90.5050723
40.8333333	91.6698741
40.9166667	103.4099252
41.0000000	48.6889209
41.0833333	44.0298890
41.1666667	189.3572145
41.2500000	286.7376940
41.3333333	148.9945217
41.4166667	120.1184626
41.5000000	99.7056025
41.5833333	85.5746198
41.6666667	73.7872679
41.7500000	70.7608042
41.8333333	104.1870913
41.9166667	85.0085801
42.0000000	61.0556404
42.0833333	53.7629096
42.1666667	178.8164947
42.2500000	260.5174641
42.3333333	156.2300149
42.4166667	126.8714395
42.5000000	96.8296443
42.5833333	62.2638381
42.6666667	66.2626727
42.7500000	93.1006145
42.8333333	83.2889861
42.9166667	79.2145452
43.0000000	35.7763737
43.0833333	68.4990925
43.1666667	187.3800501
43.2500000	256.7575573
43.3333333	128.2358196
43.4166667	117.6271043
43.5000000	97.4596978
43.5833333	71.9084257
43.6666667	67.3747371
43.7500000	95.1502932
43.8333333	99.2866500
43.9166667	73.8334443
44.0000000	47.7967475
44.0833333	42.8170197
44.1666667	130.0326346
44.2500000	286.6269929
44.3333333	184.1842955
44.4166667	140.6516467
44.5000000	95.3972422
44.5833333	75.1999128
44.6666667	70.4323560
44.7500000	69.4673427
44.8333333	96.1895102
44.9166667	81.2088790
45.0000000	37.2092135
45.0833333	30.3897364
45.1666667	164.6252575
45.2500000	300.3062237
45.3333333	204.1468335
45.4166667	164.8770354
45.5000000	113.5492292
45.5833333	71.9387711
45.6666667	57.5963306
45.7500000	59.7289034
45.8333333	73.1801963
45.9166667	46.8249382
46.0000000	43.5304872
46.0833333	34.7868044
46.1666667	121.9422312
46.2500000	286.6128342
46.3333333	128.4886345
46.4166667	122.8413929
46.5000000	105.6151433
46.5833333	61.1636302
46.6666667	50.6500404
46.7500000	73.0207835
46.8333333	85.4117817
46.9166667	60.1554799
47.0000000	33.6343848
47.0833333	35.8605734
47.1666667	160.3919126
47.2500000	261.4843611
47.3333333	96.1483788
47.4166667	108.9071795
47.5000000	97.6621703
47.5833333	59.2905027
47.6666667	67.0919403
47.7500000	73.7690306
47.8333333	90.2036653
47.9166667	75.5399008
48.0000000	37.5565436
48.0833333	32.8338252
48.1666667	173.2033193
48.2500000	238.3777788
48.3333333	148.6128922
48.4166667	106.6329135
48.5000000	88.8009535
48.5833333	67.2648309
48.6666667	65.3557710
48.7500000	80.8122826
48.8333333	86.9546485
48.9166667	86.2326630
49.0000000	40.4640529
49.0833333	56.9258541
49.1666667	146.7076985
49.2500000	271.2446095
49.3333333	116.4985583
49.4166667	124.8440259
49.5000000	97.1622506
49.5833333	68.4116999
49.6666667	67.4197466
49.7500000	95.3496707
49.8333333	112.6181150
49.9166667	91.5647491
50.0000000	88.2066974
50.0833333	75.4830741
50.1666667	188.6496451
50.2500000	256.9600934
50.3333333	149.3674956
50.4166667	123.6834315
50.5000000	101.6144768
50.5833333	62.0449150
50.6666667	72.4816943
50.7500000	76.2463870
50.8333333	88.7138981
50.9166667	80.1893829
51.0000000	38.0538055
51.0833333	38.8068318
51.1666667	203.4081275
51.2500000	265.1403388
51.3333333	157.8445255
51.4166667	117.4693133
51.5000000	91.2984209
51.5833333	85.2826910
51.6666667	83.7403910
51.7500000	65.7369745
51.8333333	92.0122144
51.9166667	79.3019991
52.0000000	52.0549841
52.0833333	37.6167883
52.1666667	153.5786608
52.2500000	318.6282974
52.3333333	164.6573958
52.4166667	140.3663816
52.5000000	103.1244027
52.5833333	75.8450967
52.6666667	67.5064555
52.7500000	76.0104694
52.8333333	74.0657969
52.9166667	68.4300492
53.0000000	51.1302377
53.0833333	40.6743047
53.1666667	176.9066557
53.2500000	273.2444490
53.3333333	173.4807385
53.4166667	129.3534015
53.5000000	104.2091609
53.5833333	69.0035350
53.6666667	71.7445684
53.7500000	84.9957284
53.8333333	82.9683356
53.9166667	69.1996198
54.0000000	44.6763283
54.0833333	30.9525952
54.1666667	198.1576688
54.2500000	261.7689493
54.3333333	157.7211023
54.4166667	133.7086661
54.5000000	121.9759038
54.5833333	76.1054140
54.6666667	63.2720339
54.7500000	73.0569492
54.8333333	106.0621334
54.9166667	90.7559873
55.0000000	63.7291881
55.0833333	74.1569858
55.1666667	234.0757490
55.2500000	327.2979495
55.3333333	215.5133266
55.4166667	132.0870441
55.5000000	84.1596195
55.5833333	67.1741852
55.6666667	80.6398954
55.7500000	66.5520796
55.8333333	96.7439898
55.9166667	64.2883667
56.0000000	51.0322431
56.0833333	50.5396511
56.1666667	177.2061810
56.2500000	326.2940535
56.3333333	165.0583624
56.4166667	135.4767321
56.5000000	109.9918966
56.5833333	60.8888810
56.6666667	56.3719414
56.7500000	91.0895073
56.8333333	93.6980043
56.9166667	69.7134544
57.0000000	47.4469204
57.0833333	48.0792734
57.1666667	213.3252631
57.2500000	204.4102284
57.3333333	133.6259272
57.4166667	121.5643000
57.5000000	96.3802000
57.5833333	63.5482647
57.6666667	76.9528018
57.7500000	71.9784028
57.8333333	87.0728323
57.9166667	71.4653747
58.0000000	39.0732353
58.0833333	57.7005953
58.1666667	176.9103390
58.2500000	218.4552009
58.3333333	117.2473264
58.4166667	121.2938779
58.5000000	96.9764854
58.5833333	70.3975420
58.6666667	67.2087669
58.7500000	96.4501118
58.8333333	91.0601345
58.9166667	94.0906406
59.0000000	72.6146494
59.0833333	55.8427467
59.1666667	196.2683253
59.2500000	249.9532753
59.3333333	149.8222230
59.4166667	129.2565590
59.5000000	105.1879530
59.5833333	71.5005542
59.6666667	82.5335623
59.7500000	69.6720295
59.8333333	79.5448879
59.9166667	78.9238528
60.0000000	51.7412219
60.0833333	40.8767698
60.1666667	226.1669867
60.2500000	199.8326619
60.3333333	145.8918762
60.4166667	120.0579314
60.5000000	97.2862650
60.5833333	59.2043124
60.6666667	62.8872422
60.7500000	90.5103746
60.8333333	90.5851725
60.9166667	82.3230750
61.0000000	46.9075020
61.0833333	58.9286320
61.1666667	266.5047430
61.2500000	193.6533746
61.3333333	145.7697077
61.4166667	126.5262079
61.5000000	104.0810700
61.5833333	67.2296468
61.6666667	55.7410987
61.7500000	78.2026482
61.8333333	88.8623988
61.9166667	63.1684966
62.0000000	37.1880310
62.0833333	72.0521476
62.1666667	187.5510962
62.2500000	289.1038496
62.3333333	161.8058931
62.4166667	126.9148246
62.5000000	89.5646954
62.5833333	83.4471890
62.6666667	78.3481428
62.7500000	81.4236133
62.8333333	91.1250573
62.9166667	58.8790505
63.0000000	49.5928493
63.0833333	81.0433234
63.1666667	176.9169455
63.2500000	251.7776151
63.3333333	154.4148060
63.4166667	136.0681288
63.5000000	109.0405870
63.5833333	74.0158960
63.6666667	69.2796417
63.7500000	84.5538904
63.8333333	84.2915448
63.9166667	84.6335595
64.0000000	31.4530336
64.0833333	46.9191983
64.1666667	194.2329653
64.2500000	252.3464891
64.3333333	131.0351647
64.4166667	127.8832145
64.5000000	96.5779699
64.5833333	71.3035662
64.6666667	67.0977163
64.7500000	85.4432527
64.8333333	86.2113453
64.9166667	83.3806551
65.0000000	34.0987891
65.0833333	56.1447425
65.1666667	205.4793377
65.2500000	249.0303386
65.3333333	170.7437736
65.4166667	145.4198767
65.5000000	104.5220135
65.5833333	64.7369271
65.6666667	68.1704575
65.7500000	73.8720703
65.8333333	84.5759130
65.9166667	68.6609103
66.0000000	44.6134220
66.0833333	57.9513012
66.1666667	218.3691320
66.2500000	214.8195720
66.3333333	157.0306282
66.4166667	128.0898510
66.5000000	90.7802128
66.5833333	67.9688388
66.6666667	59.9382601
66.7500000	85.4858333
66.8333333	67.1381511
66.9166667	70.8105320
67.0000000	51.7360628
67.0833333	47.8576939
67.1666667	185.6393244
67.2500000	201.4260033
67.3333333	139.0791719
67.4166667	113.8736868
67.5000000	92.1969393
67.5833333	64.0541896
67.6666667	70.7856227
67.7500000	67.4582315
67.8333333	93.9699714
67.9166667	93.2251162
68.0000000	51.7475097
68.0833333	51.5309573
68.1666667	209.8165277
68.2500000	252.1656363
68.3333333	155.4712605
68.4166667	111.9991008
68.5000000	96.3989653
68.5833333	77.9197144
68.6666667	60.9406741
68.7500000	68.6388119
68.8333333	96.0366467
68.9166667	84.8837156
69.0000000	74.3451766
69.0833333	42.2814734
69.1666667	181.5502164
69.2500000	242.6624354
69.3333333	198.3607508
69.4166667	130.9378040
69.5000000	102.0711537
69.5833333	72.9597944
69.6666667	96.3493774
69.7500000	75.8001889
69.8333333	93.2922648
69.9166667	93.4754730
70.0000000	77.4773633
70.0833333	61.1533441
70.1666667	252.1649835
70.2500000	293.0646703
70.3333333	157.4097569
70.4166667	129.2191732
70.5000000	100.4694859
70.5833333	62.7003960
70.6666667	79.7541539
70.7500000	63.9823099
70.8333333	83.3809237
70.9166667	75.9400867
71.0000000	32.6887717
71.0833333	26.3532190
71.1666667	182.2913165
71.2500000	282.2541876
71.3333333	132.5800636
71.4166667	119.5157120
71.5000000	98.4184547
71.5833333	54.7819845
71.6666667	81.6852328
71.7500000	76.1216644
71.8333333	85.3715216
71.9166667	70.6693977
72.0000000	49.0327549
72.0833333	44.5911243
72.1666667	191.3166831
72.2500000	194.4361451
72.3333333	112.9063665
72.4166667	102.6812107
72.5000000	89.7822375
72.5833333	57.9264174
72.6666667	80.3085353
72.7500000	84.9228284
72.8333333	88.7589840
72.9166667	80.3222758
73.0000000	48.1110067
73.0833333	46.4131348
73.1666667	181.0778146
73.2500000	211.7420569
73.3333333	155.5220300
73.4166667	124.4292361
73.5000000	100.3064028
73.5833333	60.5384424
73.6666667	70.1283892
73.7500000	81.0133170
73.8333333	98.8870336
73.9166667	68.2416808
74.0000000	70.2104929
74.0833333	77.0395929
74.1666667	215.0775829
74.2500000	202.9093275
74.3333333	150.0952687
74.4166667	135.2242372
74.5000000	107.0351495
74.5833333	66.8448877
74.6666667	84.2710907
74.7500000	71.2297051
74.8333333	80.2518852
74.9166667	78.5815889
75.0000000	63.2261568
75.0833333	47.1723734
75.1666667	164.9838840
75.2500000	240.5699869
75.3333333	146.9724639
75.4166667	127.0699440
75.5000000	107.8418021
75.5833333	71.6669673
75.6666667	55.8363176
75.7500000	73.1861166
75.8333333	82.8944368
75.9166667	83.2834269
76.0000000	74.1434622
76.0833333	65.1076646
76.1666667	285.5864009
76.2500000	257.8646556
76.3333333	167.2165414
76.4166667	124.8984048
76.5000000	111.2011420
76.5833333	71.1417363
76.6666667	63.6247507
76.7500000	79.5754110
76.8333333	95.5296145
76.9166667	66.3743527
77.0000000	47.7801571
77.0833333	37.9655704
77.1666667	204.1563923
77.2500000	186.6586170
77.3333333	117.1504686
77.4166667	110.7119387
77.5000000	88.1353496
77.5833333	64.5630460
77.6666667	63.4986608
77.7500000	72.7161835
77.8333333	94.6704669
77.9166667	72.6821252
78.0000000	51.5976138
78.0833333	64.8081088
78.1666667	216.0082580
78.2500000	198.5467211
78.3333333	121.4078327
78.4166667	99.0276549
78.5000000	87.9117329
78.5833333	60.4306004
78.6666667	72.5539443
78.7500000	76.6604226
78.8333333	81.5829102
78.9166667	102.0773541
79.0000000	64.4030220
79.0833333	54.5017651
79.1666667	174.0706425
79.2500000	189.9325548
79.3333333	99.5894250
79.4166667	92.8122237
79.5000000	92.5809182
79.5833333	71.0952473
79.6666667	64.2872414
79.7500000	83.0666887
79.8333333	73.2227383
79.9166667	72.1608325
80.0000000	40.9597922
80.0833333	55.2628641
80.1666667	227.6309413
80.2500000	137.0200113
80.3333333	121.5083665
80.4166667	106.8561434
80.5000000	93.6375479
80.5833333	57.0100593
80.6666667	74.6702017
80.7500000	72.2992184
80.8333333	97.0731798
80.9166667	79.9670374
81.0000000	70.5581880
81.0833333	71.7639295
81.1666667	139.5784866
81.2500000	213.3172683
81.3333333	147.9222245
81.4166667	117.5557090
81.5000000	97.7208635
81.5833333	62.6274179
81.6666667	64.3304199
81.7500000	73.8836784
81.8333333	109.2740785
81.9166667	85.5145864
82.0000000	72.1903464
82.0833333	64.1021281
82.1666667	197.0926097
82.2500000	159.0244450
82.3333333	109.5755106
82.4166667	113.0777947
82.5000000	109.6565148
82.5833333	79.7104153
82.6666667	64.9297771
82.7500000	83.1368878
82.8333333	90.0976439
82.9166667	108.1764187
83.0000000	40.3915951
83.0833333	60.1632814
83.1666667	236.0356285
83.2500000	188.9336581
83.3333333	121.4103756
83.4166667	102.8961951
83.5000000	75.0873199
83.5833333	52.3632745
83.6666667	59.9648350
83.7500000	75.7814569
83.8333333	87.6837347
83.9166667	80.9039122
84.0000000	62.4922230
84.0833333	39.1153764
84.1666667	162.7671096
84.2500000	183.7062935
84.3333333	104.6713743
84.4166667	110.7807225
84.5000000	103.0829188
84.5833333	69.6353533
84.6666667	80.8383506
84.7500000	83.7993069
84.8333333	84.8242020
84.9166667	92.7379857
85.0000000	90.4118167
85.0833333	79.1838605
85.1666667	186.5606818
85.2500000	250.3659069
85.3333333	193.4526501
85.4166667	137.7530360
85.5000000	100.7860013
85.5833333	64.5520933
85.6666667	80.8735010
85.7500000	85.5160137
85.8333333	107.6688450
85.9166667	78.6792076
