# time(yr) / T(C)
0.0000000	-14.1181576
0.0833333	-9.1157210
0.1666667	-7.1998032
0.2500000	4.6847579
0.3333333	15.2023113
0.4166667	20.3052277
0.5000000	22.2673414
0.5833333	20.1468822
0.6666667	13.0429948
0.7500000	5.8721160
0.8333333	-1.6012290
0.9166667	-7.0026020
1.0000000	-11.2707353
1.0833333	-10.7847189
1.1666667	-6.9613555
1.2500000	6.1892394
1.3333333	15.4495225
1.4166667	19.7016328
1.5000000	22.2189762
1.5833333	19.8705340
1.6666667	12.6128854
1.7500000	6.1026732
1.8333333	-2.3115488
1.9166667	-7.3388563
2.0000000	-12.2154841
2.0833333	-9.5119755
2.1666667	-5.9119173
2.2500000	6.1160999
2.3333333	14.7387954
2.4166667	18.9853499
2.5000000	21.4309235
2.5833333	19.1417088
2.6666667	12.7863145
2.7500000	5.7538181
2.8333333	-1.2616244
2.9166667	-7.8031852
3.0000000	-11.1264513
3.0833333	-8.9983873
3.1666667	-4.9195014
3.2500000	7.3578859
3.3333333	15.2714601
3.4166667	20.3193768
3.5000000	21.2287546
3.5833333	19.2506434
3.6666667	12.8845805
3.7500000	5.2946166
3.8333333	-1.3053950
3.9166667	-6.6746815
4.0000000	-8.7632457
4.0833333	-10.2850364
4.1666667	-3.8239593
4.2500000	6.8728182
4.3333333	15.4108546
4.4166667	19.3040450
4.5000000	21.8719026
4.5833333	19.0499450
4.6666667	12.6606898
4.7500000	5.5771716
4.8333333	-0.8837144
4.9166667	-6.8976657
5.0000000	-10.1922063
5.0833333	-10.9438726
5.1666667	-3.9671901
5.2500000	6.0416548
5.3333333	15.0852369
5.4166667	19.7009982
5.5000000	22.2662945
5.5833333	19.7157885
5.6666667	12.6646130
5.7500000	4.7023245
5.8333333	-1.2028946
5.9166667	-8.6361593
6.0000000	-12.1097500
6.0833333	-12.7804203
6.1666667	-5.3576448
6.2500000	5.5056529
6.3333333	14.8982124
6.4166667	20.0462316
6.5000000	21.3295588
6.5833333	18.5325669
6.6666667	12.6913570
6.7500000	5.6852325
6.8333333	-0.2667762
6.9166667	-8.4867294
7.0000000	-10.8379287
7.0833333	-11.3655607
7.1666667	-4.4662757
7.2500000	6.6159708
7.3333333	14.9280447
7.4166667	20.1647982
7.5000000	22.7713781
7.5833333	19.4648939
7.6666667	13.2521352
7.7500000	5.1453814
7.8333333	-0.4631968
7.9166667	-8.3137375
8.0000000	-10.6223055
8.0833333	-10.8749266
8.1666667	-6.1816819
8.2500000	6.5087881
8.3333333	15.7124365
8.4166667	19.9218009
8.5000000	21.4114067
8.5833333	19.9736815
8.6666667	13.2860263
8.7500000	5.5215512
8.8333333	-0.3531166
8.9166667	-6.1337652
9.0000000	-10.8197133
9.0833333	-10.7422638
9.1666667	-3.5193670
9.2500000	6.5885293
9.3333333	14.9775361
9.4166667	19.1348267
9.5000000	21.1377723
9.5833333	19.7973324
9.6666667	13.2658592
9.7500000	4.4728127
9.8333333	-2.6073525
9.9166667	-8.6184963
10.0000000	-11.8287060
10.0833333	-12.2043362
10.1666667	-7.2973691
10.2500000	4.1326858
10.3333333	15.4670182
10.4166667	19.3029866
10.5000000	21.3147846
10.5833333	19.1505438
10.6666667	12.2080556
10.7500000	4.8897292
10.8333333	-0.3906180
10.9166667	-7.4543828
11.0000000	-9.0981306
11.0833333	-9.9593044
11.1666667	-4.2081983
11.2500000	7.0982549
11.3333333	15.0963106
11.4166667	19.4830276
11.5000000	21.7107901
11.5833333	19.4868677
11.6666667	12.8730708
11.7500000	5.2548399
11.8333333	-0.3759208
11.9166667	-5.3093389
12.0000000	-10.3006466
12.0833333	-9.5864237
12.1666667	-4.9409775
12.2500000	7.2058373
12.3333333	15.2895512
12.4166667	20.0700377
12.5000000	22.1384638
12.5833333	19.9270395
12.6666667	13.3270639
12.7500000	5.7246389
12.8333333	-1.8347154
12.9166667	-9.5391074
13.0000000	-11.7769429
13.0833333	-8.6769768
13.1666667	-6.0421653
13.2500000	6.0993878
13.3333333	14.9955024
13.4166667	19.6514674
13.5000000	22.6875182
13.5833333	20.0820120
13.6666667	12.1439525
13.7500000	5.2723821
13.8333333	-1.6628107
13.9166667	-8.3841334
14.0000000	-13.2042592
14.0833333	-11.1989854
14.1666667	-4.9221893
14.2500000	6.5884112
14.3333333	14.8619580
14.4166667	20.3176537
14.5000000	22.2606145
14.5833333	19.5711983
14.6666667	12.5598035
14.7500000	6.0122408
14.8333333	-1.3093368
14.9166667	-9.4333150
15.0000000	-10.9917573
15.0833333	-9.0754917
15.1666667	-5.4174612
15.2500000	6.2211113
15.3333333	15.4129725
15.4166667	19.7421195
15.5000000	21.9109259
15.5833333	19.1683036
15.6666667	12.5833199
15.7500000	5.2659691
15.8333333	-0.3009987
15.9166667	-7.4801604
16.0000000	-13.7536440
16.0833333	-10.8941798
16.1666667	-5.4306298
16.2500000	6.6464098
16.3333333	15.4362558
16.4166667	20.3544843
16.5000000	21.9290408
16.5833333	19.4075788
16.6666667	13.0930374
16.7500000	5.3422941
16.8333333	-0.0607743
16.9166667	-5.2205616
17.0000000	-10.8154273
17.0833333	-9.6030120
17.1666667	-4.5692794
17.2500000	6.3282694
17.3333333	15.6476281
17.4166667	20.3051428
17.5000000	22.2903294
17.5833333	20.1375601
17.6666667	12.9786534
17.7500000	4.9386339
17.8333333	-0.7398422
17.9166667	-9.0309064
18.0000000	-14.3740259
18.0833333	-12.2934790
18.1666667	-6.0639185
18.2500000	5.6859925
18.3333333	15.4816929
18.4166667	19.1341246
18.5000000	21.6800770
18.5833333	19.9172992
18.6666667	13.5003641
18.7500000	5.7695616
18.8333333	-2.2801781
18.9166667	-8.0723025
19.0000000	-11.7297502
19.0833333	-13.2829698
19.1666667	-6.6015803
19.2500000	4.5357374
19.3333333	15.6118400
19.4166667	19.2819672
19.5000000	21.5726181
19.5833333	19.6102706
19.6666667	12.5565602
19.7500000	5.4422818
19.8333333	-1.1239060
19.9166667	-10.0270397
20.0000000	-11.7024125
20.0833333	-9.2969415
20.1666667	-5.3568379
20.2500000	6.0944410
20.3333333	14.9772841
20.4166667	19.6436458
20.5000000	21.5237164
20.5833333	19.6919369
20.6666667	13.2234813
20.7500000	4.9457512
20.8333333	-1.3568872
20.9166667	-9.4612829
21.0000000	-12.9293501
21.0833333	-10.8238367
21.1666667	-5.0660091
21.2500000	6.6695181
21.3333333	15.3139958
21.4166667	20.1296032
21.5000000	21.5359046
21.5833333	19.8267141
21.6666667	12.9414020
21.7500000	4.9129163
21.8333333	-3.2421296
21.9166667	-7.6775643
22.0000000	-12.6177599
22.0833333	-10.0261213
22.1666667	-4.8747976
22.2500000	5.7768043
22.3333333	14.8448816
22.4166667	19.9986431
22.5000000	21.7925954
22.5833333	19.6490410
22.6666667	12.6716521
22.7500000	4.9996582
22.8333333	-1.7744883
22.9166667	-9.8246721
23.0000000	-12.4742237
23.0833333	-12.3467411
23.1666667	-5.2097843
23.2500000	6.7880936
23.3333333	15.2750395
23.4166667	20.0870619
23.5000000	22.3842803
23.5833333	19.3834114
23.6666667	12.9280283
23.7500000	4.6959050
23.8333333	-1.4251317
23.9166667	-7.8887992
24.0000000	-10.8874305
24.0833333	-10.9275538
24.1666667	-4.7813764
24.2500000	6.5049866
24.3333333	14.5946896
24.4166667	19.5687467
24.5000000	22.0115918
24.5833333	20.3463760
24.6666667	13.4775234
24.7500000	5.2146472
24.8333333	-0.1905719
24.9166667	-5.7425843
25.0000000	-11.6390757
25.0833333	-11.6078093
25.1666667	-5.2384621
25.2500000	5.1731667
25.3333333	14.9577696
25.4166667	19.4084434
25.5000000	21.0971629
25.5833333	19.2451030
25.6666667	12.7629878
25.7500000	5.5357304
25.8333333	0.0382491
25.9166667	-7.6371333
26.0000000	-10.6379814
26.0833333	-12.2035551
26.1666667	-5.9797393
26.2500000	6.4177992
26.3333333	14.5396136
26.4166667	19.6915984
26.5000000	22.1754289
26.5833333	19.8579712
26.6666667	13.2970588
26.7500000	4.9418447
26.8333333	-0.6777421
26.9166667	-7.1203457
27.0000000	-10.0760789
27.0833333	-11.1680508
27.1666667	-5.8252001
27.2500000	5.7298540
27.3333333	14.9196798
27.4166667	19.6889563
27.5000000	21.4103840
27.5833333	19.3947544
27.6666667	12.6375657
27.7500000	5.4410883
27.8333333	-1.9768071
27.9166667	-6.2480222
28.0000000	-9.4916615
28.0833333	-11.4306355
28.1666667	-5.3182675
28.2500000	5.4756129
28.3333333	15.2366596
28.4166667	19.7005380
28.5000000	21.1508274
28.5833333	19.5667004
28.6666667	12.9321475
28.7500000	4.2256715
28.8333333	-1.9498185
28.9166667	-8.4855653
29.0000000	-11.1693096
29.0833333	-8.6335329
29.1666667	-5.7743068
29.2500000	5.6854836
29.3333333	15.3342254
29.4166667	19.9491401
29.5000000	22.1524543
29.5833333	19.8504134
29.6666667	12.6997516
29.7500000	4.8702122
29.8333333	-2.1438600
29.9166667	-8.1446053
30.0000000	-12.1541627
30.0833333	-11.0221047
30.1666667	-5.5167264
30.2500000	6.1635824
30.3333333	15.2637734
30.4166667	19.6840525
30.5000000	21.4927751
30.5833333	19.7974925
30.6666667	12.7296509
30.7500000	6.3068417
30.8333333	-1.6473519
30.9166667	-8.8450638
31.0000000	-12.2490482
31.0833333	-11.9822504
31.1666667	-6.1497020
31.2500000	5.2668343
31.3333333	14.8940623
31.4166667	19.5695872
31.5000000	21.4836278
31.5833333	18.5907923
31.6666667	12.9911828
31.7500000	5.5177808
31.8333333	-0.6789710
31.9166667	-9.3099891
32.0000000	-11.2504332
32.0833333	-11.9629468
32.1666667	-5.6750369
32.2500000	6.2526542
32.3333333	15.0875745
32.4166667	19.2561458
32.5000000	21.7075264
32.5833333	19.7764685
32.6666667	12.7551575
32.7500000	4.9393171
32.8333333	-0.8991647
32.9166667	-7.8227762
33.0000000	-10.9651069
33.0833333	-10.6529055
33.1666667	-5.6531336
33.2500000	5.8019632
33.3333333	14.7077317
33.4166667	20.4961611
33.5000000	21.7581351
33.5833333	19.3228555
33.6666667	12.3869704
33.7500000	5.0448451
33.8333333	-0.8458626
33.9166667	-8.0771692
34.0000000	-11.4313053
34.0833333	-9.6873911
34.1666667	-5.5707665
34.2500000	5.7561023
34.3333333	15.1851216
34.4166667	19.5453251
34.5000000	22.0125950
34.5833333	19.6152693
34.6666667	12.7150699
34.7500000	4.9758608
34.8333333	-1.8096064
34.9166667	-8.2522506
35.0000000	-13.7987015
35.0833333	-11.9010605
35.1666667	-7.1517902
35.2500000	4.1605036
35.3333333	14.9685951
35.4166667	18.9211332
35.5000000	20.9945511
35.5833333	19.3935226
35.6666667	12.2351873
35.7500000	5.0643626
35.8333333	-2.3130868
35.9166667	-8.9388485
36.0000000	-13.0928133
36.0833333	-8.7142056
36.1666667	-4.3642112
36.2500000	6.3090911
36.3333333	15.1723965
36.4166667	19.2505518
36.5000000	21.5791217
36.5833333	18.8344061
36.6666667	12.6746966
36.7500000	4.9576095
36.8333333	-0.3629267
36.9166667	-6.5735226
37.0000000	-10.7653962
37.0833333	-10.5588967
37.1666667	-5.8254647
37.2500000	5.6384831
37.3333333	14.9429135
37.4166667	19.8013494
37.5000000	21.3891268
37.5833333	20.0208020
37.6666667	12.7063357
37.7500000	4.8126131
37.8333333	0.3918111
37.9166667	-6.7657171
38.0000000	-11.7330707
38.0833333	-10.9293990
38.1666667	-4.9268067
38.2500000	6.2662584
38.3333333	14.7478047
38.4166667	18.8703473
38.5000000	22.0530465
38.5833333	20.3857355
38.6666667	13.1061208
38.7500000	4.9071778
38.8333333	-0.7957973
38.9166667	-7.3260109
39.0000000	-9.7083047
39.0833333	-12.5907950
39.1666667	-6.4664722
39.2500000	5.4365400
39.3333333	14.8431031
39.4166667	19.9624259
39.5000000	22.4266959
39.5833333	19.5540559
39.6666667	12.9322071
39.7500000	4.9951729
39.8333333	-1.8177480
39.9166667	-7.1691682
40.0000000	-9.9106770
40.0833333	-9.7082917
40.1666667	-3.8349356
40.2500000	6.8117570
40.3333333	15.2426240
40.4166667	19.4017772
40.5000000	21.1487003
40.5833333	18.9551621
40.6666667	12.3562975
40.7500000	5.8057761
40.8333333	-1.5565283
40.9166667	-7.7600952
41.0000000	-11.9214896
41.0833333	-9.4840367
41.1666667	-7.0334242
41.2500000	5.6427907
41.3333333	15.4135168
41.4166667	19.2826210
41.5000000	21.5567540
41.5833333	19.2328877
41.6666667	12.3914402
41.7500000	4.7900939
41.8333333	-0.9281477
41.9166667	-7.6997372
42.0000000	-10.7539184
42.0833333	-9.9869786
42.1666667	-5.9790576
42.2500000	6.2954434
42.3333333	15.0850640
42.4166667	19.5971566
42.5000000	21.9822465
42.5833333	20.3178104
42.6666667	13.0595826
42.7500000	5.1426197
42.8333333	-1.8870703
42.9166667	-8.6180135
43.0000000	-11.8454991
43.0833333	-9.0822726
43.1666667	-4.2403959
43.2500000	5.9523502
43.3333333	14.6607828
43.4166667	19.3531012
43.5000000	21.2500566
43.5833333	18.6640337
43.6666667	12.5075770
43.7500000	4.6518345
43.8333333	-0.5780945
43.9166667	-8.2908710
44.0000000	-9.7210489
44.0833333	-11.9630779
44.1666667	-6.4488324
44.2500000	4.7901857
44.3333333	14.5822126
44.4166667	19.1988959
44.5000000	21.1956010
44.5833333	19.3114491
44.6666667	12.4836048
44.7500000	4.9706193
44.8333333	-1.9115533
44.9166667	-8.7536472
45.0000000	-12.1691543
45.0833333	-11.6013106
45.1666667	-7.3241981
45.2500000	3.7710780
45.3333333	14.4741584
45.4166667	18.8820475
45.5000000	21.2135011
45.5833333	18.6337107
45.6666667	12.4603659
45.7500000	5.7430619
45.8333333	-1.0117907
45.9166667	-9.0292818
46.0000000	-12.2471451
46.0833333	-12.9049408
46.1666667	-7.0804837
46.2500000	5.3469347
46.3333333	15.1357641
46.4166667	19.3637009
46.5000000	20.8105073
46.5833333	18.6995014
46.6666667	12.4378570
46.7500000	4.0733634
46.8333333	-2.1799822
46.9166667	-9.7999352
47.0000000	-12.1560763
47.0833333	-11.8962877
47.1666667	-7.1883208
47.2500000	5.0840062
47.3333333	15.1479639
47.4166667	18.4826044
47.5000000	20.7296395
47.5833333	19.1409106
47.6666667	12.6161336
47.7500000	5.0885457
47.8333333	-0.1233225
47.9166667	-7.0314616
48.0000000	-12.0245256
48.0833333	-11.6073249
48.1666667	-7.2601885
48.2500000	5.4981347
48.3333333	14.8967775
48.4166667	19.2951641
48.5000000	21.6394798
48.5833333	19.2130061
48.6666667	12.4587748
48.7500000	4.4632577
48.8333333	-1.7721091
48.9166667	-6.9228765
49.0000000	-12.8680904
49.0833333	-10.9449602
49.1666667	-5.5440675
49.2500000	5.8755918
49.3333333	14.8176239
49.4166667	19.3864436
49.5000000	21.2624034
49.5833333	19.3562387
49.6666667	12.3878978
49.7500000	5.2608828
49.8333333	-1.3368024
49.9166667	-7.9537212
50.0000000	-10.2447789
50.0833333	-9.0179931
50.1666667	-4.8445152
50.2500000	5.4635940
50.3333333	14.7972646
50.4166667	19.5785173
50.5000000	21.6803006
50.5833333	19.6003899
50.6666667	12.7225109
50.7500000	5.0502874
50.8333333	-1.5709478
50.9166667	-6.3418803
51.0000000	-11.7956495
51.0833333	-10.6534512
51.1666667	-5.4070468
51.2500000	6.1796416
51.3333333	15.0307228
51.4166667	19.8758333
51.5000000	21.6957227
51.5833333	19.1036141
51.6666667	12.4982789
51.7500000	5.3980146
51.8333333	-2.1364257
51.9166667	-7.5658960
52.0000000	-10.3918376
52.0833333	-10.2629589
52.1666667	-5.9609140
52.2500000	5.5348069
52.3333333	14.9527346
52.4166667	19.3648731
52.5000000	21.7805778
52.5833333	19.4468535
52.6666667	12.4923326
52.7500000	5.0510337
52.8333333	-2.1670039
52.9166667	-7.8826591
53.0000000	-10.4461390
53.0833333	-12.5408930
53.1666667	-5.4543873
53.2500000	5.9568481
53.3333333	14.4717926
53.4166667	19.1935768
53.5000000	21.6824114
53.5833333	19.3193748
53.6666667	12.3445976
53.7500000	5.2183686
53.8333333	-1.0734235
53.9166667	-7.4984954
54.0000000	-11.0368862
54.0833333	-12.0767391
54.1666667	-5.6878444
54.2500000	5.7390402
54.3333333	14.9345565
54.4166667	19.3812397
54.5000000	20.5892631
54.5833333	19.1133313
54.6666667	12.6572819
54.7500000	4.6359005
54.8333333	-0.6545902
54.9166667	-7.9915024
55.0000000	-11.1734025
55.0833333	-11.1107817
55.1666667	-5.4355247
55.2500000	6.3609544
55.3333333	14.3244394
55.4166667	18.8963902
55.5000000	21.6236908
55.5833333	19.9307248
55.6666667	12.4315408
55.7500000	5.0322192
55.8333333	-1.1269298
55.9166667	-9.0149635
56.0000000	-9.8706804
56.0833333	-10.8447713
56.1666667	-6.0649360
56.2500000	5.2528494
56.3333333	14.5691859
56.4166667	19.1232551
56.5000000	21.0765311
56.5833333	19.4295272
56.6666667	12.5793958
56.7500000	5.0522403
56.8333333	-0.9896290
56.9166667	-8.6572376
57.0000000	-11.6371045
57.0833333	-11.0366517
57.1666667	-4.3235535
57.2500000	7.1705588
57.3333333	14.9241976
57.4166667	19.3625710
57.5000000	21.0621779
57.5833333	18.8785907
57.6666667	12.5981316
57.7500000	4.9482258
57.8333333	-0.7892099
57.9166667	-7.0614875
58.0000000	-12.4331825
58.0833333	-10.8799563
58.1666667	-4.7707597
58.2500000	6.7303298
58.3333333	14.8538973
58.4166667	18.8372282
58.5000000	21.6120483
58.5833333	19.4171123
58.6666667	12.7250932
58.7500000	4.4140335
58.8333333	-1.5547216
58.9166667	-8.4024457
59.0000000	-10.8549475
59.0833333	-9.5497691
59.1666667	-4.3458839
59.2500000	6.8819622
59.3333333	15.3873357
59.4166667	19.3789329
59.5000000	22.4616927
59.5833333	19.5691908
59.6666667	12.4234155
59.7500000	4.7160329
59.8333333	-1.2433764
59.9166667	-8.7136369
60.0000000	-12.1949513
60.0833333	-10.8531875
60.1666667	-5.5645602
60.2500000	6.6662984
60.3333333	15.0670136
60.4166667	19.0518054
60.5000000	21.5156079
60.5833333	19.8548644
60.6666667	12.7627810
60.7500000	4.6008298
60.8333333	-0.3023001
60.9166667	-8.1673287
61.0000000	-10.9159052
61.0833333	-9.2618449
61.1666667	-4.7490039
61.2500000	6.9705726
61.3333333	14.9279072
61.4166667	20.0583069
61.5000000	21.4037792
61.5833333	20.0915840
61.6666667	12.9575306
61.7500000	4.3364788
61.8333333	-1.4606725
61.9166667	-8.4857509
62.0000000	-12.0755543
62.0833333	-10.0006183
62.1666667	-4.9893165
62.2500000	5.3312134
62.3333333	15.1438108
62.4166667	19.6233022
62.5000000	21.7950889
62.5833333	19.4775353
62.6666667	12.7026397
62.7500000	5.3754474
62.8333333	-0.1807704
62.9166667	-8.5782452
63.0000000	-10.6022316
63.0833333	-8.1836223
63.1666667	-3.4329586
63.2500000	6.2322955
63.3333333	14.6463116
63.4166667	19.4794334
63.5000000	21.0946363
63.5833333	18.6331551
63.6666667	12.1677251
63.7500000	4.8228156
63.8333333	-1.4453837
63.9166667	-10.2275044
64.0000000	-12.0240851
64.0833333	-9.2964144
64.1666667	-5.1953565
64.2500000	5.8174489
64.3333333	14.8169976
64.4166667	19.3807339
64.5000000	21.6073589
64.5833333	19.5039485
64.6666667	12.5399431
64.7500000	4.9035894
64.8333333	-2.3286476
64.9166667	-8.9303348
65.0000000	-13.2804665
65.0833333	-9.8104220
65.1666667	-4.1958800
65.2500000	6.3990589
65.3333333	15.0719101
65.4166667	18.9444295
65.5000000	21.4949899
65.5833333	19.1362158
65.6666667	12.5851801
65.7500000	5.7412587
65.8333333	-0.9710632
65.9166667	-6.6433888
66.0000000	-11.1954801
66.0833333	-8.9127177
66.1666667	-3.3689901
66.2500000	7.8777348
66.3333333	14.8496132
66.4166667	19.7455396
66.5000000	21.9571107
66.5833333	19.9901752
66.6666667	12.5546284
66.7500000	5.5096219
66.8333333	-2.5762361
66.9166667	-7.4688484
67.0000000	-10.1926316
67.0833333	-9.9729205
67.1666667	-4.6515739
67.2500000	6.5159594
67.3333333	15.2742760
67.4166667	19.4273381
67.5000000	21.5838006
67.5833333	19.7929405
67.6666667	12.5493851
67.7500000	5.7405539
67.8333333	-1.2845736
67.9166667	-7.3524764
68.0000000	-11.2522771
68.0833333	-10.0784376
68.1666667	-4.9131651
68.2500000	6.6735856
68.3333333	15.0972528
68.4166667	19.8381248
68.5000000	21.4772229
68.5833333	19.5659464
68.6666667	12.9855845
68.7500000	5.7071382
68.8333333	-0.1652681
68.9166667	-5.6915915
69.0000000	-10.5435530
69.0833333	-10.8309052
69.1666667	-4.9987197
69.2500000	6.6544716
69.3333333	15.3179587
69.4166667	20.2661525
69.5000000	22.1324513
69.5833333	20.0141758
69.6666667	13.4118045
69.7500000	5.5264031
69.8333333	-0.7350258
69.9166667	-8.0168050
70.0000000	-9.4018695
70.0833333	-8.4175722
70.1666667	-3.4657970
70.2500000	6.8676185
70.3333333	15.4024406
70.4166667	19.9113818
70.5000000	22.2075457
70.5833333	20.0796671
70.6666667	13.3326222
70.7500000	4.8797045
70.8333333	-1.8605475
70.9166667	-9.9435281
71.0000000	-14.0935831
71.0833333	-11.1070345
71.1666667	-6.3247989
71.2500000	6.0539134
71.3333333	15.2801316
71.4166667	20.5877534
71.5000000	22.4508582
71.5833333	20.3441853
71.6666667	12.7854058
71.7500000	5.6156010
71.8333333	-0.4274972
71.9166667	-6.4902490
72.0000000	-10.7038002
72.0833333	-11.0883003
72.1666667	-5.2904795
72.2500000	6.5913054
72.3333333	14.9941385
72.4166667	19.2799402
72.5000000	21.9048415
72.5833333	20.6488613
72.6666667	12.7904144
72.7500000	5.2024207
72.8333333	-1.4439734
72.9166667	-7.3552200
73.0000000	-11.4321568
73.0833333	-12.5905872
73.1666667	-5.3091797
73.2500000	5.9648012
73.3333333	14.7500112
73.4166667	19.7862616
73.5000000	21.8720123
73.5833333	19.5829673
73.6666667	12.8167464
73.7500000	5.2232346
73.8333333	0.1950208
73.9166667	-7.9321618
74.0000000	-10.6035932
74.0833333	-8.7077092
74.1666667	-3.8812622
74.2500000	7.1908202
74.3333333	15.2024323
74.4166667	19.5488649
74.5000000	21.9420334
74.5833333	20.2484435
74.6666667	12.4581892
74.7500000	5.3425444
74.8333333	-0.4132318
74.9166667	-8.4413263
75.0000000	-10.7586473
75.0833333	-8.9502262
75.1666667	-4.4473487
75.2500000	6.7405810
75.3333333	15.1698993
75.4166667	19.9416371
75.5000000	21.6772333
75.5833333	19.9124802
75.6666667	13.6898731
75.7500000	5.5137911
75.8333333	-1.7470410
75.9166667	-7.6671340
76.0000000	-9.5311175
76.0833333	-9.4999149
76.1666667	-2.7735334
76.2500000	7.5125780
76.3333333	15.4254298
76.4166667	20.0517534
76.5000000	21.9580713
76.5833333	20.4353955
76.6666667	13.6844640
76.7500000	5.6920492
76.8333333	-0.9787168
76.9166667	-8.0867224
77.0000000	-12.5232373
77.0833333	-11.5418397
77.1666667	-3.8948073
77.2500000	7.1226502
77.3333333	16.4765159
77.4166667	20.5338237
77.5000000	22.9055978
77.5833333	20.1474266
77.6666667	13.6914632
77.7500000	5.7116996
77.8333333	-1.1654853
77.9166667	-5.7517836
78.0000000	-10.1785344
78.0833333	-9.3734086
78.1666667	-2.5906618
78.2500000	7.6089587
78.3333333	16.0763197
78.4166667	20.8531873
78.5000000	22.1137478
78.5833333	20.9046046
78.6666667	13.7384288
78.7500000	5.8364794
78.8333333	-1.7171822
78.9166667	-5.9680504
79.0000000	-9.7950091
79.0833333	-10.6148326
79.1666667	-4.3752165
79.2500000	6.5430092
79.3333333	16.1271477
79.4166667	20.9007254
79.5000000	22.5868603
79.5833333	19.8632825
79.6666667	12.4000266
79.7500000	5.8183259
79.8333333	-1.7609120
79.9166667	-8.6896764
80.0000000	-9.1430030
80.0833333	-10.6722455
80.1666667	-3.5067236
80.2500000	8.2437265
80.3333333	15.4104940
80.4166667	20.0843353
80.5000000	22.6220708
80.5833333	20.5311598
80.6666667	12.9126856
80.7500000	5.9390137
80.8333333	-1.2614438
80.9166667	-7.6410793
81.0000000	-9.0756274
81.0833333	-9.0902926
81.1666667	-5.4347458
81.2500000	6.0186267
81.3333333	15.0152842
81.4166667	20.5308742
81.5000000	22.4113976
81.5833333	20.3848279
81.6666667	13.6593712
81.7500000	5.7351343
81.8333333	-0.7323335
81.9166667	-6.0031719
82.0000000	-8.7688015
82.0833333	-10.1418548
82.1666667	-2.7508533
82.2500000	8.0321104
82.3333333	15.9681211
82.4166667	20.6520788
82.5000000	21.5840174
82.5833333	19.6614314
82.6666667	12.6103432
82.7500000	6.0250035
82.8333333	-1.1316205
82.9166667	-7.3938844
83.0000000	-10.1270226
83.0833333	-8.8794386
83.1666667	-3.2787377
83.2500000	7.7501715
83.3333333	16.1530424
83.4166667	20.5670294
83.5000000	22.6393754
83.5833333	21.0491083
83.6666667	13.1738584
83.7500000	6.0396647
83.8333333	-0.7841543
83.9166667	-5.6373029
84.0000000	-8.9021322
84.0833333	-10.6580543
84.1666667	-5.1468000
84.2500000	6.8425832
84.3333333	16.0414801
84.4166667	20.4102001
84.5000000	22.6483480
84.5833333	20.2784336
84.6666667	13.7767023
84.7500000	6.1423378
84.8333333	-0.1735539
84.9166667	-5.5386521
85.0000000	-7.7877906
85.0833333	-8.0796944
85.1666667	-2.5657666
85.2500000	7.7262330
85.3333333	16.2428758
85.4166667	20.6649438
85.5000000	22.9532289
85.5833333	20.8468334
85.6666667	12.4105677
85.7500000	6.0015206
85.8333333	-0.0733037
85.9166667	-8.6879656
