# time(yr) / moisture(mm/m)
0.0000000	348.8184118
0.0833333	349.9991795
0.1666667	359.2314140
0.2500000	378.9080786
0.3333333	337.0400524
0.4166667	314.0786895
0.5000000	294.1421174
0.5833333	296.9410614
0.6666667	308.5896352
0.7500000	340.2717403
0.8333333	360.1688385
0.9166667	363.1889865
1.0000000	358.7077138
1.0833333	355.8875345
1.1666667	362.7901044
1.2500000	369.0218643
1.3333333	338.9142891
1.4166667	311.8984709
1.5000000	295.6433264
1.5833333	287.1722882
1.6666667	311.3257026
1.7500000	339.0263943
1.8333333	355.3419804
1.9166667	361.8533046
2.0000000	355.9563531
2.0833333	353.5848751
2.1666667	360.2645606
2.2500000	372.7611178
2.3333333	348.9183494
2.4166667	324.0658287
2.5000000	298.8945360
2.5833333	289.2560568
2.6666667	301.5758628
2.7500000	337.6698773
2.8333333	359.4885676
2.9166667	360.2003750
3.0000000	355.9697260
3.0833333	354.4554548
3.1666667	364.1311779
3.2500000	370.8648150
3.3333333	341.0589651
3.4166667	304.5610414
3.5000000	289.0288140
3.5833333	277.2944275
3.6666667	299.5041300
3.7500000	335.9350880
3.8333333	359.5535985
3.9166667	362.8717326
4.0000000	359.3141088
4.0833333	355.2451860
4.1666667	364.0282827
4.2500000	366.5172901
4.3333333	332.8244914
4.4166667	304.8998512
4.5000000	286.2768933
4.5833333	291.1456743
4.6666667	312.2327526
4.7500000	340.1617175
4.8333333	358.8503991
4.9166667	363.9977920
5.0000000	359.9446540
5.0833333	355.3123217
5.1666667	363.9453225
5.2500000	369.6809636
5.3333333	338.4857961
5.4166667	311.8231958
5.5000000	291.6280725
5.5833333	288.3397930
5.6666667	314.3529247
5.7500000	344.5893809
5.8333333	359.7594831
5.9166667	361.2961856
6.0000000	355.5746981
6.0833333	353.0090158
6.1666667	362.5075828
6.2500000	370.7452052
6.3333333	339.6913443
6.4166667	308.1517070
6.5000000	290.3030247
6.5833333	291.1851126
6.6666667	309.8742709
6.7500000	341.6833968
6.8333333	359.4020764
6.9166667	362.7848266
7.0000000	358.0923389
7.0833333	354.0860473
7.1666667	361.5032629
7.2500000	365.9142542
7.3333333	339.8893402
7.4166667	305.6018864
7.5000000	276.3476599
7.5833333	276.4559361
7.6666667	298.8461088
7.7500000	335.4546209
7.8333333	362.1320392
7.9166667	362.1335200
8.0000000	359.5081751
8.0833333	353.4075312
8.1666667	359.7822146
8.2500000	368.2905609
8.3333333	335.4937189
8.4166667	309.1055767
8.5000000	289.7212739
8.5833333	284.1005338
8.6666667	298.2747504
8.7500000	334.5015597
8.8333333	359.1353848
8.9166667	363.4873611
9.0000000	358.6651927
9.0833333	355.7697881
9.1666667	364.8876176
9.2500000	367.7767854
9.3333333	337.8684339
9.4166667	308.7616977
9.5000000	294.5727014
9.5833333	275.1829918
9.6666667	288.9646410
9.7500000	324.4714205
9.8333333	354.9130451
9.9166667	359.8697418
10.0000000	356.3196262
10.0833333	352.6925304
10.1666667	356.1396200
10.2500000	372.8469543
10.3333333	336.3114267
10.4166667	306.6717073
10.5000000	283.1217701
10.5833333	285.2592972
10.6666667	305.5529068
10.7500000	342.6592804
10.8333333	359.6360404
10.9166667	362.0970649
11.0000000	357.5816378
11.0833333	354.8226188
11.1666667	363.6196409
11.2500000	367.0401470
11.3333333	336.0007326
11.4166667	307.3170986
11.5000000	288.7167324
11.5833333	283.8148878
11.6666667	300.0578812
11.7500000	342.0459221
11.8333333	361.2596353
11.9166667	364.5953191
12.0000000	357.9377737
12.0833333	354.5072233
12.1666667	363.5107615
12.2500000	366.2259804
12.3333333	335.7385256
12.4166667	304.9567744
12.5000000	279.6463499
12.5833333	273.5513158
12.6666667	290.1410128
12.7500000	318.6460038
12.8333333	354.1215706
12.9166667	358.4898537
13.0000000	355.0291154
13.0833333	352.8026744
13.1666667	358.6586663
13.2500000	369.5740430
13.3333333	340.1182786
13.4166667	311.6896142
13.5000000	278.9547702
13.5833333	273.0700908
13.6666667	302.2883499
13.7500000	338.5517112
13.8333333	357.9607489
13.9166667	360.6666476
14.0000000	354.7895991
14.0833333	352.0993648
14.1666667	362.6207913
14.2500000	370.1534382
14.3333333	337.8216481
14.4166667	306.2257758
14.5000000	283.9376264
14.5833333	288.1555033
14.6666667	313.2867452
14.7500000	342.0798176
14.8333333	357.6763257
14.9166667	358.6372387
15.0000000	356.6950623
15.0833333	355.6614075
15.1666667	363.8307964
15.2500000	370.9543689
15.3333333	338.9843366
15.4166667	305.7234566
15.5000000	284.7404151
15.5833333	278.7871629
15.6666667	307.0557227
15.7500000	339.5506163
15.8333333	358.2156454
15.9166667	363.1040526
16.0000000	356.4843981
16.0833333	354.2339023
16.1666667	360.4832030
16.2500000	367.9960537
16.3333333	339.6823374
16.4166667	305.0783121
16.5000000	288.3467845
16.5833333	286.6240485
16.6666667	297.0158412
16.7500000	331.9378748
16.8333333	358.0862767
16.9166667	361.9168142
17.0000000	358.5846889
17.0833333	355.9399549
17.1666667	364.2539390
17.2500000	367.4079326
17.3333333	337.5950321
17.4166667	301.7609392
17.5000000	278.5440049
17.5833333	275.4515677
17.6666667	296.1602715
17.7500000	341.9647907
17.8333333	358.0193448
17.9166667	360.8492558
18.0000000	355.2661582
18.0833333	351.9984945
18.1666667	360.0077594
18.2500000	371.3546973
18.3333333	337.8264797
18.4166667	314.1955252
18.5000000	290.5236399
18.5833333	277.0895843
18.6666667	295.0437559
18.7500000	333.2883811
18.8333333	356.2625471
18.9166667	360.8978427
19.0000000	354.1444412
19.0833333	351.3946410
19.1666667	358.2829011
19.2500000	373.0355827
19.3333333	339.2129005
19.4166667	314.5645740
19.5000000	293.2325472
19.5833333	282.7992760
19.6666667	307.1941049
19.7500000	342.5901580
19.8333333	361.1529812
19.9166667	361.4921577
20.0000000	356.8348906
20.0833333	355.3787576
20.1666667	363.7009336
20.2500000	369.2296764
20.3333333	336.2738237
20.4166667	314.3983417
20.5000000	290.9094319
20.5833333	278.1598483
20.6666667	298.9328065
20.7500000	337.5944487
20.8333333	359.7437335
20.9166667	361.2930575
21.0000000	356.3219661
21.0833333	353.4850748
21.1666667	364.8447555
21.2500000	368.5078090
21.3333333	341.8117102
21.4166667	308.6936327
21.5000000	290.3402918
21.5833333	281.6603990
21.6666667	299.1478440
21.7500000	332.5176600
21.8333333	353.7483344
21.9166667	359.3591676
22.0000000	354.7964402
22.0833333	351.6492823
22.1666667	361.3586276
22.2500000	369.4647838
22.3333333	336.5368589
22.4166667	302.2134148
22.5000000	287.0954168
22.5833333	279.9210312
22.6666667	298.7807919
22.7500000	338.9573859
22.8333333	358.7850412
22.9166667	359.9422663
23.0000000	354.8578632
23.0833333	353.6032474
23.1666667	361.7747218
23.2500000	368.9082802
23.3333333	335.2929267
23.4166667	302.4807585
23.5000000	275.2640590
23.5833333	273.3268141
23.6666667	296.3846998
23.7500000	331.6926740
23.8333333	354.6245946
23.9166667	359.2836433
24.0000000	354.7681476
24.0833333	353.4998191
24.1666667	365.1934710
24.2500000	367.6875430
24.3333333	338.2403887
24.4166667	307.7319284
24.5000000	288.7385715
24.5833333	274.9023928
24.6666667	296.2353864
24.7500000	337.4977443
24.8333333	358.5370247
24.9166667	363.6474067
25.0000000	359.7373785
25.0833333	354.3064552
25.1666667	361.3656829
25.2500000	368.8747222
25.3333333	345.3953553
25.4166667	317.9011573
25.5000000	299.3854657
25.5833333	288.3364067
25.6666667	306.3078155
25.7500000	339.8295721
25.8333333	360.4031202
25.9166667	362.2136842
26.0000000	357.3303623
26.0833333	355.2226326
26.1666667	364.4180610
26.2500000	368.5612976
26.3333333	339.5363659
26.4166667	305.9499241
26.5000000	277.1175392
26.5833333	277.3730070
26.6666667	298.2877408
26.7500000	335.9173161
26.8333333	362.2135082
26.9166667	363.8061954
27.0000000	356.4656041
27.0833333	354.1971196
27.1666667	360.8934170
27.2500000	370.2273245
27.3333333	341.1126836
27.4166667	313.0206484
27.5000000	295.6517911
27.5833333	293.7886658
27.6666667	309.1482215
27.7500000	341.3477570
27.8333333	357.0363266
27.9166667	362.7898827
28.0000000	359.0385084
28.0833333	355.1931109
28.1666667	364.4608727
28.2500000	371.5722037
28.3333333	340.5079425
28.4166667	308.8721566
28.5000000	291.7070305
28.5833333	284.7941602
28.6666667	301.3616904
28.7500000	336.1105913
28.8333333	356.1312550
28.9166667	359.4732597
29.0000000	357.1564266
29.0833333	354.6506457
29.1666667	362.1824694
29.2500000	371.0938036
29.3333333	338.0149187
29.4166667	307.3680998
29.5000000	287.9385757
29.5833333	284.8859416
29.6666667	295.9674175
29.7500000	341.7447042
29.8333333	358.3281496
29.9166667	361.7117435
30.0000000	356.4987209
30.0833333	353.4534703
30.1666667	363.4014942
30.2500000	372.4510562
30.3333333	342.2409236
30.4166667	310.7370152
30.5000000	294.8800999
30.5833333	290.9742367
30.6666667	304.7719813
30.7500000	337.1271936
30.8333333	361.2469556
30.9166667	363.0828317
31.0000000	356.2098855
31.0833333	353.4987900
31.1666667	362.4135180
31.2500000	373.1988281
31.3333333	346.1927620
31.4166667	316.6148441
31.5000000	294.9913696
31.5833333	296.7100552
31.6666667	305.7633484
31.7500000	337.8555339
31.8333333	361.9387274
31.9166667	359.7226201
32.0000000	356.9707188
32.0833333	355.0931803
32.1666667	364.0492783
32.2500000	368.8454590
32.3333333	340.7805949
32.4166667	312.3699891
32.5000000	285.5050031
32.5833333	283.9417609
32.6666667	302.2659428
32.7500000	338.4378222
32.8333333	355.6621277
32.9166667	360.2364587
33.0000000	355.4258636
33.0833333	353.4415969
33.1666667	360.8751968
33.2500000	370.9013931
33.3333333	339.9253041
33.4166667	303.6541318
33.5000000	286.1266801
33.5833333	289.7561221
33.6666667	307.3769221
33.7500000	342.2484785
33.8333333	360.4313216
33.9166667	361.2685575
34.0000000	356.6467238
34.0833333	354.2751073
34.1666667	363.7181150
34.2500000	367.5966765
34.3333333	338.2895076
34.4166667	307.7858178
34.5000000	285.5956782
34.5833333	277.8021388
34.6666667	298.3878214
34.7500000	339.0643911
34.8333333	360.0574670
34.9166667	361.6733200
35.0000000	355.7078510
35.0833333	351.4165435
35.1666667	357.2850548
35.2500000	375.5281631
35.3333333	342.8921360
35.4166667	313.6999819
35.5000000	291.5302229
35.5833333	283.4421256
35.6666667	303.4993577
35.7500000	341.6004802
35.8333333	358.2494492
35.9166667	358.0484938
36.0000000	354.9091718
36.0833333	354.0671771
36.1666667	363.9132177
36.2500000	369.5865583
36.3333333	339.3940849
36.4166667	310.3120542
36.5000000	286.9922071
36.5833333	283.9534981
36.6666667	304.5731510
36.7500000	337.8024687
36.8333333	360.2049950
36.9166667	359.8000829
37.0000000	355.2465924
37.0833333	352.8953699
37.1666667	362.1207398
37.2500000	371.5090935
37.3333333	339.5837044
37.4166667	303.8834769
37.5000000	289.2769226
37.5833333	288.1166614
37.6666667	300.7498096
37.7500000	335.1899651
37.8333333	359.4091320
37.9166667	363.2826466
38.0000000	358.6595657
38.0833333	354.9546982
38.1666667	364.7570806
38.2500000	367.2050438
38.3333333	340.2169959
38.4166667	311.0852386
38.5000000	283.2169483
38.5833333	271.9615796
38.6666667	296.7634221
38.7500000	340.3298526
38.8333333	361.6003027
38.9166667	362.4367030
39.0000000	357.3901334
39.0833333	354.8349779
39.1666667	360.0449140
39.2500000	372.2281515
39.3333333	341.6926476
39.4166667	310.1067500
39.5000000	286.4788581
39.5833333	292.2823888
39.6666667	308.4254707
39.7500000	343.1786520
39.8333333	359.2009635
39.9166667	363.2875237
40.0000000	357.8507282
40.0833333	356.6326093
40.1666667	365.9013660
40.2500000	368.3333170
40.3333333	339.9720967
40.4166667	310.7127070
40.5000000	292.0164211
40.5833333	287.3751158
40.6666667	304.8412860
40.7500000	338.7370222
40.8333333	359.9998494
40.9166667	364.2775609
41.0000000	358.1656524
41.0833333	354.4499219
41.1666667	362.8155429
41.2500000	373.2540511
41.3333333	342.8727166
41.4166667	311.4213320
41.5000000	283.1174189
41.5833333	286.3474194
41.6666667	308.0693517
41.7500000	338.9907813
41.8333333	361.3498355
41.9166667	362.4352654
42.0000000	357.0934469
42.0833333	355.1983796
42.1666667	363.8528275
42.2500000	369.5835298
42.3333333	343.1931426
42.4166667	313.5561975
42.5000000	290.9069087
42.5833333	284.5619528
42.6666667	300.1917774
42.7500000	341.2717383
42.8333333	361.1236083
42.9166667	361.2035375
43.0000000	355.6397092
43.0833333	355.0360992
43.1666667	362.9342974
43.2500000	368.5193023
43.3333333	343.0219304
43.4166667	316.0534957
43.5000000	295.0979488
43.5833333	290.8132460
43.6666667	304.8048266
43.7500000	345.0577847
43.8333333	364.8185937
43.9166667	363.1530359
44.0000000	356.9178771
44.0833333	354.9766784
44.1666667	358.9648771
44.2500000	373.9384468
44.3333333	346.0141380
44.4166667	319.4792871
44.5000000	289.3744637
44.5833333	287.0037880
44.6666667	305.8830595
44.7500000	337.0403073
44.8333333	359.4367908
44.9166667	362.4436228
45.0000000	356.3330909
45.0833333	352.4168949
45.1666667	359.3142977
45.2500000	373.9178173
45.3333333	347.5010039
45.4166667	322.8047076
45.5000000	304.1639599
45.5833333	290.8115391
45.6666667	303.6015423
45.7500000	332.0584472
45.8333333	355.9587512
45.9166667	357.2069306
46.0000000	353.9219760
46.0833333	351.8330862
46.1666667	356.7707780
46.2500000	374.2579503
46.3333333	339.9268532
46.4166667	309.8169959
46.5000000	291.8764278
46.5833333	281.9112199
46.6666667	296.5152632
46.7500000	334.2227770
46.8333333	355.8667698
46.9166667	359.7656222
47.0000000	354.7557217
47.0833333	352.1385050
47.1666667	358.2109479
47.2500000	372.6709022
47.3333333	336.8352850
47.4166667	308.5629367
47.5000000	287.3968498
47.5833333	280.1773408
47.6666667	296.7826952
47.7500000	330.6290470
47.8333333	359.2730943
47.9166667	362.1115377
48.0000000	356.4600793
48.0833333	352.6530588
48.1666667	359.7025615
48.2500000	370.0040420
48.3333333	341.7514939
48.4166667	304.2814121
48.5000000	279.4211216
48.5833333	276.9284179
48.6666667	302.3886589
48.7500000	337.3243589
48.8333333	359.4813477
48.9166667	360.9938352
49.0000000	356.0924948
49.0833333	353.9010661
49.1666667	362.0500226
49.2500000	370.9786677
49.3333333	340.3857787
49.4166667	311.2794431
49.5000000	292.6506503
49.5833333	285.9229538
49.6666667	299.4775453
49.7500000	342.1579646
49.8333333	364.1110345
49.9166667	364.5142818
50.0000000	359.0556726
50.0833333	356.2062326
50.1666667	363.5133476
50.2500000	369.6202564
50.3333333	342.4112578
50.4166667	314.6481315
50.5000000	291.2581955
50.5833333	283.5223945
50.6666667	302.4727782
50.7500000	338.4233243
50.8333333	358.6119612
50.9166667	364.1549906
51.0000000	357.2587991
51.0833333	353.3175248
51.1666667	363.0128423
51.2500000	373.2697884
51.3333333	339.8385073
51.4166667	307.2627532
51.5000000	280.6637248
51.5833333	282.8649966
51.6666667	314.1657473
51.7500000	343.9589899
51.8333333	362.0856342
51.9166667	361.9280519
52.0000000	358.0962769
52.0833333	353.2664633
52.1666667	360.8900543
52.2500000	373.9220080
52.3333333	343.4918272
52.4166667	316.7493314
52.5000000	293.1260794
52.5833333	284.6193950
52.6666667	302.0006647
52.7500000	340.1192072
52.8333333	358.3838383
52.9166667	360.7773038
53.0000000	356.4971978
53.0833333	354.1626379
53.1666667	362.7922698
53.2500000	370.5253472
53.3333333	344.2715314
53.4166667	312.8946236
53.5000000	287.7939009
53.5833333	280.5636603
53.6666667	299.8374013
53.7500000	338.8312904
53.8333333	359.7408893
53.9166667	360.9521258
54.0000000	356.0387030
54.0833333	352.5954274
54.1666667	362.5187756
54.2500000	371.8912364
54.3333333	340.9111220
54.4166667	310.9491768
54.5000000	300.9546141
54.5833333	291.2507939
54.6666667	306.8824892
54.7500000	337.2239117
54.8333333	361.9898677
54.9166667	362.2625188
55.0000000	357.2378403
55.0833333	356.0336451
55.1666667	365.7413599
55.2500000	370.4650596
55.3333333	343.0709181
55.4166667	313.7800156
55.5000000	285.0218076
55.5833333	272.6161567
55.6666667	298.3693996
55.7500000	335.1847698
55.8333333	359.5676996
55.9166667	360.4261167
56.0000000	356.1022550
56.0833333	354.4240864
56.1666667	361.4857642
56.2500000	373.9610619
56.3333333	344.4428306
56.4166667	319.1761116
56.5000000	302.2920058
56.5833333	287.6689189
56.6666667	297.4106960
56.7500000	337.6233343
56.8333333	359.8746993
56.9166667	361.3231372
57.0000000	355.7878006
57.0833333	354.9513849
57.1666667	366.8387265
57.2500000	363.8978016
57.3333333	335.2329566
57.4166667	304.2856728
57.5000000	287.6746825
57.5833333	278.0043929
57.6666667	296.7881926
57.7500000	339.4352650
57.8333333	360.0074758
57.9166667	362.2934272
58.0000000	355.8922799
58.0833333	354.9786893
58.1666667	362.8144239
58.2500000	366.7685193
58.3333333	336.4767279
58.4166667	314.0156670
58.5000000	288.0644465
58.5833333	278.0129980
58.6666667	295.3391370
58.7500000	342.3156224
58.8333333	361.2020257
58.9166667	363.8844416
59.0000000	358.3515519
59.0833333	356.2236940
59.1666667	363.6492208
59.2500000	368.0887859
59.3333333	337.4784867
59.4166667	311.5460587
59.5000000	289.5033040
59.5833333	288.1746088
59.6666667	305.3613834
59.7500000	338.5437883
59.8333333	359.3115681
59.9166667	362.2171514
60.0000000	356.9835503
60.0833333	353.0517831
60.1666667	364.3925334
60.2500000	368.1317438
60.3333333	342.5297582
60.4166667	309.9756662
60.5000000	291.0519192
60.5833333	274.8703141
60.6666667	294.0186577
60.7500000	339.1628349
60.8333333	360.6088677
60.9166667	363.2114724
61.0000000	357.1819756
61.0833333	354.3605591
61.1666667	368.6308451
61.2500000	366.7597520
61.3333333	339.6838248
61.4166667	309.3589214
61.5000000	288.0334502
61.5833333	284.6998528
61.6666667	297.2008304
61.7500000	333.4210586
61.8333333	357.6190177
61.9166667	360.3641045
62.0000000	356.0648368
62.0833333	355.2349400
62.1666667	363.5998783
62.2500000	372.5317687
62.3333333	345.1844155
62.4166667	315.8575195
62.5000000	288.2580049
62.5833333	288.1320441
62.6666667	306.6211061
62.7500000	346.1728713
62.8333333	362.0561681
62.9166667	361.4049766
63.0000000	356.6572548
63.0833333	356.2857393
63.1666667	366.6479076
63.2500000	367.4298894
63.3333333	340.0960228
63.4166667	314.0388522
63.5000000	292.5778222
63.5833333	289.6492460
63.6666667	308.1135899
63.7500000	340.0275349
63.8333333	361.7245246
63.9166667	362.2903849
64.0000000	355.6466539
64.0833333	353.3079161
64.1666667	363.2717162
64.2500000	371.2307979
64.3333333	342.5039239
64.4166667	309.1124430
64.5000000	292.5073021
64.5833333	282.1796812
64.6666667	300.9143722
64.7500000	335.8985014
64.8333333	361.5172265
64.9166667	361.5756362
65.0000000	354.9957466
65.0833333	354.7218843
65.1666667	367.7956251
65.2500000	370.2980247
65.3333333	343.3242077
65.4166667	320.3169968
65.5000000	297.7426213
65.5833333	279.3045407
65.6666667	299.5747842
65.7500000	336.0634134
65.8333333	358.8485431
65.9166667	360.2045553
66.0000000	356.3788098
66.0833333	355.6139434
66.1666667	369.1922495
66.2500000	365.1633947
66.3333333	340.7668112
66.4166667	305.1687329
66.5000000	279.8456261
66.5833333	275.3798626
66.6666667	293.1701220
66.7500000	335.8607757
66.8333333	356.4627643
66.9166667	359.5612745
67.0000000	355.9654546
67.0833333	353.2023988
67.1666667	363.6170068
67.2500000	367.0495511
67.3333333	339.1039464
67.4166667	307.9636956
67.5000000	282.8001137
67.5833333	278.4934576
67.6666667	296.2192689
67.7500000	333.2927980
67.8333333	357.6867461
67.9166667	363.4617721
68.0000000	357.9576035
68.0833333	355.6560511
68.1666667	365.0799785
68.2500000	369.0117967
68.3333333	339.4947075
68.4166667	310.4530620
68.5000000	286.7255951
68.5833333	281.7526383
68.6666667	295.6217665
68.7500000	331.9592758
68.8333333	358.2600577
68.9166667	363.1158457
69.0000000	359.2475099
69.0833333	355.0774287
69.1666667	365.2929856
69.2500000	368.3150050
69.3333333	341.9519243
69.4166667	311.1025291
69.5000000	289.6759053
69.5833333	282.4716218
69.6666667	313.3482774
69.7500000	346.6602640
69.8333333	360.3858422
69.9166667	362.8935283
70.0000000	359.2970670
70.0833333	356.5812699
70.1666667	370.1442233
70.2500000	367.7106802
70.3333333	338.8511476
70.4166667	315.3017465
70.5000000	286.2111106
70.5833333	279.2042431
70.6666667	296.2488958
70.7500000	337.0508462
70.8333333	357.4783779
70.9166667	363.0008111
71.0000000	354.9761782
71.0833333	351.3574116
71.1666667	361.7754930
71.2500000	374.5265406
71.3333333	339.7887225
71.4166667	309.0111468
71.5000000	279.5247442
71.5833333	274.1863707
71.6666667	295.9074244
71.7500000	339.4859081
71.8333333	359.1964912
71.9166667	360.9825394
72.0000000	357.2911753
72.0833333	354.3008926
72.1666667	362.8728035
72.2500000	365.9239731
72.3333333	335.9114219
72.4166667	305.5344514
72.5000000	279.4815839
72.5833333	273.8484577
72.6666667	299.8657263
72.7500000	342.8266301
72.8333333	360.1833965
72.9166667	364.1218570
73.0000000	358.0571507
73.0833333	354.1197706
73.1666667	362.0091964
73.2500000	369.1116977
73.3333333	343.8543941
73.4166667	318.2807906
73.5000000	296.0949392
73.5833333	286.9621536
73.6666667	298.5441244
73.7500000	338.4316915
73.8333333	360.0039173
73.9166667	362.5944343
74.0000000	357.8603632
74.0833333	357.8441196
74.1666667	368.0421364
74.2500000	366.7955893
74.3333333	339.7563930
74.4166667	313.8755405
74.5000000	293.3737689
74.5833333	281.2810004
74.6666667	306.9317553
74.7500000	338.2004432
74.8333333	357.9324111
74.9166667	361.2865151
75.0000000	358.3670298
75.0833333	355.5688653
75.1666667	361.2341176
75.2500000	367.6094540
75.3333333	341.3784100
75.4166667	309.8061835
75.5000000	287.8137079
75.5833333	279.7352358
75.6666667	294.3085649
75.7500000	326.7527136
75.8333333	354.9105711
75.9166667	360.0873829
76.0000000	357.0792854
76.0833333	356.8266891
76.1666667	368.8236566
76.2500000	367.6495342
76.3333333	340.3166217
76.4166667	310.8556530
76.5000000	297.1024309
76.5833333	282.2780011
76.6666667	298.6506519
76.7500000	337.1264055
76.8333333	359.6794762
76.9166667	361.5056649
77.0000000	356.0242626
77.0833333	353.3194295
77.1666667	365.9540411
77.2500000	366.5868910
77.3333333	335.3942912
77.4166667	306.6902352
77.5000000	281.8649096
77.5833333	277.8629151
77.6666667	295.4123068
77.7500000	333.4843993
77.8333333	359.3651461
77.9166667	360.9089748
78.0000000	358.1276802
78.0833333	357.1192713
78.1666667	367.1773207
78.2500000	364.3180981
78.3333333	334.8653114
78.4166667	297.1364010
78.5000000	280.2770400
78.5833333	274.1060780
78.6666667	292.8553111
78.7500000	334.5854773
78.8333333	356.5769224
78.9166667	364.7005388
79.0000000	358.8367480
79.0833333	355.1232929
79.1666667	363.1013120
79.2500000	365.6600099
79.3333333	334.9296446
79.4166667	297.7087587
79.5000000	277.6177769
79.5833333	277.3446077
79.6666667	299.3134632
79.7500000	337.6188797
79.8333333	357.4963652
79.9166667	360.8336187
80.0000000	355.4022933
80.0833333	355.3225701
80.1666667	366.5496916
80.2500000	362.7719500
80.3333333	333.1836393
80.4166667	302.8826887
80.5000000	279.8128200
80.5833333	269.5984091
80.6666667	294.4211996
80.7500000	335.9866840
80.8333333	358.5201242
80.9166667	364.1540223
81.0000000	360.2606575
81.0833333	358.1482947
81.1666667	362.3223864
81.2500000	367.2779493
81.3333333	344.5991011
81.4166667	313.5935325
81.5000000	289.8844898
81.5833333	277.9231229
81.6666667	299.2513712
81.7500000	331.3731537
81.8333333	360.9313332
81.9166667	362.7557407
82.0000000	358.2204395
82.0833333	356.9113316
82.1666667	364.8290256
82.2500000	360.4623744
82.3333333	331.0735344
82.4166667	308.0101847
82.5000000	294.9031077
82.5833333	290.3653059
82.6666667	308.1495238
82.7500000	338.0713203
82.8333333	360.1852579
82.9166667	364.7014754
83.0000000	357.4004161
83.0833333	354.5321009
83.1666667	369.1322265
83.2500000	363.7116203
83.3333333	332.2202066
83.4166667	296.2169340
83.5000000	270.0044274
83.5833333	260.2951212
83.6666667	284.3157952
83.7500000	328.9193495
83.8333333	356.7948921
83.9166667	362.1675710
84.0000000	357.8398052
84.0833333	354.5300626
84.1666667	361.5609961
84.2500000	367.2064117
84.3333333	339.3587699
84.4166667	311.1839115
84.5000000	292.7358695
84.5833333	286.0833550
84.6666667	307.3096301
84.7500000	341.4908822
84.8333333	357.7642100
84.9166667	363.0053499
85.0000000	360.4521137
85.0833333	359.5603439
85.1666667	366.6971865
85.2500000	365.3588699
85.3333333	337.6147498
85.4166667	312.0438091
85.5000000	291.1085572
85.5833333	281.7329839
85.6666667	305.4947937
85.7500000	342.0413583
85.8333333	363.0140792
85.9166667	362.9881855
