# time(yr)	runoff(mm/month)
0.0000000	21.8246190
0.0833610	20.9714157
0.1667220	15.5294378
0.2500830	48.1848765
0.3334440	42.8395100
0.4168050	7.9364798
0.5001661	15.5145425
0.5835271	22.5231126
0.6668881	16.3463594
0.7502491	14.5136427
0.8336101	11.3107201
0.9169711	7.5700770
1.0003321	5.1584521
1.0836931	3.3183010
1.1670541	3.6401456
1.2504151	20.1156639
1.3337762	64.5096267
1.4171372	9.6848284
1.5004982	9.6019630
1.5838592	22.3227893
1.6672202	25.4707335
1.7505812	23.4092065
1.8339422	26.0407058
1.9173032	20.9336476
2.0006642	14.9073585
2.0840252	23.1090611
2.1673863	27.2929009
2.2507473	104.0923933
2.3341083	18.0846324
2.4174693	18.1505079
2.5008303	29.2958085
2.5841913	24.9629827
2.6675523	34.1273303
2.7509133	28.8706661
2.8342743	24.0546961
2.9176353	19.3321456
3.0009963	11.3835841
3.0843574	6.4998911
3.1677184	5.1831961
3.2510794	51.9590102
3.3344404	23.8430030
3.4178014	4.8798018
3.5011624	8.0232413
3.5845234	6.5719164
3.6678844	11.8248842
3.7512454	9.3303452
3.8346064	7.9853082
3.9179675	8.4259507
4.0013285	5.7066520
4.0846895	12.0117420
4.1680505	14.8467365
4.2514115	90.2123483
4.3347725	46.8791070
4.4181335	5.7085615
4.5014945	5.1748886
4.5848555	7.2823804
4.6682165	8.7561649
4.7515775	7.7909757
4.8349386	9.9817560
4.9182996	9.0437737
5.0016606	4.7280559
5.0850216	3.7157654
5.1683826	3.4309879
5.2517436	22.1794234
5.3351046	7.2376585
5.4184656	4.3124648
5.5018266	8.6429833
5.5851876	13.1875793
5.6685487	8.4769662
5.7519097	13.5198964
5.8352707	11.1481979
5.9186317	10.6540352
6.0019927	12.3609935
6.0853537	13.0271281
6.1687147	10.5238543
6.2520757	101.8459322
6.3354367	45.5893254
6.4187977	15.6246194
6.5021588	29.1587439
6.5855198	27.7356084
6.6688808	32.0980456
6.7522418	29.6028400
6.8356028	27.8063519
6.9189638	18.3165108
7.0023248	8.0283015
7.0856858	4.8679797
7.1690468	6.5179076
7.2524078	17.6301921
7.3357688	72.4068427
7.4191299	12.4071375
7.5024909	23.0325466
7.5858519	28.5633281
7.6692129	25.7785241
7.7525739	22.3228883
7.8359349	20.9102409
7.9192959	15.7532043
8.0026569	5.6507590
8.0860179	11.1339509
8.1693789	13.0764003
8.2527400	98.5197583
8.3361010	44.6793226
8.4194620	3.6423989
8.5028230	7.6348097
8.5861840	14.1220061
8.6695450	17.4403887
8.7529060	21.8427758
8.8362670	10.4541067
8.9196280	9.6818268
9.0029890	7.9818417
9.0863500	6.8901185
9.1697111	7.9111883
9.2530721	20.4048640
9.3364331	5.4068466
9.4197941	6.6855112
9.5031551	7.4578460
9.5865161	8.8540234
9.6698771	7.5185257
9.7532381	5.6936951
9.8365991	7.3731371
9.9199601	3.6476191
10.0033212	5.4779237
10.0866822	1.8127720
10.1700432	1.9083703
10.2534042	24.2745529
10.3367652	4.4320459
10.4201262	1.9983723
10.5034872	6.3654598
10.5868482	9.7769672
10.6702092	9.8400733
10.7535702	11.8546065
10.8369313	9.2791640
10.9202923	7.2127224
11.0036533	7.5007243
11.0870143	5.7252667
11.1703753	6.0750209
11.2537363	20.9947611
11.3370973	6.4371250
11.4204583	5.0478973
11.5038193	14.0880099
11.5871803	13.7502861
11.6705413	11.0007784
11.7539024	10.9091376
11.8372634	11.3006999
11.9206244	7.9687068
12.0039854	6.6311753
12.0873464	3.6798164
12.1707074	5.2070030
12.2540684	86.8522088
12.3374294	8.3568933
12.4207904	12.1668313
12.5041514	22.0711664
12.5875125	27.2693739
12.6708735	30.8029339
12.7542345	27.6612509
12.8375955	23.9199065
12.9209565	12.4160084
13.0043175	7.2880676
13.0876785	8.3866957
13.1710395	8.8753267
13.2544005	21.8551451
13.3377615	52.0578658
13.4211226	7.3434214
13.5044836	15.8016503
13.5878446	19.1689091
13.6712056	17.1272327
13.7545666	16.5316636
13.8379276	15.7185728
13.9212886	16.7601721
14.0046496	9.7965425
14.0880106	7.2606492
14.1713716	7.4382235
14.2547326	46.9243645
14.3380937	17.6736839
14.4214547	7.3274293
14.5048157	16.0266545
14.5881767	16.1367090
14.6715377	17.2725010
14.7548987	11.5353058
14.8382597	6.0635391
14.9216207	10.0225639
15.0049817	5.8920700
15.0883427	4.3843868
15.1717038	2.7062109
15.2550648	59.1035663
15.3384258	5.4896276
15.4217868	3.0123448
15.5051478	11.9374176
15.5885088	15.0531030
15.6718698	13.2587955
15.7552308	10.9382045
15.8385918	14.1064012
15.9219528	9.3549618
16.0053138	4.0423065
16.0886749	11.2100905
16.1720359	14.0086406
16.2553969	12.4993641
16.3387579	86.7219478
16.4221189	7.3526448
16.5054799	12.8653614
16.5888409	12.9624243
16.6722019	14.5750567
16.7555629	12.5374740
16.8389239	10.0857673
16.9222850	11.7924368
17.0056460	4.9536321
17.0890070	4.3441776
17.1723680	2.7980303
17.2557290	28.1225796
17.3390900	78.6363040
17.4224510	10.1059043
17.5058120	18.3574449
17.5891730	26.8688617
17.6725340	26.0103164
17.7558951	27.6606451
17.8392561	24.6250857
17.9226171	13.2881559
18.0059781	8.5400688
18.0893391	4.9128174
18.1727001	4.6379693
18.2560611	36.8581496
18.3394221	32.0707939
18.4227831	3.4538444
18.5061441	2.5049455
18.5895051	4.8844548
18.6728662	4.6977871
18.7562272	5.2933656
18.8395882	3.2899856
18.9229492	5.2490191
19.0063102	9.1992561
19.0896712	1.5661143
19.1730322	20.7843551
19.2563932	47.9189748
19.3397542	5.8702751
19.4231152	2.5996209
19.5064763	2.2994553
19.5898373	7.0181412
19.6731983	9.4475456
19.7565593	8.0125228
19.8399203	4.6709810
19.9232813	7.8400158
20.0066423	4.8923203
20.0900033	2.5382493
20.1733643	1.6102737
20.2567253	39.7022024
20.3400864	4.0910247
20.4234474	1.8123565
20.5068084	9.3082916
20.5901694	6.2284913
20.6735304	9.2923826
20.7568914	16.1347040
20.8402524	9.1493456
20.9236134	12.0044611
21.0069744	6.0366694
21.0903354	6.9377765
21.1736964	4.7015551
21.2570575	4.7134064
21.3404185	107.7937726
21.4237795	12.9852782
21.5071405	16.2638937
21.5905015	25.8938910
21.6738625	26.0747940
21.7572235	25.4471170
21.8405845	29.2524227
21.9239455	21.0356244
22.0073065	19.3538880
22.0906676	28.6232323
22.1740286	23.0937332
22.2573896	64.8636720
22.3407506	56.6327033
22.4241116	28.0801957
22.5074726	34.1007882
22.5908336	31.6849495
22.6741946	36.1573057
22.7575556	31.3439878
22.8409166	31.0451554
22.9242776	26.4090441
23.0076387	15.9498501
23.0909997	13.4746105
23.1743607	4.4160574
23.2577217	4.9043870
23.3410827	78.5302394
23.4244437	4.0532363
23.5078047	7.4040286
23.5911657	7.3890479
23.6745267	11.8443305
23.7578877	12.4859716
23.8412488	11.2221640
23.9246098	6.6000604
24.0079708	11.9703801
24.0913318	3.1998868
24.1746928	2.5864235
24.2580538	9.8218487
24.3414148	75.4546394
24.4247758	2.6624350
24.5081368	17.6006089
24.5914978	18.3832538
24.6748589	17.7006138
24.7582199	19.0298926
24.8415809	14.0165132
24.9249419	17.7159983
25.0083029	9.5027208
25.0916639	6.5063474
25.1750249	6.6468650
25.2583859	21.0940552
25.3417469	62.3427895
25.4251079	8.8547494
25.5084689	27.1644385
25.5918300	23.6804926
25.6751910	19.3971288
25.7585520	17.3052042
25.8419130	15.6480167
25.9252740	10.3185969
26.0086350	6.1044903
26.0919960	3.6763121
26.1753570	3.7224501
26.2587180	3.2976616
26.3420790	87.2290739
26.4254401	6.1927299
26.5088011	10.2187936
26.5921621	18.4895047
26.6755231	21.3524156
26.7588841	28.8603712
26.8422451	24.7905900
26.9256061	22.9508411
27.0089671	28.5858367
27.0923281	28.2686848
27.1756891	25.7544361
27.2590501	58.9525742
27.3424112	76.3444816
27.4257722	23.1001736
27.5091332	20.1540355
27.5924942	25.3056299
27.6758552	25.1555926
27.7592162	28.8814418
27.8425772	27.2277798
27.9259382	22.6586260
28.0092992	16.6163512
28.0926602	10.5407663
28.1760213	6.1070063
28.2593823	92.5474197
28.3427433	14.4408058
28.4261043	12.3272177
28.5094653	25.8726956
28.5928263	28.7858087
28.6761873	30.6693253
28.7595483	31.6157996
28.8429093	25.6604956
28.9262703	20.2490108
29.0096314	7.8444436
29.0929924	4.8421837
29.1763534	7.7095278
29.2597144	23.4788444
29.3430754	54.2519736
29.4264364	5.9671441
29.5097974	16.3499981
29.5931584	19.5397050
29.6765194	26.4592310
29.7598804	28.5915628
29.8432414	24.8420688
29.9266025	15.9656153
30.0099635	10.3224265
30.0933245	12.7014755
30.1766855	13.5328704
30.2600465	70.7699466
30.3434075	15.1772348
30.4267685	6.1500278
30.5101295	15.1485793
30.5934905	20.7797323
30.6768515	16.5098187
30.7602126	10.1287146
30.8435736	6.9591936
30.9269346	5.5642921
31.0102956	5.2186510
31.0936566	2.3710944
31.1770176	2.4614690
31.2603786	15.7111717
31.3437396	2.8533292
31.4271006	4.7263774
31.5104616	3.1305194
31.5938227	3.1253540
31.6771837	10.0760382
31.7605447	8.2491826
31.8439057	7.8667836
31.9272667	6.0232852
32.0106277	8.5203638
32.0939887	12.0446974
32.1773497	13.4629720
32.2607107	57.0815590
32.3440717	21.6421885
32.4274327	11.0364849
32.5107938	23.1744768
32.5941548	23.8822280
32.6775158	19.8000916
32.7608768	27.3876263
32.8442378	18.8815573
32.9275988	11.1444001
33.0109598	15.6319651
33.0943208	18.3020021
33.1776818	19.7778329
33.2610428	31.1165307
33.3444039	12.2996832
33.4277649	9.8934769
33.5111259	13.5531760
33.5944869	11.2947321
33.6778479	8.8065964
33.7612089	8.7710048
33.8445699	5.5546085
33.9279309	5.2597949
34.0112919	4.3338350
34.0946529	6.6147588
34.1780139	1.0869739
34.2613750	68.9407706
34.3447360	9.8929134
34.4280970	1.1079365
34.5114580	8.3254136
34.5948190	10.8492924
34.6781800	14.7757053
34.7615410	14.0118750
34.8449020	6.7807453
34.9282630	6.4506978
35.0116240	8.1171753
35.0949851	8.6798255
35.1783461	14.4798739
35.2617071	78.2382930
35.3450681	135.2001380
35.4284291	9.8884391
35.5117901	16.7594673
35.5951511	24.0598258
35.6785121	19.8595902
35.7618731	20.1206758
35.8452341	21.5489600
35.9285952	8.4501518
36.0119562	8.5034328
36.0953172	6.1237686
36.1786782	6.3470154
36.2620392	16.3608752
36.3454002	8.6484531
36.4287612	6.6992490
36.5121222	9.5120108
36.5954832	14.7907704
36.6788442	15.4998075
36.7622052	20.1417251
36.8455663	13.0110836
36.9289273	8.4849519
37.0122883	9.4078698
37.0956493	18.4277464
37.1790103	10.4260913
37.2623713	82.5422971
37.3457323	106.1082243
37.4290933	8.8690654
37.5124543	19.7845751
37.5958153	20.8257772
37.6791764	20.1306618
37.7625374	20.2580185
37.8458984	8.5515423
37.9292594	11.4361685
38.0126204	10.0618360
38.0959814	8.2939699
38.1793424	13.1443692
38.2627034	44.5350962
38.3460644	17.6829556
38.4294254	21.0363458
38.5127864	30.2992072
38.5961475	27.3065880
38.6795085	29.0867203
38.7628695	28.5648274
38.8462305	26.4502564
38.9295915	21.2456414
39.0129525	14.8383135
39.0963135	6.1640697
39.1796745	7.7431427
39.2630355	41.9011287
39.3463965	11.3077439
39.4297576	15.2733476
39.5131186	30.6051236
39.5964796	31.9504151
39.6798406	25.9365767
39.7632016	28.7695166
39.8465626	25.6291916
39.9299236	29.7096754
40.0132846	17.5173122
40.0966456	11.7216273
40.1800066	9.1016310
40.2633677	59.2253502
40.3467287	34.8441244
40.4300897	12.1728899
40.5134507	18.6263924
40.5968117	25.1917906
40.6801727	26.1262775
40.7635337	23.9338883
40.8468947	17.8352538
40.9302557	8.1681572
41.0136167	6.6109935
41.0969777	7.5218043
41.1803388	9.6678173
41.2636998	8.8356267
41.3470608	9.9623015
41.4304218	9.0546013
41.5137828	15.6005903
41.5971438	16.8925289
41.6805048	11.8853636
41.7638658	9.0947096
41.8472268	8.6628574
41.9305878	3.6544895
42.0139489	4.6396079
42.0973099	2.6189968
42.1806709	3.8422024
42.2640319	40.8872160
42.3473929	36.8809128
42.4307539	9.2075707
42.5141149	23.1158315
42.5974759	29.5795841
42.6808369	23.7631764
42.7641979	21.8160239
42.8475590	20.4855793
42.9309200	9.4005836
43.0142810	12.8730548
43.0976420	13.4837514
43.1810030	18.5365385
43.2643640	20.3679988
43.3477250	179.7758806
43.4310860	20.6874161
43.5144470	23.2739478
43.5978080	25.7567204
43.6811690	29.9701598
43.7645301	28.5359939
43.8478911	23.5540128
43.9312521	12.8139027
44.0146131	5.6790891
44.0979741	6.7317477
44.1813351	6.2168981
44.2646961	46.0218347
44.3480571	6.4644704
44.4314181	3.9921788
44.5147791	9.5902738
44.5981402	9.2395371
44.6815012	8.9943211
44.7648622	15.3570793
44.8482232	10.8221963
44.9315842	6.6869793
45.0149452	5.5041829
45.0983062	10.8246079
45.1816672	49.3120817
45.2650282	93.6084901
45.3483892	14.2554697
45.4317502	17.0749265
45.5151113	25.0751129
45.5984723	28.2568318
45.6818333	33.0812412
45.7651943	28.5882554
45.8485553	29.3526480
45.9319163	20.0524547
46.0152773	9.5439260
46.0986383	4.7691388
46.1819993	6.7533710
46.2653603	32.4042307
46.3487214	22.5567246
46.4320824	8.5695299
46.5154434	8.6128721
46.5988044	17.1618654
46.6821654	20.5264757
46.7655264	17.5926091
46.8488874	10.8665086
46.9322484	6.4665561
47.0156094	4.7694741
47.0989704	4.8005080
47.1823315	2.7414015
47.2656925	33.4007552
47.3490535	9.6389502
47.4324145	3.0393209
47.5157755	1.1718177
47.5991365	7.1161535
47.6824975	4.0506688
47.7658585	4.7036756
47.8492195	3.4846690
47.9325805	3.6145078
48.0159415	3.9323952
48.0993026	4.6730729
48.1826636	6.1852858
48.2660246	9.3511853
48.3493856	8.5567610
48.4327466	9.5751787
48.5161076	10.9626544
48.5994686	17.9787682
48.6828296	20.3959058
48.7661906	11.3358194
48.8495516	10.7337463
48.9329127	17.2023363
49.0162737	6.8579328
49.0996347	10.3851843
49.1829957	12.6035569
49.2663567	19.6704093
49.3497177	102.9395348
49.4330787	15.7064475
49.5164397	21.8241192
49.5998007	27.7095684
49.6831617	29.3295430
49.7665227	25.7747899
49.8498838	22.9969356
49.9332448	8.8238338
50.0166058	5.8014776
50.0999668	6.3673286
50.1833278	6.1281581
50.2666888	60.7316127
50.3500498	4.0351090
50.4334108	5.1865212
50.5167718	3.5944398
50.6001328	5.1368082
50.6834939	11.1116780
50.7668549	8.6065684
50.8502159	9.4056750
50.9335769	9.7066079
