# time(yr)	T(C)
0.0000000	-2.3132019
0.0833610	-9.6210938
0.1667220	-13.3802490
0.2500830	-4.5832825
0.3334440	11.8975525
0.4168050	18.3068848
0.5001661	22.9113159
0.5835271	28.5305481
0.6668881	28.5825195
0.7502491	21.8877563
0.8336101	13.2915039
0.9169711	-0.0223694
1.0003321	-7.9821777
1.0836931	-9.1863098
1.1670541	-8.3673096
1.2504151	-7.8288269
1.3337762	10.2183838
1.4171372	14.6765442
1.5004982	23.8304749
1.5838592	26.2723083
1.6672202	27.2151184
1.7505812	20.7292175
1.8339422	13.1557922
1.9173032	5.9435120
2.0006642	-1.4684753
2.0840252	-5.1325989
2.1673863	-7.5813904
2.2507473	0.9522400
2.3341083	11.4522705
2.4174693	17.7427979
2.5008303	21.4588013
2.5841913	27.4202271
2.6675523	26.6967468
2.7509133	21.7472839
2.8342743	14.2746887
2.9176353	2.0535278
3.0009963	-6.7385559
3.0843574	-12.2315979
3.1677184	-15.0569763
3.2510794	-6.2676086
3.3344404	4.7356873
3.4178014	18.4472046
3.5011624	25.4357300
3.5845234	25.7130737
3.6678844	24.2117615
3.7512454	21.4837036
3.8346064	13.8088074
3.9179675	5.3566284
4.0013285	-6.2744446
4.0846895	-7.8719788
4.1680505	-5.1701355
4.2514115	-3.8972168
4.3347725	4.8906555
4.4181335	19.1765137
4.5014945	21.5554504
4.5848555	24.7734375
4.6682165	24.8589478
4.7515775	20.5476685
4.8349386	11.0618286
4.9182996	4.1599731
5.0016606	-1.2073975
5.0850216	-10.0860596
5.1683826	-9.0381775
5.2517436	-1.1907043
5.3351046	12.2689514
5.4184656	19.8591614
5.5018266	23.3481750
5.5851876	27.3346863
5.6685487	31.2645874
5.7519097	21.8453674
5.8352707	12.6600647
5.9186317	3.1515503
6.0019927	-3.8567810
6.0853537	-5.9466248
6.1687147	-10.8466797
6.2520757	-0.4235840
6.3354367	7.1793823
6.4187977	21.5706482
6.5021588	20.9498901
6.5855198	26.9543457
6.6688808	25.4536438
6.7522418	19.9336548
6.8356028	13.4946899
6.9189638	6.0949707
7.0023248	-2.2456360
7.0856858	-13.7981567
7.1690468	-8.8387146
7.2524078	-6.8650513
7.3357688	6.9378967
7.4191299	20.7276306
7.5024909	24.5936890
7.5858519	26.5833130
7.6692129	27.9880676
7.7525739	21.3886108
7.8359349	16.0422668
7.9192959	6.4897461
8.0026569	-4.0644836
8.0860179	-7.4322815
8.1693789	-7.2535400
8.2527400	-3.2434082
8.3361010	8.3793335
8.4194620	17.9018860
8.5028230	22.9749756
8.5861840	27.2693787
8.6695450	25.4023132
8.7529060	21.9066772
8.8362670	10.6515198
8.9196280	7.7653809
9.0029890	0.3273315
9.0863500	-11.3805542
9.1697111	-6.9705811
9.2530721	-1.2590942
9.3364331	12.4060974
9.4197941	19.0621033
9.5031551	24.2204590
9.5865161	27.5374146
9.6698771	31.4702759
9.7532381	23.3611755
9.8365991	15.8154602
9.9199601	4.3021545
10.0033212	-3.0006714
10.0866822	-8.1500854
10.1700432	-9.6734009
10.2534042	2.1708069
10.3367652	12.8726196
10.4201262	19.8359070
10.5034872	22.4816284
10.5868482	27.1976624
10.6702092	25.2279358
10.7535702	23.6799622
10.8369313	13.2460632
10.9202923	1.7546082
11.0036533	-6.7298584
11.0870143	-7.8521423
11.1703753	-7.9455261
11.2537363	4.3626404
11.3370973	12.9763184
11.4204583	18.6768494
11.5038193	25.3430481
11.5871803	28.1739807
11.6705413	31.7755127
11.7539024	20.6801453
11.8372634	14.0457153
11.9206244	4.2626343
12.0039854	-2.1031189
12.0873464	-7.3962097
12.1707074	-9.3355713
12.2540684	-0.5153503
12.3374294	8.1359558
12.4207904	19.1871033
12.5041514	24.8876953
12.5875125	26.4533081
12.6708735	27.3688965
12.7542345	19.0165405
12.8375955	11.4349060
12.9209565	3.4232178
13.0043175	-3.1228638
13.0876785	-9.0556030
13.1710395	-12.8080139
13.2544005	-5.8581238
13.3377615	7.4671936
13.4211226	20.7736816
13.5044836	22.7187500
13.5878446	23.0759888
13.6712056	25.6641541
13.7545666	21.5433350
13.8379276	12.9822693
13.9212886	5.8624878
14.0046496	-3.0959473
14.0880106	-7.6962585
14.1713716	-4.4506226
14.2547326	-1.1428528
14.3380937	10.1273499
14.4214547	19.5101013
14.5048157	22.9191589
14.5881767	30.1584778
14.6715377	28.2977905
14.7548987	24.2496338
14.8382597	16.0395203
14.9216207	7.4761658
15.0049817	-2.3031311
15.0883427	-6.4887390
15.1717038	-9.0071716
15.2550648	-1.4502258
15.3384258	13.7953796
15.4217868	18.4310913
15.5051478	21.8019104
15.5885088	26.7118835
15.6718698	28.7378540
15.7552308	21.5442810
15.8385918	13.3988342
15.9219528	5.9606628
16.0053138	-5.2258301
16.0886749	-11.9293213
16.1720359	-12.6929321
16.2553969	-7.9792786
16.3387579	6.4638367
16.4221189	19.7728577
16.5054799	22.7785339
16.5888409	28.8898926
16.6722019	27.9749756
16.7555629	25.5640869
16.8389239	12.8104248
16.9222850	2.3160095
17.0056460	-2.6556396
17.0890070	-7.3887634
17.1723680	-13.8153076
17.2557290	-4.3437805
17.3390900	8.9112549
17.4224510	18.9089661
17.5058120	24.1390991
17.5891730	27.5199585
17.6725340	29.1405029
17.7558951	19.7171021
17.8392561	15.6141968
17.9226171	2.2098083
18.0059781	-7.4966431
18.0893391	-9.0211487
18.1727001	-13.1679382
18.2560611	-4.3928528
18.3394221	11.5606079
18.4227831	19.3276672
18.5061441	22.2966003
18.5895051	27.6088562
18.6728662	29.1268616
18.7562272	22.3956604
18.8395882	12.2909546
18.9229492	2.6649780
19.0063102	-5.7380676
19.0896712	-9.2091064
19.1730322	-7.0930481
19.2563932	1.6403503
19.3397542	9.8690796
19.4231152	16.1946411
19.5064763	24.4606323
19.5898373	27.8253174
19.6731983	30.0259399
19.7565593	22.1295776
19.8399203	12.0875244
19.9232813	4.5917969
20.0066423	-3.1668091
20.0900033	-11.4907532
20.1733643	-8.0953979
20.2567253	-2.0712585
20.3400864	11.2851562
20.4234474	19.1278992
20.5068084	23.1488342
20.5901694	25.7575378
20.6735304	24.2356262
20.7568914	21.8351135
20.8402524	13.5155334
20.9236134	2.1695251
21.0069744	-3.9254456
21.0903354	-6.6153870
21.1736964	-9.5194092
21.2570575	-12.8518372
21.3404185	2.9064636
21.4237795	17.7979736
21.5071405	21.4578247
21.5905015	25.4685974
21.6738625	26.1368103
21.7572235	21.7749023
21.8405845	14.7122192
21.9239455	4.2280579
22.0073065	-1.8761292
22.0906676	-2.5751038
22.1740286	-6.5046692
22.2573896	-1.4696655
22.3407506	7.4721680
22.4241116	16.7772522
22.5074726	24.8808899
22.5908336	27.6711121
22.6741946	26.7151794
22.7575556	23.0784607
22.8409166	12.9043884
22.9242776	3.1098022
23.0076387	-4.4428101
23.0909997	-1.9234009
23.1743607	-7.2079468
23.2577217	-8.1801147
23.3410827	4.6287231
23.4244437	19.4394836
23.5078047	21.9417114
23.5911657	26.5490723
23.6745267	24.5714722
23.7578877	22.8168945
23.8412488	17.3865051
23.9246098	5.7562561
24.0079708	0.3982849
24.0913318	-6.2780762
24.1746928	-12.2096252
24.2580538	-8.4568176
24.3414148	10.0407410
24.4247758	20.5135498
24.5081368	20.8251648
24.5914978	25.1097107
24.6748589	28.5090942
24.7582199	21.1701050
24.8415809	9.9366455
24.9249419	3.0945740
25.0083029	-5.7361755
25.0916639	-13.8225708
25.1750249	-8.7490540
25.2583859	-5.7380676
25.3417469	10.6657104
25.4251079	18.8190002
25.5084689	20.0074158
25.5918300	26.1775208
25.6751910	30.3092041
25.7585520	21.4848633
25.8419130	14.8229675
25.9252740	7.1037903
26.0086350	-5.1277466
26.0919960	-13.4916687
26.1753570	-13.2056885
26.2587180	-9.0928955
26.3420790	2.9980164
26.4254401	18.1258545
26.5088011	21.4995422
26.5921621	24.1857605
26.6755231	24.7189026
26.7588841	19.8786621
26.8422451	12.6900940
26.9256061	0.9941101
27.0089671	-4.9039917
27.0923281	-9.2839050
27.1756891	-15.3588257
27.2590501	-5.1347961
27.3424112	2.6103516
27.4257722	16.0875549
27.5091332	20.5435791
27.5924942	24.1416321
27.6758552	25.1350403
27.7592162	21.1801453
27.8425772	12.7665100
27.9259382	0.9460449
28.0092992	-4.0356750
28.0926602	-2.5071106
28.1760213	-5.9682312
28.2593823	-1.5222778
28.3427433	9.5884705
28.4261043	17.4812927
28.5094653	21.4478149
28.5928263	24.6384277
28.6761873	24.2740479
28.7595483	19.3194885
28.8429093	10.8867493
28.9262703	4.3951721
29.0096314	-3.3271790
29.0929924	-10.4919434
29.1763534	-7.9726257
29.2597144	-1.4125061
29.3430754	5.1845398
29.4264364	18.3228149
29.5097974	20.7062073
29.5931584	23.0475159
29.6765194	23.9193420
29.7598804	23.9247742
29.8432414	11.6644287
29.9266025	2.6390381
30.0099635	-7.7726746
30.0933245	-13.6524658
30.1766855	-11.9983215
30.2600465	-1.7040405
30.3434075	10.0343933
30.4267685	13.8077393
30.5101295	20.5888062
30.5934905	26.7336426
30.6768515	24.2019958
30.7602126	21.3164673
30.8435736	14.8795166
30.9269346	2.5120239
31.0102956	-3.5451965
31.0936566	-12.2884827
31.1770176	-9.1672058
31.2603786	-1.3158264
31.3437396	16.1321106
31.4271006	17.4745483
31.5104616	25.2478638
31.5938227	25.8653259
31.6771837	26.5848694
31.7605447	23.0083618
31.8439057	13.7674255
31.9272667	4.4870911
32.0106277	-1.3948059
32.0939887	-6.5677490
32.1773497	-8.6401062
32.2607107	-1.6563110
32.3440717	12.1226501
32.4274327	19.5050354
32.5107938	21.8265686
32.5941548	25.5330505
32.6775158	26.8203125
32.7608768	20.9899597
32.8442378	12.0019836
32.9275988	4.2068481
33.0109598	-5.1983948
33.0943208	-10.1250610
33.1776818	-5.4712524
33.2610428	2.3962708
33.3444039	16.4527283
33.4277649	16.5649414
33.5111259	21.6056824
33.5944869	25.9483337
33.6778479	27.9996338
33.7612089	24.0302124
33.8445699	13.0594482
33.9279309	7.2416687
34.0112919	-4.1926575
34.0946529	-10.4389648
34.1780139	-15.7268066
34.2613750	-1.5378113
34.3447360	13.0530701
34.4280970	20.5981445
34.5114580	22.5619812
34.5948190	29.3898315
34.6781800	25.6209717
34.7615410	21.0738220
34.8449020	15.9648743
34.9282630	4.2183228
35.0116240	-0.6024780
35.0949851	-5.9684448
35.1783461	-9.6175842
35.2617071	-6.7955933
35.3450681	4.1248779
35.4284291	14.8179016
35.5117901	22.1195068
35.5951511	25.7898560
35.6785121	27.6343689
35.7618731	25.0222473
35.8452341	10.9570312
35.9285952	1.1530457
36.0119562	-2.1404114
36.0953172	-3.4009705
36.1786782	-3.7849731
36.2620392	-1.7985535
36.3454002	14.6867981
36.4287612	19.1282654
36.5121222	17.6705017
36.5954832	27.7869568
36.6788442	28.6820679
36.7622052	25.2593079
36.8455663	13.0911255
36.9289273	4.6159973
37.0122883	-1.4146423
37.0956493	-4.7901611
37.1790103	-14.0932312
37.2623713	-2.2021484
37.3457323	8.3388672
37.4290933	18.3798218
37.5124543	25.7649841
37.5958153	28.5294495
37.6791764	27.7791138
37.7625374	26.0487061
37.8458984	12.8936462
37.9292594	4.2231445
38.0126204	-0.5040283
38.0959814	-6.3677673
38.1793424	-10.7322998
38.2627034	-0.2258606
38.3460644	13.9880066
38.4294254	17.7670898
38.5127864	21.9919434
38.5961475	28.3991394
38.6795085	27.2499084
38.7628695	20.9973755
38.8462305	11.5445251
38.9295915	4.9049988
39.0129525	-0.7987061
39.0963135	-12.1428223
39.1796745	-10.4053040
39.2630355	4.0343323
39.3463965	12.1694946
39.4297576	17.6446838
39.5131186	22.6551819
39.5964796	24.5280457
39.6798406	27.1132507
39.7632016	22.0628052
39.8465626	10.3833923
39.9299236	2.1363831
40.0132846	-4.3532715
40.0966456	-9.6187439
40.1800066	-11.8424988
40.2633677	-4.7763367
40.3467287	13.6940308
40.4300897	16.2756958
40.5134507	22.2687378
40.5968117	26.5702515
40.6801727	29.4060669
40.7635337	22.0655518
40.8468947	14.1402893
40.9302557	6.3919373
41.0136167	-1.5394287
41.0969777	-4.6456299
41.1803388	-5.4954224
41.2636998	5.8749084
41.3470608	15.5294495
41.4304218	19.0266724
41.5137828	24.0211182
41.5971438	26.5451660
41.6805048	29.7097778
41.7638658	26.3597717
41.8472268	16.1961975
41.9305878	0.2789307
42.0139489	-3.9560852
42.0973099	-8.4056091
42.1806709	-8.0700378
42.2640319	-0.6924744
42.3473929	10.8644104
42.4307539	18.2803345
42.5141149	23.1049194
42.5974759	25.4738159
42.6808369	27.3151245
42.7641979	22.9728088
42.8475590	14.3524475
42.9309200	2.3526001
43.0142810	-3.2209167
43.0976420	-11.4688416
43.1810030	-11.6679382
43.2643640	-8.1304626
43.3477250	0.2350769
43.4310860	19.0535889
43.5144470	21.5191345
43.5978080	24.7575989
43.6811690	27.6575623
43.7645301	22.3913879
43.8478911	13.0310669
43.9312521	4.7103577
44.0146131	-2.7190552
44.0979741	-4.0485229
44.1813351	-9.8078003
44.2646961	-0.6501770
44.3480571	11.5787048
44.4314181	18.3411560
44.5147791	19.6856689
44.5981402	24.3654785
44.6815012	24.1694336
44.7648622	24.8857117
44.8482232	16.3513489
44.9315842	5.8487854
45.0149452	-4.1098938
45.0983062	-6.9300537
45.1816672	-5.6789551
45.2650282	-0.1523438
45.3483892	10.4819031
45.4317502	18.6659851
45.5151113	19.3897705
45.5984723	27.4026794
45.6818333	26.4252014
45.7651943	21.4364929
45.8485553	13.5155640
45.9319163	4.0068054
46.0152773	-2.8409119
46.0986383	-8.3465576
46.1819993	-8.2769470
46.2653603	-4.3741150
46.3487214	9.1166077
46.4320824	18.0007324
46.5154434	23.1344604
46.5988044	25.7239990
46.6821654	25.9421387
46.7655264	22.5691528
46.8488874	15.4867554
46.9322484	4.0998230
47.0156094	-3.6617126
47.0989704	-6.1614990
47.1823315	-9.8057556
47.2656925	-4.1896362
47.3490535	3.8599548
47.4324145	20.9437866
47.5157755	22.9609985
47.5991365	25.9055481
47.6824975	25.7328796
47.7658585	17.4396057
47.8492195	11.5227051
47.9325805	4.1500549
48.0159415	-1.8904724
48.0993026	-6.6611023
48.1826636	-6.1067200
48.2660246	2.1913147
48.3493856	15.5882874
48.4327466	21.4062805
48.5161076	23.9649048
48.5994686	26.6470642
48.6828296	26.5661926
48.7661906	23.9244690
48.8495516	13.3605957
48.9329127	7.8608398
49.0162737	-3.0993347
49.0996347	-8.6985779
49.1829957	-11.2549438
49.2663567	-9.3144226
49.3497177	8.4518127
49.4330787	18.3121338
49.5164397	22.5138245
49.5998007	27.4525146
49.6831617	28.5552979
49.7665227	24.0082703
49.8498838	20.9099121
49.9332448	4.8855591
50.0166058	-4.1813354
50.0999668	-5.9446106
50.1833278	-7.5008545
50.2666888	0.4266052
50.3500498	11.1959229
50.4334108	20.2822266
50.5167718	23.3970032
50.6001328	29.1271667
50.6834939	29.8879700
50.7668549	25.2271423
50.8502159	13.6317139
50.9335769	5.3423157
