# time(yr)	moisture(mm/m)
0.0000000	330.5691528
0.0833610	346.4285278
0.1667220	346.4297180
0.2500830	346.4302368
0.3334440	382.6784363
0.4168050	317.6569824
0.5001661	262.3680420
0.5835271	244.9032135
0.6668881	184.5469360
0.7502491	185.3511047
0.8336101	235.6734314
0.9169711	285.3851929
1.0003321	300.4548035
1.0836931	319.2641296
1.1670541	319.3377686
1.2504151	319.4444580
1.3337762	376.4853821
1.4171372	341.1447144
1.5004982	305.7145386
1.5838592	269.8943481
1.6672202	240.0534973
1.7505812	229.2617950
1.8339422	307.6393127
1.9173032	332.3985596
2.0006642	314.4532166
2.0840252	374.4508362
2.1673863	374.5625610
2.2507473	433.6117859
2.3341083	347.9418335
2.4174693	321.1850891
2.5008303	308.1757507
2.5841913	243.9057159
2.6675523	225.0445557
2.7509133	241.0896912
2.8342743	267.6636963
2.9176353	272.6811218
3.0009963	347.5119629
3.0843574	359.6296997
3.1677184	359.9313354
3.2510794	360.0130920
3.3344404	425.2561340
3.4178014	325.8997192
3.5011624	293.4840088
3.5845234	232.9120941
3.6678844	238.7216492
3.7512454	218.8935699
3.8346064	224.9180298
3.9179675	277.9361877
4.0013285	341.5214844
4.0846895	341.7084045
4.1680505	342.3475037
4.2514115	342.4742432
4.3347725	375.6897278
4.4181335	321.8437805
4.5014945	296.4616699
4.5848555	232.0419922
4.6682165	187.9150391
4.7515775	174.2982483
4.8349386	244.0924377
4.9182996	308.7598267
5.0016606	317.2785950
5.0850216	370.0728149
5.1683826	370.2310791
5.2517436	397.2294617
5.3351046	345.5962524
5.4184656	310.9264526
5.5018266	261.7394409
5.5851876	236.1466980
5.6685487	192.2559204
5.7519097	240.7536316
5.8352707	300.4571838
5.9186317	330.3555908
6.0019927	431.3076782
6.0853537	437.7277832
6.1687147	438.0168152
6.2520757	442.1078491
6.3354367	392.7542419
6.4187977	330.3204041
6.5021588	302.7423401
6.5855198	213.5353699
6.6688808	190.0581665
6.7522418	222.4918976
6.8356028	259.7275696
6.9189638	300.4194336
7.0023248	340.9542236
7.0856858	365.0465088
7.1690468	365.0485535
7.2524078	365.0504761
7.3357688	388.5612183
7.4191299	328.3909607
7.5024909	285.0843506
7.5858519	223.8414307
7.6692129	180.7296143
7.7525739	173.0956573
7.8359349	211.9689941
7.9192959	278.6222229
8.0026569	320.1585388
8.0860179	348.9308167
8.1693789	349.3369446
8.2527400	349.3327026
8.3361010	399.8295593
8.4194620	322.5119019
8.5028230	300.4604492
8.5861840	244.0868988
8.6695450	204.6238556
8.7529060	260.2783813
8.8362670	275.1825256
8.9196280	293.4437561
9.0029890	300.6198425
9.0863500	354.5780029
9.1697111	355.1459656
9.2530721	376.2855225
9.3364331	327.7522583
9.4197941	308.6426086
9.5031551	241.5658875
9.5865161	209.2517700
9.6698771	173.1599274
9.7532381	183.9539490
9.8365991	231.0665894
9.9199601	265.8224792
10.0033212	308.4149170
10.0866822	328.4134521
10.1700432	328.4848328
10.2534042	360.2829590
10.3367652	333.8363037
10.4201262	300.4984741
10.5034872	276.0162354
10.5868482	261.3867188
10.6702092	259.2277222
10.7535702	254.2057037
10.8369313	274.6427002
10.9202923	269.9427185
11.0036533	290.7734985
11.0870143	292.1061096
11.1703753	292.3045044
11.2537363	360.1647339
11.3370973	325.3801880
11.4204583	304.1485901
11.5038193	275.0053711
11.5871803	205.1773224
11.6705413	184.6196747
11.7539024	209.0880127
11.8372634	309.8258057
11.9206244	310.1036377
12.0039854	349.7747192
12.0873464	375.7866211
12.1707074	376.4126892
12.2540684	399.6776733
12.3374294	371.6320801
12.4207904	329.8428345
12.5041514	276.9253235
12.5875125	227.5813293
12.6708735	213.0722809
12.7542345	234.3377075
12.8375955	306.2693481
12.9209565	306.8596191
13.0043175	320.2986450
13.0876785	331.6863403
13.1710395	331.9236450
13.2544005	332.1194763
13.3377615	395.8778992
13.4211226	315.9544067
13.5044836	303.8085022
13.5878446	312.2055969
13.6712056	259.2155457
13.7545666	210.4468689
13.8379276	217.0442810
13.9212886	265.2462463
14.0046496	293.1480103
14.0880106	306.3912659
14.1713716	306.3899841
14.2547326	330.2971191
14.3380937	355.9615784
14.4214547	312.2528687
14.5048157	247.2905731
14.5881767	170.9751434
14.6715377	167.8234863
14.7548987	172.3824615
14.8382597	188.5052948
14.9216207	250.1823273
15.0049817	315.1256714
15.0883427	346.0257263
15.1717038	346.8303833
15.2550648	380.3378296
15.3384258	338.9734802
15.4217868	300.3498535
15.5051478	230.1345215
15.5885088	194.2071228
15.6718698	184.9005585
15.7552308	234.5108490
15.8385918	281.4210205
15.9219528	327.6433411
16.0053138	353.3660889
16.0886749	373.2980042
16.1720359	373.3160400
16.2553969	373.3165588
16.3387579	416.8927612
16.4221189	319.9208984
16.5054799	271.8397827
16.5888409	223.3348999
16.6722019	187.0906830
16.7555629	176.3336029
16.8389239	194.6459961
16.9222850	323.2887878
17.0056460	300.1678467
17.0890070	309.8712158
17.1723680	310.0079041
17.2557290	310.0130615
17.3390900	362.7222595
17.4224510	333.5862427
17.5058120	299.1585388
17.5891730	246.3919830
17.6725340	191.0767365
17.7558951	223.2795715
17.8392561	276.5841370
17.9226171	275.6631165
18.0059781	325.0530090
18.0893391	340.4348145
18.1727001	340.4367065
18.2560611	340.4386292
18.3394221	367.6473389
18.4227831	298.6583862
18.5061441	235.4622345
18.5895051	205.1683655
18.6728662	165.2295227
18.7562272	217.1043701
18.8395882	221.3923187
18.9229492	268.8797913
19.0063102	303.4479675
19.0896712	317.1134949
19.1730322	317.3538513
19.2563932	358.5006104
19.3397542	346.1357117
19.4231152	315.5533447
19.5064763	232.7522430
19.5898373	182.0611572
19.6731983	186.6772766
19.7565593	211.0511932
19.8399203	220.2204590
19.9232813	287.6520081
20.0066423	337.7705688
20.0900033	367.0151367
20.1733643	367.1294861
20.2567253	382.1306763
20.3400864	345.8912048
20.4234474	298.6297607
20.5068084	312.1013489
20.5901694	228.3900146
20.6735304	179.3633423
20.7568914	259.2231750
20.8402524	261.5135498
20.9236134	304.9302673
21.0069744	433.9320984
21.0903354	437.6363831
21.1736964	438.3927612
21.2570575	438.3927917
21.3404185	450.6349487
21.4237795	347.8080139
21.5071405	303.4054565
21.5905015	281.9914246
21.6738625	229.0235291
21.7572235	239.1101990
21.8405845	298.7059937
21.9239455	332.6160583
22.0073065	314.3621216
22.0906676	370.2537231
22.1740286	400.1624756
22.2573896	420.2109985
22.3407506	400.8835754
22.4241116	331.3407898
22.5074726	326.5525818
22.5908336	221.0740814
22.6741946	194.8067627
22.7575556	189.5094147
22.8409166	201.3157654
22.9242776	247.4080353
23.0076387	271.1454773
23.0909997	335.1375427
23.1743607	420.5361328
23.2577217	420.9462585
23.3410827	424.6015320
23.4244437	321.4966125
23.5078047	304.5012207
23.5911657	226.1252136
23.6745267	168.1079712
23.7578877	202.3585052
23.8412488	242.7113037
23.9246098	277.4713440
24.0079708	341.3786316
24.0913318	385.0967712
24.1746928	387.0051270
24.2580538	387.0059509
24.3414148	408.1408386
24.4247758	299.3405457
24.5081368	279.5099182
24.5914978	259.8293152
24.6748589	221.8052521
24.7582199	260.9667053
24.8415809	268.6273499
24.9249419	293.2895203
25.0083029	345.8441467
25.0916639	354.2455750
25.1750249	354.5997314
25.2583859	354.5961304
25.3417469	366.6614990
25.4251079	295.3474426
25.5084689	296.9112549
25.5918300	250.6492462
25.6751910	189.0871277
25.7585520	170.1196747
25.8419130	190.0613556
25.9252740	280.0372620
26.0086350	313.6448669
26.0919960	347.4751282
26.1753570	348.3746338
26.2587180	348.3816528
26.3420790	380.5228271
26.4254401	329.4026794
26.5088011	315.5131531
26.5921621	295.5464783
26.6755231	261.5187378
26.7588841	287.4804993
26.8422451	318.5680237
26.9256061	321.4422607
27.0089671	370.4513855
27.0923281	415.2665710
27.1756891	415.7450256
27.2590501	415.8166809
27.3424112	436.7034912
27.4257722	344.0233459
27.5091332	320.6406250
27.5924942	303.3742981
27.6758552	216.8377991
27.7592162	213.0709534
27.8425772	234.1020813
27.9259382	281.2307129
28.0092992	301.4447937
28.0926602	326.8360901
28.1760213	344.1957397
28.2593823	369.9353943
28.3427433	356.2388611
28.4261043	335.4275818
28.5094653	289.8391113
28.5928263	253.2460632
28.6761873	186.3815155
28.7595483	208.3477173
28.8429093	264.3329773
28.9262703	296.1762390
29.0096314	317.0065002
29.0929924	360.7115173
29.1763534	360.7500000
29.2597144	382.7138367
29.3430754	411.0697327
29.4264364	326.5821533
29.5097974	320.5229492
29.5931584	222.3081665
29.6765194	199.2400360
29.7598804	250.7671051
29.8432414	301.1605225
29.9266025	317.6916199
30.0099635	335.1600952
30.0933245	347.6430359
30.1766855	347.9759827
30.2600465	374.8056641
30.3434075	368.8888855
30.4267685	306.2400208
30.5101295	250.0555573
30.5934905	193.6582031
30.6768515	182.0861359
30.7602126	186.5029907
30.8435736	200.6752930
30.9269346	235.1547852
31.0102956	240.7743073
31.0936566	246.3575592
31.1770176	246.8221893
31.2603786	285.7778320
31.3437396	313.3959351
31.4271006	315.1947632
31.5104616	292.0463257
31.5938227	235.2267914
31.6771837	232.7137146
31.7605447	298.8459473
31.8439057	304.4913635
31.9272667	317.1265259
32.0106277	317.0801086
32.0939887	377.3794250
32.1773497	381.1417847
32.2607107	396.3196716
32.3440717	362.8374329
32.4274327	315.9031372
32.5107938	302.3657837
32.5941548	264.9707336
32.6775158	218.5546570
32.7608768	234.4622040
32.8442378	328.7991638
32.9275988	315.6262817
33.0109598	310.8821411
33.0943208	323.8268738
33.1776818	323.8285828
33.2610428	357.4776917
33.3444039	323.6272888
33.4277649	289.9051819
33.5111259	242.1707458
33.5944869	204.1652985
33.6778479	166.6325226
33.7612089	228.0274506
33.8445699	221.0250702
33.9279309	280.3565063
34.0112919	317.1778564
34.0946529	335.0317383
34.1780139	335.2653198
34.2613750	346.5643616
34.3447360	360.8396606
34.4280970	300.1130371
34.5114580	253.4672852
34.5948190	198.5915527
34.6781800	227.2100525
34.7615410	265.5783997
34.8449020	299.8815002
34.9282630	308.3101807
35.0116240	344.9138184
35.0949851	458.4588623
35.1783461	458.5591431
35.2617071	458.5594788
35.3450681	455.0317383
35.4284291	331.3510132
35.5117901	302.9057007
35.5951511	272.9347534
35.6785121	197.1788025
35.7618731	174.0399323
35.8452341	265.7838745
35.9285952	290.6974792
36.0119562	330.9323120
36.0953172	363.4465332
36.1786782	364.2477722
36.2620392	377.4781494
36.3454002	338.1710510
36.4287612	323.8131714
36.5121222	295.8552856
36.5954832	218.8084106
36.6788442	172.6653442
36.7622052	230.7283630
36.8455663	269.5417786
36.9289273	322.6823425
37.0122883	369.9890747
37.0956493	398.9434204
37.1790103	400.4813843
37.2623713	401.6872864
37.3457323	428.7729797
37.4290933	307.0143738
37.5124543	252.6210785
37.5958153	201.1016846
37.6791764	180.1463776
37.7625374	213.1267395
37.8458984	288.5225830
37.9292594	322.2315979
38.0126204	353.1657715
38.0959814	383.1782837
38.1793424	384.6952820
38.2627034	412.2459717
38.3460644	350.2731934
38.4294254	315.5101624
38.5127864	309.5183716
38.5961475	243.6740570
38.6795085	199.3701935
38.7628695	225.6898804
38.8462305	271.6972046
38.9295915	309.5893250
39.0129525	329.4894714
39.0963135	374.8818054
39.1796745	375.2261353
39.2630355	405.9068909
39.3463965	338.3404541
39.4297576	315.6950989
39.5131186	315.7850952
39.5964796	298.7229309
39.6798406	212.1449890
39.7632016	201.8055420
39.8465626	248.6533203
39.9299236	314.9942932
40.0132846	373.1177979
40.0966456	385.4950256
40.1800066	386.2659302
40.2633677	396.3174133
40.3467287	387.5323792
40.4300897	329.8909607
40.5134507	264.7904053
40.5968117	237.3783569
40.6801727	210.3804169
40.7635337	260.0072937
40.8468947	301.2232666
40.9302557	303.2612915
41.0136167	331.5705872
41.0969777	392.0131226
41.1803388	396.0267029
41.2636998	356.3165283
41.3470608	329.4562073
41.4304218	283.4055481
41.5137828	234.6308441
41.5971438	187.3395538
41.6805048	167.9533997
41.7638658	205.7714996
41.8472268	242.2042999
41.9305878	292.7414246
42.0139489	338.2737122
42.0973099	342.3806152
42.1806709	342.8374634
42.2640319	357.6889038
42.3473929	375.4081421
42.4307539	312.6144409
42.5141149	252.7368622
42.5974759	246.4564819
42.6808369	214.0276489
42.7641979	220.1849823
42.8475590	320.1794128
42.9309200	320.9571838
43.0142810	367.0863953
43.0976420	407.3676453
43.1810030	407.3733826
43.2643640	407.3734131
43.3477250	424.0070496
43.4310860	354.8944397
43.5144470	288.6539612
43.5978080	210.9459381
43.6811690	187.8058472
43.7645301	216.5999298
43.8478911	263.5996094
43.9312521	306.0469360
44.0146131	295.1748657
44.0979741	306.8608704
44.1813351	307.0470886
44.2646961	347.2164307
44.3480571	348.4494934
44.4314181	300.5862427
44.5147791	287.3265686
44.5981402	231.6942444
44.6815012	189.0958099
44.7648622	262.1426392
44.8482232	308.0981140
44.9315842	325.4567261
45.0149452	363.6366882
45.0983062	386.3448792
45.1816672	386.8237000
45.2650282	416.3432007
45.3483892	350.2530518
45.4317502	341.4387817
45.5151113	298.4954834
45.5984723	203.1136627
45.6818333	185.1925812
45.7651943	194.9308929
45.8485553	237.2721100
45.9319163	311.6381836
46.0152773	336.6673889
46.0986383	372.6083069
46.1819993	372.9156189
46.2653603	389.8814697
46.3487214	381.2142944
46.4320824	318.7117004
46.5154434	289.8329163
46.5988044	206.3949280
46.6821654	218.3142853
46.7655264	224.0240021
46.8488874	251.9525299
46.9322484	247.4213715
47.0156094	275.3421021
47.0989704	290.2829895
47.1823315	290.8843689
47.2656925	290.9048462
47.3490535	322.5408325
47.4324145	307.1187439
47.5157755	234.6603699
47.5991365	271.0278015
47.6824975	259.6015930
47.7658585	273.6004944
47.8492195	273.6186523
47.9325805	271.3329468
48.0159415	307.3535767
48.0993026	337.1792297
48.1826636	337.5381775
48.2660246	345.7962341
48.3493856	332.1449280
48.4327466	328.0339050
48.5161076	274.3620911
48.5994686	210.5825348
48.6828296	228.8537140
48.7661906	192.9023438
48.8495516	222.2038116
48.9329127	334.8838501
49.0162737	335.8009338
49.0996347	370.8126526
49.1829957	370.9774170
49.2663567	370.9835205
49.3497177	385.0529785
49.4330787	329.2411804
49.5164397	278.2556763
49.5998007	200.7481537
49.6831617	184.1284790
49.7665227	188.8546448
49.8498838	237.3332672
49.9332448	256.7870483
50.0166058	281.7870178
50.0999668	296.6948853
50.1833278	296.9991455
50.2666888	349.8727417
50.3500498	337.2630615
50.4334108	318.1958618
50.5167718	278.3723145
50.6001328	195.0601044
50.6834939	207.4032135
50.7668549	199.7413483
50.8502159	219.0008850
50.9335769	320.7531128
