# time(yr)	runoff(mm/month)
0.0000000	14.4415189
0.0833610	6.2855500
0.1667220	4.2006912
0.2500830	34.3141951
0.3334440	8.3940614
0.4168050	4.1010166
0.5001661	11.3235373
0.5835271	9.3903030
0.6668881	14.4956332
0.7502491	12.7349719
0.8336101	11.9102779
0.9169711	10.5922192
1.0003321	15.0858015
1.0836931	20.6589621
1.1670541	26.0081311
1.2504151	117.7499460
1.3337762	30.6202511
1.4171372	12.9110799
1.5004982	19.7527831
1.5838592	24.2600596
1.6672202	20.8090066
1.7505812	16.0657521
1.8339422	10.4116604
1.9173032	7.9458358
2.0006642	5.4987885
2.0840252	6.1101375
2.1673863	3.3193760
2.2507473	49.8923346
2.3341083	2.9156727
2.4174693	5.4841331
2.5008303	11.8477193
2.5841913	13.4378573
2.6675523	10.3579739
2.7509133	10.6730477
2.8342743	6.3045820
2.9176353	4.7443474
3.0009963	5.1571538
3.0843574	2.3386059
3.1677184	9.8308558
3.2510794	8.3472161
3.3344404	4.4225600
3.4178014	12.2336120
3.5011624	16.0369446
3.5845234	18.0187522
3.6678844	16.7700921
3.7512454	13.5532608
3.8346064	6.4036015
3.9179675	7.4783142
4.0013285	4.1158686
4.0846895	3.1886717
4.1680505	13.6429956
4.2514115	21.1112077
4.3347725	5.4657105
4.4181335	23.1090469
4.5014945	26.7217121
4.5848555	27.7237270
4.6682165	31.5375996
4.7515775	38.4189084
4.8349386	28.1593128
4.9182996	24.3246078
5.0016606	32.1128831
5.0850216	38.3404750
5.1683826	42.4883596
5.2517436	46.0075818
5.3351046	41.4176427
5.4184656	39.1582064
5.5018266	50.8831824
5.5851876	47.3382503
5.6685487	42.7096073
5.7519097	40.6287071
5.8352707	34.8685967
5.9186317	29.8642249
6.0019927	26.5891927
6.0853537	11.9181375
6.1687147	6.6170720
6.2520757	5.7251801
6.3354367	5.9024962
6.4187977	7.4095986
6.5021588	11.7630659
6.5855198	4.2224536
6.6688808	3.4368086
6.7522418	2.8554226
6.8356028	6.7885560
6.9189638	7.8313481
7.0023248	4.3319073
7.0856858	4.0088890
7.1690468	3.7715715
7.2524078	137.3965183
7.3357688	14.4554299
7.4191299	24.2137459
7.5024909	32.8453470
7.5858519	42.9148057
7.6692129	35.6453398
7.7525739	40.6286930
7.8359349	26.9388815
7.9192959	23.2253002
8.0026569	19.3770625
8.0860179	16.1950031
8.1693789	11.6780211
8.2527400	47.9321433
8.3361010	36.1972143
8.4194620	11.4982910
8.5028230	18.2267937
8.5861840	21.6092955
8.6695450	23.0034255
8.7529060	25.0023609
8.8362670	16.6859785
8.9196280	10.9708664
9.0029890	11.1535610
9.0863500	17.5023497
9.1697111	22.4745853
9.2530721	47.5406623
9.3364331	16.4823608
9.4197941	14.5312266
9.5031551	23.2254228
9.5865161	21.3889484
9.6698771	19.6491301
9.7532381	8.4801057
9.8365991	5.7823084
9.9199601	3.9154737
10.0033212	3.0307176
10.0866822	4.2685999
10.1700432	9.2341764
10.2534042	7.4434811
10.3367652	6.7576503
10.4201262	0.4875285
10.5034872	8.0216978
10.5868482	8.6237126
10.6702092	8.8837515
10.7535702	6.4646602
10.8369313	8.6312870
10.9202923	4.9115818
11.0036533	6.9985099
11.0870143	8.6663947
11.1703753	22.4307280
11.2537363	17.0815944
11.3370973	5.6540611
11.4204583	14.0738183
11.5038193	19.9034310
11.5871803	20.8441485
11.6705413	24.1172877
11.7539024	18.6184491
11.8372634	10.5609823
11.9206244	5.7383509
12.0039854	6.0626315
12.0873464	5.2832316
12.1707074	13.0989207
12.2540684	10.4003766
12.3374294	1.0886116
12.4207904	1.1676241
12.5041514	3.1624214
12.5875125	2.8632150
12.6708735	6.6493332
12.7542345	11.9517624
12.8375955	8.6449240
12.9209565	3.5080646
13.0043175	7.3287394
13.0876785	10.5386305
13.1710395	64.8035109
13.2544005	17.4779010
13.3377615	21.5638022
13.4211226	24.7438756
13.5044836	23.5601515
13.5878446	20.8392451
13.6712056	20.5613206
13.7545666	14.7344130
13.8379276	11.0086722
13.9212886	5.5472787
14.0046496	3.9398428
14.0880106	2.8129777
14.1713716	2.6880541
14.2547326	52.3101795
14.3380937	21.2783363
14.4214547	9.0096307
14.5048157	13.9220199
14.5881767	24.1909756
14.6715377	21.1291028
14.7548987	19.7298973
14.8382597	18.6170653
14.9216207	11.4232357
15.0049817	8.6043400
15.0883427	8.0979200
15.1717038	17.5857313
15.2550648	30.9423110
15.3384258	16.3497753
15.4217868	23.4616707
15.5051478	31.6197647
15.5885088	32.1125295
15.6718698	24.1440608
15.7552308	24.9547011
15.8385918	22.9501315
15.9219528	14.2405709
16.0053138	22.1552812
16.0886749	12.2494892
16.1720359	27.0549203
16.2553969	25.1551777
16.3387579	20.6666779
16.4221189	23.9691127
16.5054799	32.1102570
16.5888409	24.6230442
16.6722019	25.6775963
16.7555629	30.4005192
16.8389239	24.4850249
16.9222850	24.4714815
17.0056460	23.5806233
17.0890070	25.3620687
17.1723680	20.7226971
17.2557290	116.1663415
17.3390900	15.3634655
17.4224510	23.3621361
17.5058120	27.1508693
17.5891730	24.1904877
17.6725340	24.9923301
17.7558951	21.9421548
17.8392561	16.9528692
17.9226171	5.3942998
18.0059781	4.2459738
18.0893391	3.5641556
18.1727001	24.0243704
18.2560611	29.7929957
18.3394221	4.0013556
18.4227831	10.0688199
18.5061441	15.6857730
18.5895051	21.2793005
18.6728662	19.4844296
18.7562272	21.7876595
18.8395882	13.1239682
18.9229492	9.5964390
19.0063102	5.7310465
19.0896712	4.5551048
19.1730322	13.3156091
19.2563932	45.9332527
19.3397542	10.6139722
19.4231152	8.5691380
19.5064763	12.1716569
19.5898373	19.3441295
19.6731983	12.6648755
19.7565593	12.7705888
19.8399203	13.9527688
19.9232813	7.8195080
20.0066423	9.2971534
20.0900033	13.1518551
20.1733643	22.1447270
20.2567253	56.4777791
20.3400864	21.1419201
20.4234474	30.2948695
20.5068084	30.0433621
20.5901694	30.7260446
20.6735304	29.8087032
20.7568914	31.6426835
20.8402524	26.5573158
20.9236134	21.1949029
21.0069744	9.2770683
21.0903354	5.6936644
21.1736964	44.7530199
21.2570575	14.8314534
21.3404185	25.5316325
21.4237795	29.3521388
21.5071405	35.3421438
21.5905015	31.4291964
21.6738625	32.1097949
21.7572235	30.0174165
21.8405845	20.7558965
21.9239455	6.6778154
22.0073065	5.5078091
22.0906676	3.6598600
22.1740286	5.4997763
22.2573896	4.6752968
22.3407506	5.9016110
22.4241116	5.9732427
22.5074726	5.6503741
22.5908336	3.9753923
22.6741946	2.7174107
22.7575556	10.7135468
22.8409166	9.1191790
22.9242776	4.5552863
23.0076387	6.1232936
23.0909997	10.6552198
23.1743607	35.0679322
23.2577217	22.1379306
23.3410827	23.2254323
23.4244437	24.7607334
23.5078047	23.6693303
23.5911657	17.8564622
23.6745267	11.2047191
23.7578877	6.3409869
23.8412488	9.8234518
23.9246098	4.7392471
24.0079708	2.6865006
24.0913318	4.0857488
24.1746928	52.1102381
24.2580538	45.0625809
24.3414148	3.5027966
24.4247758	7.8279605
24.5081368	16.9906220
24.5914978	22.1550218
24.6748589	11.9452041
24.7582199	13.1431622
24.8415809	14.8281365
24.9249419	9.2649919
25.0083029	7.5461021
25.0916639	31.1862016
25.1750249	22.1061480
25.2583859	129.6285968
25.3417469	20.3423336
25.4251079	27.5361243
25.5084689	31.1379761
25.5918300	41.7337526
25.6751910	27.9675469
25.7585520	29.3155212
25.8419130	21.4099034
25.9252740	16.6897799
26.0086350	10.8352599
26.0919960	6.8466337
26.1753570	6.9365636
26.2587180	16.5729289
26.3420790	10.9497994
26.4254401	16.0378345
26.5088011	22.2919662
26.5921621	21.7723529
26.6755231	15.2844970
26.7588841	12.4698316
26.8422451	9.1403862
26.9256061	4.3140785
27.0089671	4.4133160
27.0923281	3.1031125
27.1756891	4.4201893
27.2590501	3.4822583
27.3424112	1.7942706
27.4257722	4.5353927
27.5091332	3.9484232
27.5924942	5.3968500
27.6758552	11.7888807
27.7592162	2.6608682
27.8425772	4.5748207
27.9259382	5.5716396
28.0092992	5.6889219
28.0926602	4.7661944
28.1760213	7.0879494
28.2593823	62.3043778
28.3427433	52.5724602
28.4261043	10.5616412
28.5094653	14.6898414
28.5928263	18.3514193
28.6761873	14.5586338
28.7595483	14.0933294
28.8429093	10.6998821
28.9262703	5.7674596
29.0096314	7.6786498
29.0929924	3.5273511
29.1763534	7.5469879
29.2597144	27.4050405
29.3430754	18.0713001
29.4264364	30.3764171
29.5097974	36.5418370
29.5931584	36.5580560
29.6765194	31.5617135
29.7598804	30.5586637
29.8432414	30.8736845
29.9266025	22.0804499
30.0099635	4.7670625
30.0933245	18.8813110
30.1766855	6.6469163
30.2600465	32.1023879
30.3434075	11.6394421
30.4267685	7.7018868
30.5101295	12.0961668
30.5934905	13.0477437
30.6768515	13.0699858
30.7602126	10.8431007
30.8435736	8.7067253
30.9269346	9.1382734
31.0102956	4.2443398
31.0936566	4.7432653
31.1770176	3.2832737
31.2603786	17.7722979
31.3437396	5.8112892
31.4271006	5.3535084
31.5104616	7.2506426
31.5938227	11.3061420
31.6771837	11.9842216
31.7605447	9.7734635
31.8439057	9.9044471
31.9272667	11.0352803
32.0106277	5.5727116
32.0939887	7.3353973
32.1773497	18.5487794
32.2607107	20.5834944
32.3440717	21.1201423
32.4274327	19.8507971
32.5107938	25.3659325
32.5941548	22.0131270
32.6775158	19.6110980
32.7608768	11.4216692
32.8442378	6.3701310
32.9275988	8.0862213
33.0109598	5.7117847
33.0943208	4.0037316
33.1776818	4.4221716
33.2610428	24.7654765
33.3444039	3.8433590
33.4277649	5.9956711
33.5111259	12.8382430
33.5944869	15.3550307
33.6778479	11.0288681
33.7612089	9.5346000
33.8445699	7.8546747
33.9279309	9.5871249
34.0112919	6.5376562
34.0946529	12.9630596
34.1780139	19.1983308
34.2613750	79.3525984
34.3447360	27.1127287
34.4280970	27.8816570
34.5114580	39.3110868
34.5948190	34.9387980
34.6781800	31.6775472
34.7615410	34.1706382
34.8449020	33.1474915
34.9282630	20.8653322
35.0116240	14.2426124
35.0949851	20.2721606
35.1783461	23.0273579
35.2617071	103.2127209
35.3450681	27.7487886
35.4284291	22.5735211
35.5117901	30.4297464
35.5951511	33.7536642
35.6785121	30.1916857
35.7618731	26.9739668
35.8452341	25.5195932
35.9285952	11.0618165
36.0119562	7.5310058
36.0953172	3.6305927
36.1786782	7.2671609
36.2620392	7.3120466
36.3454002	9.5145833
36.4287612	16.1195954
36.5121222	21.2035546
36.5954832	22.4953753
36.6788442	22.4063760
36.7622052	18.4192680
36.8455663	16.2873581
36.9289273	6.0263151
37.0122883	6.5509084
37.0956493	18.2536611
37.1790103	7.1147885
37.2623713	16.5392828
37.3457323	16.2259900
37.4290933	23.2159838
37.5124543	23.4049938
37.5958153	22.1182981
37.6791764	15.8167047
37.7625374	12.0061432
37.8458984	7.5568212
37.9292594	7.1605700
38.0126204	3.2861277
38.0959814	12.2028360
38.1793424	27.4721772
38.2627034	11.4427893
38.3460644	3.3930686
38.4294254	6.5503090
38.5127864	12.5710187
38.5961475	10.3844476
38.6795085	19.4850626
38.7628695	16.5412948
38.8462305	14.5409203
38.9295915	15.5843254
39.0129525	14.5160331
39.0963135	14.5966306
39.1796745	27.6898581
39.2630355	50.9276055
39.3463965	10.3709915
39.4297576	13.8114020
39.5131186	16.9368400
39.5964796	18.4961042
39.6798406	11.0879507
39.7632016	13.3331600
39.8465626	9.8894563
39.9299236	10.8434448
40.0132846	5.0893724
40.0966456	13.9097979
40.1800066	21.3389571
40.2633677	24.4934149
40.3467287	29.9092962
40.4300897	31.4437676
40.5134507	41.4597414
40.5968117	35.8736691
40.6801727	31.9149479
40.7635337	30.6586014
40.8468947	23.7972080
40.9302557	16.6642809
41.0136167	6.1479592
41.0969777	15.1107747
41.1803388	9.1183421
41.2636998	14.4888840
41.3470608	28.1865998
41.4304218	29.8077201
41.5137828	33.9429077
41.5971438	27.6640515
41.6805048	26.5590838
41.7638658	21.4208653
41.8472268	11.7975453
41.9305878	9.4746287
42.0139489	3.8065310
42.0973099	3.5317262
42.1806709	8.8950158
42.2640319	2.8547882
42.3473929	5.4138062
42.4307539	8.5079485
42.5141149	5.5367988
42.5974759	8.0463051
42.6808369	14.6252095
42.7641979	9.6645228
42.8475590	6.3789247
42.9309200	9.8670102
43.0142810	3.8624420
43.0976420	5.6511880
43.1810030	8.8186115
43.2643640	15.8203257
43.3477250	8.2258985
43.4310860	14.5743837
43.5144470	28.8726439
43.5978080	22.0755370
43.6811690	24.9843149
43.7645301	16.1168148
43.8478911	8.7817475
43.9312521	8.7816426
44.0146131	7.8282582
44.0979741	7.2938680
44.1813351	7.4652765
44.2646961	8.3455612
44.3480571	21.5192684
44.4314181	18.4402572
44.5147791	30.6892431
44.5981402	27.0778815
44.6815012	28.2564404
44.7648622	21.1968854
44.8482232	16.1057362
44.9315842	10.2691172
45.0149452	6.6471049
45.0983062	7.1997738
45.1816672	12.6427759
45.2650282	68.5748063
45.3483892	14.3683413
45.4317502	20.1935622
45.5151113	24.1174127
45.5984723	24.9369640
45.6818333	27.0497811
45.7651943	21.7177717
45.8485553	16.0316451
45.9319163	12.1226145
46.0152773	8.0188937
46.0986383	9.9830514
46.1819993	14.5872870
46.2653603	22.3000827
46.3487214	23.7615781
46.4320824	24.4679784
46.5154434	25.4055535
46.5988044	25.3756474
46.6821654	24.7845103
46.7655264	19.0416585
46.8488874	11.0546900
46.9322484	6.6003574
47.0156094	7.4867001
47.0989704	2.9135749
47.1823315	36.8842886
47.2656925	2.9633537
47.3490535	6.9345816
47.4324145	15.0531926
47.5157755	19.3117670
47.5991365	20.3067768
47.6824975	17.4432577
47.7658585	13.2450247
47.8492195	11.7160002
47.9325805	5.9957000
48.0159415	5.9383742
48.0993026	3.1354933
48.1826636	8.5854477
48.2660246	34.7344766
48.3493856	11.9482558
48.4327466	12.4977822
48.5161076	22.5497395
48.5994686	24.6940140
48.6828296	23.8150111
48.7661906	20.2575800
48.8495516	8.3091758
48.9329127	4.6918146
49.0162737	4.3636295
49.0996347	3.8582037
49.1829957	6.4722852
49.2663567	5.4466833
49.3497177	6.7705518
49.4330787	4.9190745
49.5164397	10.5232331
49.5998007	16.9716802
49.6831617	16.6906108
49.7665227	21.4886244
49.8498838	10.3543128
49.9332448	7.3615180
50.0166058	9.0833021
50.0999668	10.5659081
50.1833278	17.8917962
50.2666888	48.0268357
50.3500498	23.1839088
50.4334108	25.6437156
50.5167718	40.0721791
50.6001328	31.5639531
50.6834939	28.4530909
50.7668549	29.9559234
50.8502159	24.9397269
50.9335769	15.9489519
51.0169379	7.0263668
51.1002989	6.2725407
51.1836599	6.0954331
51.2670209	3.5966254
51.3503819	6.4324839
51.4337429	3.6449732
51.5171040	7.1845508
51.6004650	8.0838739
51.6838260	7.2598453
51.7671870	6.7090617
51.8505480	6.1506855
51.9339090	14.4531845
52.0172700	4.6349674
52.1006310	14.2632044
52.1839920	19.8542955
52.2673530	31.3202110
52.3507140	30.6001164
52.4340751	35.5391974
52.5174361	35.9564543
52.6007971	31.9898428
52.6841581	28.4850715
52.7675191	26.7508898
52.8508801	14.8157094
52.9342411	11.2069386
53.0176021	7.3555573
53.1009631	5.1041940
53.1843241	19.0420156
53.2676852	27.5473362
53.3510462	18.0785739
53.4344072	29.2649076
53.5177682	26.5866938
53.6011292	25.9651249
53.6844902	27.5243325
53.7678512	28.4354080
53.8512122	20.7426761
53.9345732	16.1756416
54.0179342	18.1961132
54.1012953	28.8638461
54.1846563	36.4057083
54.2680173	35.2399949
54.3513783	38.6988462
54.4347393	37.5347641
54.5181003	33.8615558
54.6014613	31.1214648
54.6848223	23.2829814
54.7681833	27.0180245
54.8515443	17.7200294
54.9349053	10.1216553
55.0182664	12.3299205
55.1016274	10.9909492
55.1849884	9.5786966
55.2683494	15.4146873
55.3517104	23.0504016
55.4350714	18.5976473
55.5184324	26.2572646
55.6017934	21.3310999
55.6851544	20.0045521
55.7685154	17.5641763
55.8518765	9.4313879
55.9352375	11.4023974
56.0185985	6.5241942
56.1019595	6.9353878
56.1853205	27.6226625
56.2686815	20.7065465
56.3520425	11.8180324
56.4354035	15.4528502
56.5187645	22.7276651
56.6021255	18.9507343
56.6854865	18.3304490
56.7688476	9.2887039
56.8522086	6.6273486
56.9355696	5.8643409
57.0189306	4.0969365
57.1022916	4.6176702
57.1856526	3.0815074
57.2690136	1.5418019
57.3523746	5.5168498
57.4357356	3.9704688
57.5190966	7.6927424
57.6024577	6.9951016
57.6858187	5.0203686
57.7691797	4.2120462
57.8525407	8.5373365
57.9359017	3.1693967
58.0192627	4.1751578
58.1026237	2.7177225
58.1859847	21.9263648
58.2693457	5.0595547
58.3527067	5.8203157
58.4360678	12.3748657
58.5194288	14.8630863
58.6027898	12.3078374
58.6861508	8.8744939
58.7695118	6.3665506
58.8528728	8.5862669
58.9362338	8.3079157
59.0195948	6.5575044
59.1029558	6.4902051
59.1863168	12.3739263
59.2696778	19.2511427
59.3530389	29.0743581
59.4363999	36.1874829
59.5197609	39.2373093
59.6031219	35.8269594
59.6864829	31.5196007
59.7698439	31.3745375
59.8532049	30.3869429
59.9365659	37.4625684
60.0199269	16.8021670
60.1032879	24.3098080
60.1866490	28.7666029
60.2700100	32.2638257
60.3533710	31.7978317
60.4367320	28.2285452
60.5200930	26.5567359
60.6034540	17.9432361
60.6868150	16.7352791
60.7701760	10.5101553
60.8535370	8.5195027
60.9368980	8.0620172
61.0202591	7.4677995
61.1036201	14.3446128
61.1869811	37.0822002
61.2703421	77.6675734
61.3537031	4.5625109
61.4370641	8.7404846
61.5204251	15.8434401
61.6037861	17.9466438
61.6871471	12.4454902
61.7705081	10.5461825
61.8538691	6.6678660
61.9372302	8.7395770
62.0205912	4.6710036
62.1039522	4.3201644
62.1873132	2.7999849
62.2706742	5.7861822
62.3540352	9.3419961
62.4373962	9.3209668
62.5207572	16.1773897
62.6041182	13.0835115
62.6874792	10.7914981
62.7708403	11.4184455
62.8542013	7.2238759
62.9375623	5.9395806
63.0209233	4.5988203
63.1042843	3.8389410
63.1876453	16.9982670
63.2710063	8.0337130
63.3543673	6.7406864
63.4377283	17.0066983
63.5210893	21.3818431
63.6044503	25.1711892
63.6878114	24.7052140
63.7711724	28.3862371
63.8545334	21.5654948
63.9378944	8.5000105
64.0212554	8.2787174
64.1046164	7.1019183
64.1879774	10.2282067
64.2713384	12.8478011
64.3546994	16.0520697
64.4380604	17.1334869
64.5214215	19.4499301
64.6047825	12.9465589
64.6881435	8.5317459
64.7715045	4.7734240
64.8548655	4.1607569
64.9382265	6.1372536
65.0215875	2.4477315
65.1049485	3.2317970
65.1883095	4.4158829
65.2716705	7.5134525
65.3550316	3.5611125
65.4383926	12.2608319
65.5217536	16.1395697
65.6051146	11.9642390
65.6884756	10.8570082
65.7718366	7.8836791
65.8551976	7.2642914
65.9385586	7.8769882
66.0219196	7.4892808
66.1052806	7.1740532
66.1886416	15.9855083
66.2720027	14.0381341
66.3553637	13.2960721
66.4387247	20.0390905
66.5220857	24.3296644
66.6054467	21.2633691
66.6888077	18.2779860
66.7721687	14.7152849
66.8555297	7.9902229
66.9388907	11.6581800
67.0222517	3.8095158
67.1056128	12.1696119
67.1889738	5.7350706
67.2723348	14.9213568
67.3556958	25.8014027
67.4390568	29.9952050
67.5224178	33.4814399
67.6057788	30.9439447
67.6891398	31.3911832
67.7725008	26.7721183
67.8558618	27.1784227
67.9392228	16.4216940
68.0225839	6.3256761
68.1059449	4.0436479
68.1893059	5.4369548
68.2726669	6.6215776
68.3560279	4.9351547
68.4393889	8.0021761
68.5227499	10.0583659
68.6061109	9.0029704
68.6894719	6.3506953
68.7728329	7.4377620
68.8561940	4.5555368
68.9395550	2.9918825
69.0229160	3.3486833
69.1062770	1.4224282
69.1896380	3.2530944
69.2729990	3.0731468
69.3563600	5.5323309
69.4397210	5.8947215
69.5230820	4.0534788
69.6064430	3.5795085
69.6898041	3.3843716
69.7731651	4.4519652
69.8565261	5.7492840
69.9398871	6.4385548
70.0232481	2.2495641
70.1066091	8.4837744
70.1899701	7.9271409
70.2733311	10.3179710
70.3566921	16.1474942
70.4400531	23.9151728
70.5234141	22.7603671
70.6067752	25.9441604
70.6901362	20.5328077
70.7734972	14.8842052
70.8568582	13.7936330
70.9402192	7.5872012
71.0235802	4.5044971
71.1069412	3.5147275
71.1903022	5.6190324
71.2736632	11.3907388
71.3570242	12.3715665
71.4403853	25.7012387
71.5237463	35.6458325
71.6071073	39.7895162
71.6904683	33.5235173
71.7738293	38.7443183
71.8571903	27.6485068
71.9405513	26.5945275
72.0239123	12.1880115
72.1072733	5.3298848
72.1906343	9.8271812
72.2739954	8.1554420
72.3573564	13.5123385
72.4407174	22.1137224
72.5240784	26.7684054
72.6074394	20.8215339
72.6908004	19.3469207
72.7741614	14.8076341
72.8575224	8.8135997
72.9408834	9.2890357
73.0242444	8.2521223
73.1076054	6.5187893
73.1909665	19.0715905
73.2743275	7.8043187
73.3576885	13.1342264
73.4410495	15.1910186
73.5244105	20.1393653
73.6077715	21.8255643
73.6911325	18.0472533
73.7744935	13.6120841
73.8578545	10.7209632
73.9412155	9.9703025
74.0245766	7.6524189
74.1079376	4.7588561
74.1912986	13.3931196
74.2746596	17.9675104
74.3580206	30.0635439
74.4413816	29.0742473
74.5247426	25.9291272
74.6081036	26.2484903
74.6914646	24.4525020
74.7748256	25.3607486
74.8581866	13.7782910
74.9415477	8.3847095
75.0249087	10.9728443
75.1082697	18.8221022
75.1916307	25.3515617
75.2749917	27.3746936
75.3583527	24.3105223
75.4417137	24.6637001
75.5250747	26.7704186
75.6084357	24.5853209
75.6917967	21.1709068
75.7751578	17.0223916
75.8585188	14.9899303
75.9418798	7.8263993
76.0252408	14.0861640
76.1086018	25.7170334
76.1919628	34.3144002
76.2753238	41.6742421
76.3586848	33.9953082
76.4420458	42.9900967
76.5254068	40.0233901
76.6087679	41.0000652
76.6921289	37.6531391
76.7754899	42.0210596
76.8588509	35.9732744
76.9422119	28.7033347
77.0255729	16.0791305
77.1089339	17.3441133
77.1922949	23.0517618
77.2756559	23.3710966
77.3590169	32.6467752
77.4423779	30.2813498
77.5257390	31.9615987
77.6091000	31.6789310
77.6924610	29.2889437
77.7758220	30.7669645
77.8591830	26.8709692
77.9425440	23.7714768
78.0259050	14.0878130
78.1092660	7.0092125
78.1926270	9.1634205
78.2759880	13.5894824
78.3593491	17.0043315
78.4427101	18.5958946
78.5260711	18.4697460
78.6094321	16.9549237
78.6927931	15.6034935
78.7761541	9.8030767
78.8595151	7.7310409
78.9428761	3.2658407
79.0262371	7.5661283
79.1095981	4.0440130
79.1929591	11.3513842
79.2763202	11.9141393
79.3596812	22.9989064
79.4430422	29.4683356
79.5264032	26.2030937
79.6097642	28.1555150
79.6931252	25.1147834
79.7764862	16.9176106
79.8598472	18.3796882
79.9432082	9.0930100
80.0265692	8.3396600
80.1099303	13.7542713
80.1932913	17.5571124
80.2766523	34.4564412
80.3600133	44.9906233
80.4433743	46.5661890
80.5267353	43.7353825
80.6100963	46.7014619
80.6934573	40.0286472
80.7768183	41.7941353
80.8601793	41.5062955
80.9435404	34.4046914
