# time(yr)	T(C)
0.0000000	1.4765320
0.0833610	-5.7055054
0.1667220	-12.8391724
0.2500830	-3.7470703
0.3334440	12.9500732
0.4168050	18.7015686
0.5001661	23.5503540
0.5835271	25.9611206
0.6668881	27.7920532
0.7502491	24.5152893
0.8336101	16.6342163
0.9169711	7.9739075
1.0003321	-2.7690735
1.0836931	-8.1917725
1.1670541	-7.3311462
1.2504151	-1.5103760
1.3337762	10.1069336
1.4171372	21.0345764
1.5004982	22.7273865
1.5838592	28.3296814
1.6672202	30.3635559
1.7505812	25.6902771
1.8339422	11.4511414
1.9173032	5.9880371
2.0006642	-3.6029053
2.0840252	-4.9134216
2.1673863	-5.8125916
2.2507473	1.6786804
2.3341083	14.7472229
2.4174693	20.3470154
2.5008303	23.0388489
2.5841913	29.4947815
2.6675523	31.6295471
2.7509133	26.6507874
2.8342743	15.6288147
2.9176353	7.2895508
3.0009963	0.7894897
3.0843574	-7.0053406
3.1677184	1.2296143
3.2510794	5.5175476
3.3344404	16.1140442
3.4178014	20.3773193
3.5011624	24.2976379
3.5845234	31.5461731
3.6678844	33.4777222
3.7512454	26.2747803
3.8346064	17.0940552
3.9179675	5.7333069
4.0013285	0.5665588
4.0846895	-6.7205505
4.1680505	-0.8940430
4.2514115	3.6902466
4.3347725	12.7756042
4.4181335	20.5896912
4.5014945	22.9772949
4.5848555	29.0478516
4.6682165	28.2106018
4.7515775	21.1527710
4.8349386	15.2968140
4.9182996	8.4643250
5.0016606	-1.0079651
5.0850216	-2.7978821
5.1683826	-1.1483765
5.2517436	4.2100220
5.3351046	15.3827820
5.4184656	19.4538269
5.5018266	22.6172485
5.5851876	29.8190918
5.6685487	29.4763489
5.7519097	22.4850464
5.8352707	17.5641785
5.9186317	2.7315979
6.0019927	0.0438538
6.0853537	-0.1179810
6.1687147	-0.4570007
6.2520757	10.0464478
6.3354367	18.2539368
6.4187977	19.3101807
6.5021588	24.2344971
6.5855198	31.1267090
6.6688808	32.0084839
6.7522418	23.3196106
6.8356028	18.1084900
6.9189638	7.3186035
7.0023248	1.8729858
7.0856858	-5.0561218
7.1690468	-8.3686829
7.2524078	-0.9208984
7.3357688	9.0606689
7.4191299	21.2248535
7.5024909	22.7306824
7.5858519	27.7405701
7.6692129	29.4323425
7.7525739	23.4301758
7.8359349	14.7867737
7.9192959	6.5668945
8.0026569	-0.4111023
8.0860179	-4.8181458
8.1693789	-7.7406006
8.2527400	-1.5187683
8.3361010	8.1214600
8.4194620	20.3883362
8.5028230	22.9604492
8.5861840	27.9590759
8.6695450	28.5317078
8.7529060	21.0876770
8.8362670	14.9226990
8.9196280	5.0617981
9.0029890	-3.2940369
9.0863500	-3.4002075
9.1697111	-2.0249329
9.2530721	0.1277771
9.3364331	17.9811707
9.4197941	24.5606384
9.5031551	24.5758972
9.5865161	29.7716675
9.6698771	30.4093323
9.7532381	24.4065857
9.8365991	18.5778809
9.9199601	7.4852295
10.0033212	1.6447144
10.0866822	-2.3555908
10.1700432	-4.6682434
10.2534042	0.3486633
10.3367652	11.0886841
10.4201262	18.9064636
10.5034872	25.2608032
10.5868482	30.6912537
10.6702092	31.1103210
10.7535702	27.3937378
10.8369313	14.5274048
10.9202923	7.0603333
11.0036533	-1.0412598
11.0870143	-4.3905334
11.1703753	-1.1593933
11.2537363	4.2070618
11.3370973	12.5029907
11.4204583	20.8078003
11.5038193	26.2114563
11.5871803	32.2619934
11.6705413	32.7287598
11.7539024	27.9121704
11.8372634	18.2164917
11.9206244	6.8222046
12.0039854	-0.0606079
12.0873464	-3.7731018
12.1707074	-2.6614685
12.2540684	6.2496643
12.3374294	16.1703796
12.4207904	19.8110352
12.5041514	27.5187073
12.5875125	33.1314087
12.6708735	30.0352173
12.7542345	24.3306274
12.8375955	15.4869995
12.9209565	5.4988098
13.0043175	1.1134338
13.0876785	-6.7136536
13.1710395	-0.0239868
13.2544005	6.9840393
13.3377615	16.2703552
13.4211226	22.8245239
13.5044836	25.3720398
13.5878446	35.6499939
13.6712056	35.9458313
13.7545666	26.0497437
13.8379276	14.9714355
13.9212886	9.6030579
14.0046496	-2.1219788
14.0880106	-8.8682861
14.1713716	-13.8131409
14.2547326	-4.5469666
14.3380937	12.2084656
14.4214547	23.1723022
14.5048157	25.1699524
14.5881767	27.6901245
14.6715377	31.1191711
14.7548987	24.9641724
14.8382597	14.1148071
14.9216207	5.7571716
15.0049817	-2.5933533
15.0883427	-3.2566833
15.1717038	-2.1562195
15.2550648	8.9267578
15.3384258	14.6719666
15.4217868	18.1052856
15.5051478	24.1942749
15.5885088	29.7293091
15.6718698	34.2810059
15.7552308	25.9478149
15.8385918	14.0690308
15.9219528	6.5894470
16.0053138	-0.9359436
16.0886749	-3.0119019
16.1720359	-3.7024536
16.2553969	5.0326538
16.3387579	16.8888245
16.4221189	23.8387146
16.5054799	24.0861206
16.5888409	28.8273926
16.6722019	28.8921814
16.7555629	25.3203125
16.8389239	15.5020447
16.9222850	5.3572693
17.0056460	-4.0411072
17.0890070	-7.4403381
17.1723680	-5.6168823
17.2557290	3.6905212
17.3390900	17.3680420
17.4224510	22.9799500
17.5058120	24.7463379
17.5891730	31.3843689
17.6725340	30.7079163
17.7558951	25.5617981
17.8392561	17.4251099
17.9226171	9.0294189
18.0059781	-0.2819519
18.0893391	-8.9678040
18.1727001	-4.6496582
18.2560611	3.0117798
18.3394221	10.4583130
18.4227831	17.3580933
18.5061441	24.6641235
18.5895051	32.0583191
18.6728662	30.9982605
18.7562272	25.5467834
18.8395882	13.6399231
18.9229492	8.7304382
19.0063102	0.1339722
19.0896712	-8.7423706
19.1730322	-1.5459595
19.2563932	-1.6030579
19.3397542	13.3093872
19.4231152	19.6408997
19.5064763	25.9183960
19.5898373	28.9949951
19.6731983	30.2192993
19.7565593	25.0519409
19.8399203	16.4282532
19.9232813	8.1646729
20.0066423	2.4316406
20.0900033	-7.5047302
20.1733643	-5.3639832
20.2567253	2.1271667
20.3400864	13.1273804
20.4234474	22.6007385
20.5068084	24.5851440
20.5901694	29.5120544
20.6735304	34.9495239
20.7568914	28.7445068
20.8402524	16.0769043
20.9236134	6.5801697
21.0069744	-0.6629639
21.0903354	-5.5447388
21.1736964	-0.3994751
21.2570575	5.2581787
21.3404185	16.2165527
21.4237795	21.2727966
21.5071405	27.9503174
21.5905015	32.2196045
21.6738625	33.9304810
21.7572235	27.5233154
21.8405845	17.1600647
21.9239455	6.7302551
22.0073065	2.5694580
22.0906676	-1.8220215
22.1740286	-2.6092224
22.2573896	9.3502502
22.3407506	15.6342163
22.4241116	21.0556641
22.5074726	28.3113403
22.5908336	31.5777588
22.6741946	36.9737549
22.7575556	26.2304993
22.8409166	17.2576599
22.9242776	5.7870178
23.0076387	1.4902649
23.0909997	-2.2663574
23.1743607	-0.8434143
23.2577217	7.7919922
23.3410827	12.0601807
23.4244437	19.2984009
23.5078047	25.2064514
23.5911657	31.6883850
23.6745267	33.7671204
23.7578877	29.8076782
23.8412488	17.6051025
23.9246098	6.1753235
24.0079708	-2.4602966
24.0913318	-4.9297180
24.1746928	-0.9023743
24.2580538	-1.3846436
24.3414148	18.6446838
24.4247758	23.0369263
24.5081368	28.1196594
24.5914978	31.9098206
24.6748589	33.1926880
24.7582199	27.1418152
24.8415809	14.4139709
24.9249419	6.9541931
25.0083029	-0.9566956
25.0916639	-3.5017395
25.1750249	-4.6704712
25.2583859	0.2647400
25.3417469	14.1069946
25.4251079	22.1664124
25.5084689	26.4405212
25.5918300	28.4175720
25.6751910	31.3572083
25.7585520	26.4120483
25.8419130	13.6848755
25.9252740	6.0196838
26.0086350	1.2649536
26.0919960	-1.3747864
26.1753570	-2.6053467
26.2587180	7.6809998
26.3420790	13.6024780
26.4254401	19.9757690
26.5088011	25.8402100
26.5921621	30.8924255
26.6755231	30.8915100
26.7588841	29.5066528
26.8422451	17.9848328
26.9256061	4.2772522
27.0089671	1.2275391
27.0923281	-1.7834778
27.1756891	-0.2731323
27.2590501	8.1011047
27.3424112	12.9710693
27.4257722	21.6894836
27.5091332	28.1130066
27.5924942	34.8168335
27.6758552	30.8182068
27.7592162	23.8306580
27.8425772	14.6854858
27.9259382	6.0382690
28.0092992	0.1471558
28.0926602	-3.8780212
28.1760213	-9.0815430
28.2593823	-3.1959839
28.3427433	11.2007446
28.4261043	21.0032043
28.5094653	25.0840149
28.5928263	31.7735291
28.6761873	32.2835083
28.7595483	27.0117188
28.8429093	14.9996643
28.9262703	4.6277771
29.0096314	0.4749451
29.0929924	-2.2830505
29.1763534	-1.0143127
29.2597144	4.5418701
29.3430754	16.3239136
29.4264364	22.1507568
29.5097974	28.2035217
29.5931584	32.1765442
29.6765194	35.4008484
29.7598804	26.0158081
29.8432414	17.7855530
29.9266025	6.6559143
30.0099635	-1.6490784
30.0933245	-2.6104431
30.1766855	-6.0149841
30.2600465	-1.0940857
30.3434075	19.2919312
30.4267685	24.4619751
30.5101295	27.0374756
30.5934905	30.1418152
30.6768515	34.8437195
30.7602126	25.9684143
30.8435736	13.6271362
30.9269346	6.0275574
31.0102956	0.2674255
31.0936566	-3.8832092
31.1770176	-1.8856506
31.2603786	3.1571350
31.3437396	16.4942322
31.4271006	21.0775146
31.5104616	24.9965515
31.5938227	35.2378235
31.6771837	33.7491455
31.7605447	25.5895691
31.8439057	16.8790894
31.9272667	10.0931702
32.0106277	2.1635437
32.0939887	-2.4323730
32.1773497	-2.0667419
32.2607107	7.5158997
32.3440717	16.6078491
32.4274327	24.9005127
32.5107938	25.7186584
32.5941548	32.0980530
32.6775158	37.6409607
32.7608768	28.4726868
32.8442378	19.3110962
32.9275988	9.1497192
33.0109598	-0.1152954
33.0943208	-2.7510071
33.1776818	-3.7236328
33.2610428	0.6321106
33.3444039	15.0776978
33.4277649	22.9188232
33.5111259	26.6632690
33.5944869	30.9259644
33.6778479	30.8696899
33.7612089	27.2997131
33.8445699	17.2367249
33.9279309	8.9579468
34.0112919	-0.2629395
34.0946529	-1.2972717
34.1780139	-4.4059448
34.2613750	-1.1589355
34.3447360	16.6329346
34.4280970	20.4140625
34.5114580	23.5341492
34.5948190	29.9689941
34.6781800	32.0480042
34.7615410	26.5871887
34.8449020	16.0277710
34.9282630	5.4410706
35.0116240	-0.2401123
35.0949851	-2.3683472
35.1783461	-6.1544189
35.2617071	-1.8346252
35.3450681	12.8570557
35.4284291	24.9186096
35.5117901	25.5101318
35.5951511	32.0798645
35.6785121	31.1146240
35.7618731	27.0686951
35.8452341	14.5235291
35.9285952	5.3440552
36.0119562	0.5847778
36.0953172	-5.3400269
36.1786782	1.9299316
36.2620392	8.4989929
36.3454002	19.8603210
36.4287612	21.5654297
36.5121222	28.5786438
36.5954832	34.8172302
36.6788442	33.2627563
36.7622052	28.1874390
36.8455663	19.0720520
36.9289273	10.4866028
37.0122883	2.2741089
37.0956493	-2.4630127
37.1790103	3.3908386
37.2623713	5.1284485
37.3457323	11.7063599
37.4290933	20.7888184
37.5124543	28.3153992
37.5958153	34.6079407
37.6791764	35.1784668
37.7625374	29.1858826
37.8458984	18.7776489
37.9292594	7.9373474
38.0126204	-0.3351746
38.0959814	-5.0318298
38.1793424	-2.5418091
38.2627034	8.1954956
38.3460644	17.1712036
38.4294254	24.3703613
38.5127864	25.1083679
38.5961475	28.6321106
38.6795085	28.3460083
38.7628695	27.8335571
38.8462305	17.2709351
38.9295915	6.6717834
39.0129525	-1.1158447
39.0963135	-3.6594238
39.1796745	-3.6388245
39.2630355	5.2417603
39.3463965	13.0847168
39.4297576	25.8990479
39.5131186	26.6616211
39.5964796	31.9047546
39.6798406	35.4960022
39.7632016	26.9613342
39.8465626	14.7921753
39.9299236	7.4988098
40.0132846	1.4839478
40.0966456	1.5491638
40.1800066	5.0773926
40.2633677	7.3701172
40.3467287	12.8599854
40.4300897	22.7956238
40.5134507	26.2506409
40.5968117	30.1819153
40.6801727	32.9931030
40.7635337	26.0894470
40.8468947	17.3976135
40.9302557	7.4552307
41.0136167	2.9410095
41.0969777	-0.6608276
41.1803388	6.1313782
41.2636998	9.1859741
41.3470608	20.5115356
41.4304218	21.6373596
41.5137828	25.9404297
41.5971438	33.5344543
41.6805048	31.3722229
41.7638658	27.0570679
41.8472268	19.4736633
41.9305878	7.1434631
42.0139489	2.5955811
42.0973099	-1.6725464
42.1806709	0.0628052
42.2640319	9.8935547
42.3473929	19.7525940
42.4307539	22.5793762
42.5141149	26.2095642
42.5974759	35.2281799
42.6808369	31.7654419
42.7641979	25.5510864
42.8475590	16.4771423
42.9309200	8.0688782
43.0142810	1.2283936
43.0976420	-5.9423523
43.1810030	-1.6515808
43.2643640	4.8650818
43.3477250	14.0890503
43.4310860	22.2489624
43.5144470	27.6119080
43.5978080	33.3834839
43.6811690	32.8329468
43.7645301	28.5225220
43.8478911	17.5451965
43.9312521	7.8410339
44.0146131	1.4226685
44.0979741	-1.7776489
44.1813351	2.5014343
44.2646961	8.8179932
44.3480571	17.4294128
44.4314181	19.5564575
44.5147791	24.7470703
44.5981402	30.6185608
44.6815012	27.4713745
44.7648622	24.2859192
44.8482232	18.1339722
44.9315842	5.9529724
45.0149452	0.1725464
45.0983062	-0.9784241
45.1816672	-4.7449036
45.2650282	1.0190735
45.3483892	18.5132751
45.4317502	25.0963440
45.5151113	25.2495117
45.5984723	32.7260132
45.6818333	32.0248413
45.7651943	28.1493530
45.8485553	19.3808899
45.9319163	11.4364624
46.0152773	4.5744324
46.0986383	-0.5545959
46.1819993	-3.3585205
46.2653603	8.1320496
46.3487214	18.8318176
46.4320824	20.1649780
46.5154434	28.2073059
46.5988044	31.8393555
46.6821654	34.7222900
46.7655264	28.4704285
46.8488874	17.7908936
46.9322484	9.1434631
47.0156094	-0.1347656
47.0989704	-3.5139160
47.1823315	1.1282654
47.2656925	8.8406982
47.3490535	17.5117798
47.4324145	21.5169983
47.5157755	27.4747620
47.5991365	33.7710266
47.6824975	35.6241150
47.7658585	30.5529175
47.8492195	14.2759399
47.9325805	7.5144958
48.0159415	0.5035095
48.0993026	-1.1395264
48.1826636	-4.6390686
48.2660246	1.0986938
48.3493856	13.4952087
48.4327466	26.3679810
48.5161076	27.8465881
48.5994686	35.8864441
48.6828296	31.5446472
48.7661906	28.5100708
48.8495516	17.4576111
48.9329127	9.3003235
49.0162737	2.8041382
49.0996347	-0.0194397
49.1829957	-0.6181641
49.2663567	10.9588928
49.3497177	19.5253296
49.4330787	22.1844788
49.5164397	28.0310669
49.5998007	34.7864685
49.6831617	32.7270203
49.7665227	27.8888245
49.8498838	19.3421631
49.9332448	8.0334167
50.0166058	0.8629761
50.0999668	-3.7564087
50.1833278	-3.1478882
50.2666888	1.6295471
50.3500498	15.6340637
50.4334108	24.7541504
50.5167718	24.9546509
50.6001328	31.2729797
50.6834939	35.0622559
50.7668549	28.7300415
50.8502159	19.6078796
50.9335769	10.7751160
51.0169379	0.0287170
51.1002989	-2.9589233
51.1836599	-1.2112122
51.2670209	5.3076782
51.3503819	18.0650940
51.4337429	21.7601013
51.5171040	27.2820435
51.6004650	31.9198914
51.6838260	34.2481689
51.7671870	27.3689270
51.8505480	13.9651489
51.9339090	9.1163940
52.0172700	3.2185059
52.1006310	2.0710754
52.1839920	0.4315186
52.2673530	5.8559875
52.3507140	17.5097961
52.4340751	23.2102356
52.5174361	27.2984619
52.6007971	32.0308533
52.6841581	35.4896240
52.7675191	27.7715149
52.8508801	17.5264282
52.9342411	9.4635315
53.0176021	0.0882874
53.1009631	-2.7503052
53.1843241	-0.5041199
53.2676852	3.3688660
53.3510462	16.1477356
53.4344072	23.1593933
53.5177682	27.3817749
53.6011292	28.6496887
53.6844902	32.3758240
53.7678512	25.8102112
53.8512122	19.1438599
53.9345732	8.6895447
54.0179342	2.7959290
54.1012953	-0.0876465
54.1846563	-0.1252136
54.2680173	7.7384644
54.3513783	18.8035278
54.4347393	24.5657959
54.5181003	28.0729980
54.6014613	31.7563477
54.6848223	34.4255371
54.7681833	27.3979492
54.8515443	18.6777954
54.9349053	10.1226196
55.0182664	3.3524780
55.1016274	0.4497681
55.1849884	2.6116943
55.2683494	14.3622131
55.3517104	18.9867554
55.4350714	22.6564636
55.5184324	27.0492859
55.6017934	33.1562195
55.6851544	34.3078918
55.7685154	28.2942200
55.8518765	19.7229004
55.9352375	7.1772461
56.0185985	0.5463257
56.1019595	-2.2346802
56.1853205	-0.3381042
56.2686815	1.6931763
56.3520425	16.1722717
56.4354035	21.2782288
56.5187645	25.8357849
56.6021255	36.0726929
56.6854865	31.6789856
56.7688476	27.0296021
56.8522086	17.4177246
56.9355696	4.9416504
57.0189306	0.9510193
57.1022916	1.3240051
57.1856526	3.1818848
57.2690136	5.8161926
57.3523746	14.7200317
57.4357356	19.5216370
57.5190966	27.2131958
57.6024577	36.5832520
57.6858187	35.7389221
57.7691797	28.4030457
57.8525407	17.9355164
57.9359017	7.0117493
58.0192627	0.0829773
58.1026237	-3.5866089
58.1859847	-1.3461609
58.2693457	10.3835144
58.3527067	18.9241943
58.4360678	25.0694275
58.5194288	30.6766357
58.6027898	35.3485413
58.6861508	38.8742065
58.7695118	30.5523682
58.8528728	21.8546448
58.9362338	6.8707581
59.0195948	1.8830566
59.1029558	-1.3873901
59.1863168	7.0082397
59.2696778	5.7967224
59.3530389	14.0421448
59.4363999	24.9571533
59.5197609	28.1235046
59.6031219	32.1245117
59.6864829	35.8577576
59.7698439	31.0814819
59.8532049	14.3089600
59.9365659	8.0872803
60.0199269	1.7014771
60.1032879	-0.8928223
60.1866490	2.4100952
60.2700100	9.0454407
60.3533710	17.0338135
60.4367320	23.0839233
60.5200930	25.7200928
60.6034540	33.6021423
60.6868150	33.0158081
60.7701760	29.6536865
60.8535370	17.3093872
60.9368980	6.7153320
61.0202591	1.0033875
61.1036201	-3.1369629
61.1869811	-4.5470886
61.2703421	2.5295715
61.3537031	17.3223267
61.4370641	22.9389343
61.5204251	28.3213501
61.6037861	31.1683655
61.6871471	34.8465576
61.7705081	28.7649841
61.8538691	20.3330688
61.9372302	6.6903381
62.0205912	-0.0364380
62.1039522	4.6031189
62.1873132	6.2949829
62.2706742	10.3747253
62.3540352	17.1486511
62.4373962	26.3858948
62.5207572	25.6415100
62.6041182	35.7397766
62.6874792	36.7281799
62.7708403	27.0696411
62.8542013	14.5655518
62.9375623	11.2013245
63.0209233	2.1934509
63.1042843	-6.2470398
63.1876453	0.3356934
63.2710063	9.7790833
63.3543673	16.5995483
63.4377283	22.8520508
63.5210893	28.9489441
63.6044503	34.4458618
63.6878114	34.2289124
63.7711724	27.9855652
63.8545334	16.2520447
63.9378944	9.8819580
64.0212554	2.6992493
64.1046164	0.9844666
64.1879774	-0.3307190
64.2713384	5.0217285
64.3546994	15.4726868
64.4380604	24.9521484
64.5214215	28.8226929
64.6047825	37.0068970
64.6881435	39.5678711
64.7715045	32.4150391
64.8548655	19.6084595
64.9382265	9.6697693
65.0215875	1.6869812
65.1049485	1.5724182
65.1883095	3.2660828
65.2716705	7.2780151
65.3550316	20.7723999
65.4383926	22.8470764
65.5217536	27.9042053
65.6051146	34.5957947
65.6884756	35.2586670
65.7718366	28.1321411
65.8551976	18.7905273
65.9385586	11.7210083
66.0219196	2.7129211
66.1052806	-2.9928284
66.1886416	-2.9089661
66.2720027	3.4064941
66.3553637	14.0997925
66.4387247	23.1767273
66.5220857	29.5422058
66.6054467	38.7346802
66.6888077	38.8923035
66.7721687	31.2026367
66.8555297	24.2935791
66.9388907	12.4466858
67.0222517	3.6253967
67.1056128	-0.2178955
67.1889738	1.6933899
67.2723348	7.5454712
67.3556958	13.6679993
67.4390568	24.7958069
67.5224178	29.4262695
67.6057788	33.6264038
67.6891398	37.3548889
67.7725008	27.0796814
67.8558618	21.7205811
67.9392228	7.6118164
68.0225839	3.3585205
68.1059449	0.0172729
68.1893059	5.5513306
68.2726669	11.1581116
68.3560279	18.3854065
68.4393889	22.7861938
68.5227499	26.2768250
68.6061109	35.7701111
68.6894719	37.4382324
68.7728329	28.5542297
68.8561940	19.8431702
68.9395550	9.5252075
69.0229160	4.9351196
69.1062770	1.7554016
69.1896380	1.9135742
69.2729990	13.7257690
69.3563600	17.3797913
69.4397210	22.4799500
69.5230820	29.2438660
69.6064430	36.4084778
69.6898041	36.8931580
69.7731651	33.1243896
69.8565261	16.1947632
69.9398871	8.8761902
70.0232481	1.7383728
70.1066091	0.1331177
70.1899701	3.1523743
70.2733311	13.9980164
70.3566921	17.7419434
70.4400531	21.5510254
70.5234141	29.8067322
70.6067752	32.6675720
70.6901362	38.9936218
70.7734972	31.2860718
70.8568582	19.9049683
70.9402192	11.0878906
71.0235802	3.8922424
71.1069412	1.7628784
71.1903022	4.1707764
71.2736632	4.5333252
71.3570242	14.0650940
71.4403853	24.0618896
71.5237463	28.7230225
71.6071073	34.0320435
71.6904683	35.8478394
71.7738293	30.1553345
71.8571903	17.7327576
71.9405513	9.7776489
72.0239123	3.4474792
72.1072733	1.6931152
72.1906343	5.8410034
72.2739954	6.7491150
72.3573564	16.4831543
72.4407174	26.9586487
72.5240784	28.7267456
72.6074394	35.5697632
72.6908004	35.8227539
72.7741614	30.2898865
72.8575224	18.2703247
72.9408834	10.8440247
73.0242444	2.1119080
73.1076054	-2.3124390
73.1909665	-0.5850830
73.2743275	9.3728333
73.3576885	15.7143860
73.4410495	22.4486694
73.5244105	28.5643005
73.6077715	33.0427246
73.6911325	34.7482300
73.7744935	31.7129517
73.8578545	19.5851746
73.9412155	8.6998596
74.0245766	4.4189453
74.1079376	0.9962769
74.1912986	3.1228638
74.2746596	10.4244690
74.3580206	17.0100098
74.4413816	22.7014160
74.5247426	28.8432617
74.6081036	33.4370117
74.6914646	33.0020142
74.7748256	27.5234680
74.8581866	19.4948425
74.9415477	9.1364136
75.0249087	-0.2429504
75.1082697	-2.2265320
75.1916307	-0.9006958
75.2749917	9.9313965
75.3583527	17.2083435
75.4417137	25.3234253
75.5250747	30.1037292
75.6084357	35.8931580
75.6917967	38.5870667
75.7751578	31.1504211
75.8585188	19.7212830
75.9418798	9.7796326
76.0252408	5.8054810
76.1086018	-0.7019348
76.1919628	-2.0732727
76.2753238	8.8081665
76.3586848	19.0910034
76.4420458	25.9103699
76.5254068	29.9671021
76.6087679	35.5634766
76.6921289	32.7982483
76.7754899	28.0126648
76.8588509	17.9962463
76.9422119	9.2069092
77.0255729	1.9489746
77.1089339	0.9882507
77.1922949	-1.3722839
77.2756559	8.7384033
77.3590169	17.5298157
77.4423779	22.8905334
77.5257390	26.7319946
77.6091000	33.7572021
77.6924610	37.2345276
77.7758220	31.5455933
77.8591830	17.9986267
77.9425440	8.6731262
78.0259050	1.6993103
78.1092660	-0.2015991
78.1926270	4.8289490
78.2759880	6.7803955
78.3593491	17.3929138
78.4427101	24.4779663
78.5260711	30.6145630
78.6094321	35.8793030
78.6927931	37.1976318
78.7761541	28.8130798
78.8595151	21.7331238
78.9428761	9.2033997
79.0262371	4.6092529
79.1095981	3.7852478
79.1929591	7.4073181
79.2763202	9.7861938
79.3596812	15.0397339
79.4430422	23.8374023
79.5264032	31.3029785
79.6097642	36.4255066
79.6931252	34.8217468
79.7764862	28.8487549
79.8598472	16.1578064
79.9432082	10.9665222
80.0265692	3.1308899
80.1099303	-0.0882568
80.1932913	-1.3196716
80.2766523	4.8309021
80.3600133	13.6333618
80.4433743	23.9010315
80.5267353	32.8292847
80.6100963	36.5039368
80.6934573	39.3216248
80.7768183	29.3254700
80.8601793	17.0184631
80.9435404	10.4362793
