# time(yr)	moisture(mm/m)
0.0000000	313.3445435
0.0833610	377.7677612
0.1667220	381.5087891
0.2500830	388.6493530
0.3334440	355.5040283
0.4168050	294.6210938
0.5001661	259.1836853
0.5835271	247.3290863
0.6668881	253.3127441
0.7502491	308.0447693
0.8336101	309.3118896
0.9169711	336.0919189
1.0003321	334.4559326
1.0836931	372.8511353
1.1670541	375.4351501
1.2504151	376.6241760
1.3337762	382.7468872
1.4171372	307.7550964
1.5004982	215.1872253
1.5838592	187.0627289
1.6672202	168.4326172
1.7505812	201.9911652
1.8339422	270.1995239
1.9173032	306.3780212
2.0006642	360.5202637
2.0840252	388.1424255
2.1673863	389.1347656
2.2507473	411.2637939
2.3341083	326.4705811
2.4174693	297.0841980
2.5008303	244.0721436
2.5841913	215.0132904
2.6675523	191.1351471
2.7509133	218.8690643
2.8342743	254.5143738
2.9176353	275.5465088
3.0009963	284.3313599
3.0843574	323.5278931
3.1677184	344.2004700
3.2510794	351.3550415
3.3344404	319.0466919
3.4178014	309.8115540
3.5011624	245.0482635
3.5845234	191.7550812
3.6678844	198.0479279
3.7512454	203.2729950
3.8346064	257.1957703
3.9179675	299.7063599
4.0013285	295.2337036
4.0846895	333.3099670
4.1680505	347.1123047
4.2514115	376.9542542
4.3347725	327.3992920
4.4181335	323.5155029
4.5014945	294.1811523
4.5848555	235.1288910
4.6682165	220.9815521
4.7515775	324.6036072
4.8349386	333.1339722
4.9182996	325.2436523
5.0016606	340.3005981
5.0850216	379.0161133
5.1683826	402.5200500
5.2517436	351.4647522
5.3351046	347.1574402
5.4184656	319.9508972
5.5018266	291.9717102
5.5851876	239.4800720
5.6685487	198.0411530
5.7519097	269.6370544
5.8352707	259.8566284
5.9186317	275.9303894
6.0019927	278.8918152
6.0853537	316.3406067
6.1687147	346.6342773
6.2520757	308.2018738
6.3354367	293.9682312
6.4187977	276.6548157
6.5021588	240.6711121
6.5855198	183.4387665
6.6688808	164.9129791
6.7522418	195.8894806
6.8356028	240.1918182
6.9189638	323.8817749
7.0023248	321.5331116
7.0856858	414.8667603
7.1690468	474.3971252
7.2524078	470.5347290
7.3357688	353.9416504
7.4191299	329.9721375
7.5024909	275.9025269
7.5858519	251.2838287
7.6692129	262.5293579
7.7525739	260.0740356
7.8359349	295.0987549
7.9192959	284.5193176
8.0026569	317.1651917
8.0860179	363.6836548
8.1693789	363.7407227
8.2527400	402.0135498
8.3361010	382.7831726
8.4194620	328.4852905
8.5028230	268.1712646
8.5861840	228.1457367
8.6695450	203.8263550
8.7529060	270.8374939
8.8362670	318.9269104
8.9196280	324.7040405
9.0029890	331.4296265
9.0863500	367.0024719
9.1697111	420.6539001
9.2530721	426.6332397
9.3364331	334.9891357
9.4197941	270.3299561
9.5031551	225.2187500
9.5865161	173.6067657
9.6698771	200.6423035
9.7532381	209.3503418
9.8365991	216.8507080
9.9199601	209.6953888
10.0033212	231.7964935
10.0866822	253.3092499
10.1700432	273.5862427
10.2534042	346.1724854
10.3367652	327.3627930
10.4201262	302.9068298
10.5034872	262.6565247
10.5868482	204.0027008
10.6702092	172.4317322
10.7535702	193.7746582
10.8369313	240.4811554
10.9202923	279.7699890
11.0036533	319.7306519
11.0870143	387.9541016
11.1703753	390.3129578
11.2537363	371.4157410
11.3370973	330.2777710
11.4204583	323.9063721
11.5038193	249.3614655
11.5871803	182.4970551
11.6705413	196.7304230
11.7539024	179.1620178
11.8372634	202.5975494
11.9206244	227.0439453
12.0039854	281.8783875
12.0873464	302.3171082
12.1707074	345.8912964
12.2540684	363.4729919
12.3374294	313.2942505
12.4207904	291.8661194
12.5041514	242.0310822
12.5875125	186.2243042
12.6708735	196.1636810
12.7542345	268.9995117
12.8375955	318.8867493
12.9209565	321.5299377
13.0043175	314.9843445
13.0876785	397.4518433
13.1710395	406.8488159
13.2544005	331.4790955
13.3377615	314.0663452
13.4211226	304.1980286
13.5044836	227.2991028
13.5878446	171.2709351
13.6712056	186.0404968
13.7545666	234.2158508
13.8379276	277.5097046
13.9212886	297.7694092
14.0046496	326.5099792
14.0880106	369.6243591
14.1713716	370.0837402
14.2547326	379.7817688
14.3380937	388.4051208
14.4214547	330.0304871
14.5048157	286.0242310
14.5881767	269.5515137
14.6715377	220.3817749
14.7548987	234.7034149
14.8382597	248.8972626
14.9216207	319.0089722
15.0049817	346.1712646
15.0883427	374.0427856
15.1717038	367.0113220
15.2550648	358.4137268
15.3384258	337.5173035
15.4217868	310.0997925
15.5051478	252.7046204
15.5885088	253.5598297
15.6718698	189.0976715
15.7552308	203.9615479
15.8385918	281.4858093
15.9219528	332.6075439
16.0053138	333.5462036
16.0886749	342.5197754
16.1720359	379.1720886
16.2553969	395.2814331
16.3387579	317.5439148
16.4221189	283.1263123
16.5054799	320.0397339
16.5888409	276.2392578
16.6722019	228.3470001
16.7555629	259.9885559
16.8389239	287.7648926
16.9222850	322.7093811
17.0056460	311.4642639
17.0890070	345.5703125
17.1723680	375.8859863
17.2557290	390.9320679
17.3390900	332.3830566
17.4224510	304.1533813
17.5058120	278.3324280
17.5891730	199.7542725
17.6725340	201.5979004
17.7558951	218.0872192
17.8392561	273.8522949
17.9226171	294.9409485
18.0059781	282.0183411
18.0893391	310.1752319
18.1727001	328.4690247
18.2560611	432.4415588
18.3394221	320.6473999
18.4227831	327.6082458
18.5061441	262.3728943
18.5895051	222.2381134
18.6728662	167.4653931
18.7562272	245.1872101
18.8395882	287.9224548
18.9229492	310.5391846
19.0063102	312.0722351
19.0896712	345.2830200
19.1730322	382.3822021
19.2563932	396.8490295
19.3397542	352.0724182
19.4231152	313.0213013
19.5064763	239.0955200
19.5898373	239.6181183
19.6731983	224.9037018
19.7565593	265.3879395
19.8399203	295.0685425
19.9232813	332.7019958
20.0066423	327.8836060
20.0900033	357.2472534
20.1733643	363.2720032
20.2567253	407.7538757
20.3400864	331.4800415
20.4234474	331.8197327
20.5068084	282.2416992
20.5901694	189.7511597
20.6735304	164.7222290
20.7568914	209.9789276
20.8402524	257.6000366
20.9236134	301.8641663
21.0069744	319.9797974
21.0903354	433.7321472
21.1736964	446.7164917
21.2570575	335.4749146
21.3404185	334.5044250
21.4237795	285.6483459
21.5071405	247.0923767
21.5905015	182.3148193
21.6738625	180.9797058
21.7572235	267.3833008
21.8405845	279.0561829
21.9239455	278.3540649
22.0073065	304.5384216
22.0906676	328.7663269
22.1740286	389.3930359
22.2573896	314.8515015
22.3407506	305.0914001
22.4241116	271.5046997
22.5074726	224.8667297
22.5908336	163.1698608
22.6741946	163.0799255
22.7575556	251.6708679
22.8409166	307.7442017
22.9242776	329.8225403
23.0076387	327.9638672
23.0909997	355.8242493
23.1743607	395.5564575
23.2577217	318.5697632
23.3410827	302.7779846
23.4244437	291.7336426
23.5078047	245.4997253
23.5911657	194.5189056
23.6745267	173.4496460
23.7578877	174.6738281
23.8412488	208.5357361
23.9246098	302.6327209
24.0079708	305.0567932
24.0913318	329.5555420
24.1746928	413.2953796
24.2580538	390.7150574
24.3414148	329.6528015
24.4247758	292.6431885
24.5081368	230.1690063
24.5914978	217.6694641
24.6748589	199.0039673
24.7582199	230.1426849
24.8415809	304.5445251
24.9249419	334.6056824
25.0083029	338.0626526
25.0916639	414.6896667
25.1750249	418.7670288
25.2583859	430.4898376
25.3417469	337.9821777
25.4251079	318.5194702
25.5084689	224.9990692
25.5918300	271.9111328
25.6751910	202.2139587
25.7585520	213.2448883
25.8419130	215.4817047
25.9252740	258.1454468
26.0086350	293.1918030
26.0919960	338.7341003
26.1753570	380.6157837
26.2587180	365.5021973
26.3420790	324.9158325
26.4254401	295.0466309
26.5088011	237.6979370
26.5921621	205.3040771
26.6755231	171.2908630
26.7588841	194.3785095
26.8422451	238.9284515
26.9256061	265.2053528
27.0089671	279.9417725
27.0923281	298.8296814
27.1756891	340.8007507
27.2590501	320.2229919
27.3424112	298.1071777
27.4257722	290.7891235
27.5091332	215.7169952
27.5924942	172.7317963
27.6758552	276.0258484
27.7592162	239.9181671
27.8425772	242.3808136
27.9259382	300.9603577
28.0092992	329.4132385
28.0926602	423.0314941
28.1760213	437.9619751
28.2593823	440.1268005
28.3427433	373.3423767
28.4261043	317.2850647
28.5094653	268.4417725
28.5928263	207.0802612
28.6761873	182.5468140
28.7595483	207.4947205
28.8429093	260.7395935
28.9262703	296.1545105
29.0096314	316.1358032
29.0929924	319.8350830
29.1763534	348.7527771
29.2597144	379.8161926
29.3430754	335.0884399
29.4264364	312.9208984
29.5097974	277.2861023
29.5931584	205.9553986
29.6765194	187.2565155
29.7598804	203.7850342
29.8432414	244.2762909
29.9266025	317.8800659
30.0099635	313.4621887
30.0933245	382.0860291
30.1766855	474.3971252
30.2600465	474.2154541
30.3434075	344.1922913
30.4267685	314.5707092
30.5101295	262.6086426
30.5934905	191.9403992
30.6768515	167.0974274
30.7602126	210.2687225
30.8435736	257.0045166
30.9269346	264.2650757
31.0102956	310.5054932
31.0936566	357.6814575
31.1770176	364.9392700
31.2603786	366.2902527
31.3437396	325.5703735
31.4271006	311.2597046
31.5104616	232.3093872
31.5938227	179.0240479
31.6771837	182.7292786
31.7605447	231.7515411
31.8439057	283.2813721
31.9272667	312.5475159
32.0106277	327.7175903
32.0939887	333.0600586
32.1773497	382.3457031
32.2607107	355.7395020
32.3440717	329.9107361
32.4274327	253.3030548
32.5107938	195.2599792
32.5941548	179.3303223
32.6775158	178.9161530
32.7608768	210.5279541
32.8442378	222.3971863
32.9275988	294.7557068
33.0109598	316.3897705
33.0943208	336.4488831
33.1776818	366.8221436
33.2610428	381.4101562
33.3444039	320.8467407
33.4277649	274.6205444
33.5111259	249.6629181
33.5944869	225.8592987
33.6778479	234.4951477
33.7612089	247.3978119
33.8445699	299.9472351
33.9279309	325.5584412
34.0112919	346.6565857
34.0946529	364.2593994
34.1780139	368.8741760
34.2613750	392.1672058
34.3447360	340.0776672
34.4280970	305.1829529
34.5114580	286.7796021
34.5948190	244.4713135
34.6781800	186.9037476
34.7615410	246.5478668
34.8449020	316.0353699
34.9282630	324.5692139
35.0116240	318.6143188
35.0949851	359.8093262
35.1783461	423.1641541
35.2617071	437.3701782
35.3450681	355.1609802
35.4284291	305.2756348
35.5117901	221.5748444
35.5951511	177.6433716
35.6785121	166.3035583
35.7618731	185.8170166
35.8452341	232.5714569
35.9285952	293.5289307
36.0119562	318.6206055
36.0953172	357.4360962
36.1786782	361.2928467
36.2620392	336.1278992
36.3454002	321.6245728
36.4287612	309.3915710
36.5121222	250.3477020
36.5954832	200.3467102
36.6788442	205.4012604
36.7622052	200.2959595
36.8455663	305.4872742
36.9289273	301.2289429
37.0122883	312.9676819
37.0956493	348.8847656
37.1790103	325.8622742
37.2623713	330.9408875
37.3457323	316.2657471
37.4290933	281.7943726
37.5124543	215.3605957
37.5958153	178.4864960
37.6791764	163.6651001
37.7625374	192.2830505
37.8458984	263.1638794
37.9292594	277.6039734
38.0126204	298.7213135
38.0959814	360.7859497
38.1793424	471.1926880
38.2627034	380.2244873
38.3460644	320.6319580
38.4294254	303.8059692
38.5127864	297.0666504
38.5961475	244.5181274
38.6795085	280.3418274
38.7628695	290.1015625
38.8462305	294.2373657
38.9295915	304.0036926
39.0129525	322.6200256
39.0963135	367.2411804
39.1796745	378.5301208
39.2630355	373.7288208
39.3463965	314.1587830
39.4297576	295.3462219
39.5131186	217.7013245
39.5964796	193.4671326
39.6798406	167.3257446
39.7632016	227.8137207
39.8465626	312.8786926
39.9299236	331.4609375
40.0132846	311.9430847
40.0966456	310.9211121
40.1800066	315.2889709
40.2633677	338.1110535
40.3467287	337.3348083
40.4300897	293.0553589
40.5134507	232.6957550
40.5968117	215.5802460
40.6801727	205.3988647
40.7635337	215.8496094
40.8468947	254.6416779
40.9302557	278.7102661
41.0136167	307.1146240
41.0969777	316.2068787
41.1803388	343.0334473
41.2636998	326.2000732
41.3470608	323.6486206
41.4304218	284.4663696
41.5137828	279.3948669
41.5971438	208.2554779
41.6805048	199.7380829
41.7638658	205.0249176
41.8472268	222.8975220
41.9305878	270.3415833
42.0139489	292.9191284
42.0973099	310.4905396
42.1806709	346.1435852
42.2640319	309.4198303
42.3473929	313.0956116
42.4307539	321.6158142
42.5141149	276.8557434
42.5974759	210.6073151
42.6808369	237.4381104
42.7641979	230.7080383
42.8475590	230.4008026
42.9309200	279.0414429
43.0142810	297.1348267
43.0976420	326.7019958
43.1810030	412.4225159
43.2643640	365.1426392
43.3477250	334.2475891
43.4310860	274.0777893
43.5144470	254.9158936
43.5978080	190.6707611
43.6811690	225.9664612
43.7645301	254.8946075
43.8478911	256.3101807
43.9312521	298.0161743
44.0146131	327.6766052
44.0979741	385.8945007
44.1813351	350.8456421
44.2646961	302.4333191
44.3480571	339.1664429
44.4314181	293.7995911
44.5147791	256.5543823
44.5981402	220.6550903
44.6815012	228.0349731
44.7648622	224.2251587
44.8482232	277.3948364
44.9315842	306.3132019
45.0149452	315.6976624
45.0983062	337.3418579
45.1816672	370.5997925
45.2650282	407.0244446
45.3483892	338.3601074
45.4317502	303.1224670
45.5151113	268.6460571
45.5984723	195.1286469
45.6818333	231.6960144
45.7651943	218.0917206
45.8485553	236.9916534
45.9319163	321.7698975
46.0152773	326.0097656
46.0986383	331.8353882
46.1819993	402.7514954
46.2653603	353.8519592
46.3487214	326.9777527
46.4320824	309.0130920
46.5154434	222.3530579
46.5988044	184.1640778
46.6821654	173.4713593
46.7655264	198.3345032
46.8488874	200.4436035
46.9322484	245.4319153
47.0156094	308.1952820
47.0989704	379.9860840
47.1823315	418.3483276
47.2656925	329.4314270
47.3490535	323.0781860
47.4324145	309.7396851
47.5157755	239.5257263
47.5991365	187.7314453
47.6824975	180.0281372
47.7658585	213.3541718
47.8492195	259.0425110
47.9325805	287.1476440
48.0159415	304.3454285
48.0993026	315.4652710
48.1826636	335.4349976
48.2660246	363.1919556
48.3493856	346.5945435
48.4327466	298.8870850
48.5161076	228.0893097
48.5994686	185.9306030
48.6828296	170.0626221
48.7661906	196.4864807
48.8495516	194.5890503
48.9329127	195.9966125
49.0162737	225.8861389
49.0996347	271.0120544
49.1829957	311.2445068
49.2663567	309.5036621
49.3497177	336.8629150
49.4330787	320.4846497
49.5164397	213.6250305
49.5998007	169.4147186
49.6831617	175.6079407
49.7665227	274.5867310
49.8498838	311.4943848
49.9332448	321.1678162
50.0166058	337.1888123
50.0999668	427.4230347
50.1833278	437.6046448
50.2666888	422.2532959
50.3500498	339.6595764
50.4334108	296.7875366
50.5167718	293.0384216
50.6001328	252.3589172
50.6834939	186.6704407
50.7668549	219.7292480
50.8502159	253.0734863
50.9335769	247.3104706
51.0169379	265.4668884
51.1002989	319.3013611
51.1836599	341.2406311
51.2670209	312.4182434
51.3503819	317.2969055
51.4337429	304.6843872
51.5171040	261.3185120
51.6004650	236.7172852
51.6838260	232.5666656
51.7671870	221.2183838
51.8505480	271.6963501
51.9339090	316.9710388
52.0172700	324.4418640
52.1006310	348.5787964
52.1839920	325.1484070
52.2673530	334.1778870
52.3507140	313.8437805
52.4340751	295.8845825
52.5174361	263.7059937
52.6007971	220.1920166
52.6841581	184.9306183
52.7675191	224.8534393
52.8508801	246.2087860
52.9342411	288.2450562
53.0176021	322.4561157
53.1009631	302.8166504
53.1843241	367.8636780
53.2676852	387.2356567
53.3510462	316.8785095
53.4344072	307.2796326
53.5177682	285.6049194
53.6011292	221.9673767
53.6844902	230.5667572
53.7678512	264.7689209
53.8512122	324.4169617
53.9345732	340.3110352
54.0179342	331.1427917
54.1012953	314.8903809
54.1846563	346.0872803
54.2680173	314.6159058
54.3513783	294.5527344
54.4347393	316.5010376
54.5181003	285.2641907
54.6014613	272.4463196
54.6848223	207.5723724
54.7681833	254.2461090
54.8515443	301.7203674
54.9349053	286.1650696
55.0182664	316.7597656
55.1016274	323.5705566
55.1849884	305.1106567
55.2683494	299.5138245
55.3517104	325.4708252
55.4350714	293.4538574
55.5184324	274.8784485
55.6017934	217.4695587
55.6851544	196.8571014
55.7685154	225.5484772
55.8518765	224.3089905
55.9352375	303.6330261
56.0185985	306.5724182
56.1019595	346.2398987
56.1853205	376.9092407
56.2686815	421.8550720
56.3520425	322.8092041
56.4354035	287.9851685
56.5187645	224.7588348
56.6021255	206.5589752
56.6854865	204.2028809
56.7688476	207.3415527
56.8522086	217.2907867
56.9355696	270.4759216
57.0189306	283.6390076
57.1022916	322.9986267
57.1856526	302.7450562
57.2690136	304.3677673
57.3523746	319.6420288
57.4357356	291.1687012
57.5190966	245.2889709
57.6024577	217.6213684
57.6858187	190.9407196
57.7691797	186.2418213
57.8525407	267.7490540
57.9359017	293.0174255
58.0192627	333.2635193
58.1026237	339.7235413
58.1859847	370.6049500
58.2693457	330.0346680
58.3527067	311.3923645
58.4360678	284.5959167
58.5194288	225.3046417
58.6027898	178.4214630
58.6861508	166.5119629
58.7695118	188.5609741
58.8528728	210.8095703
58.9362338	311.1002808
59.0195948	334.3873901
59.1029558	346.7583313
59.1863168	343.8560181
59.2696778	325.1308289
59.3530389	329.0745850
59.4363999	320.0665588
59.5197609	298.3946228
59.6031219	258.5892334
59.6864829	202.7290802
59.7698439	187.7676544
59.8532049	262.7220764
59.9365659	337.8188477
60.0199269	327.8740234
60.1032879	323.7377930
60.1866490	324.7787476
60.2700100	300.5774536
60.3533710	320.8958740
60.4367320	288.2557068
60.5200930	249.9596252
60.6034540	188.1304932
60.6868150	180.4145355
60.7701760	192.0831909
60.8535370	263.6156006
60.9368980	302.4541626
61.0202591	315.0079651
61.1036201	331.7986145
61.1869811	375.1753540
61.2703421	376.6601562
61.3537031	318.1361084
61.4370641	304.2573242
61.5204251	243.8241425
61.6037861	229.6280518
61.6871471	186.7120056
61.7705081	213.6200409
61.8538691	228.2073517
61.9372302	302.9650879
62.0205912	301.0952454
62.1039522	301.8416443
62.1873132	302.4651794
62.2706742	296.3010559
62.3540352	318.1002502
62.4373962	308.0548706
62.5207572	259.7883301
62.6041182	224.2216339
62.6874792	178.2660370
62.7708403	199.6307678
62.8542013	220.6942139
62.9375623	257.8765259
63.0209233	270.0336609
63.1042843	316.5069580
63.1876453	346.9662781
63.2710063	337.5415344
63.3543673	331.5100098
63.4377283	330.4338989
63.5210893	255.9146576
63.6044503	190.4877930
63.6878114	177.3115234
63.7711724	231.6286469
63.8545334	296.8448792
63.9378944	297.5595703
64.0212554	321.7262268
64.1046164	322.8487244
64.1879774	317.9862366
64.2713384	315.2003784
64.3546994	305.0780334
64.4380604	245.7293701
64.5214215	206.7821960
64.6047825	172.5153961
64.6881435	167.1490021
64.7715045	175.5926208
64.8548655	209.3774109
64.9382265	268.3315430
65.0215875	282.6929626
65.1049485	302.2812500
65.1883095	323.5436401
65.2716705	347.0750427
65.3550316	308.7720032
65.4383926	273.2271118
65.5217536	257.6218262
65.6051146	204.7636871
65.6884756	198.3315430
65.7718366	224.9947205
65.8551976	253.8242340
65.9385586	293.0363464
66.0219196	336.3980408
66.1052806	423.9327087
66.1886416	466.7946472
66.2720027	347.5652161
66.3553637	326.8173523
66.4387247	292.9194031
66.5220857	257.2647095
66.6054467	198.1188660
66.6888077	174.7678223
66.7721687	180.5843048
66.8555297	222.5262146
66.9388907	265.8973083
67.0222517	312.9787903
67.1056128	357.4895630
67.1889738	329.3572083
67.2723348	328.0370789
67.3556958	334.4276733
67.4390568	321.1667786
67.5224178	284.7343445
67.6057788	212.3906097
67.6891398	211.1058807
67.7725008	205.6342926
67.8558618	224.8480225
67.9392228	280.1086426
68.0225839	290.1161499
68.1059449	289.3858032
68.1893059	298.6317444
68.2726669	315.5077209
68.3560279	314.3425598
68.4393889	294.5355530
68.5227499	252.3043823
68.6061109	195.3205414
68.6894719	172.7698212
68.7728329	230.6331787
68.8561940	223.3509521
68.9395550	227.0468140
69.0229160	245.0002441
69.1062770	256.2372437
69.1896380	278.6721802
69.2729990	298.0349731
69.3563600	305.4756165
69.4397210	314.2782898
69.5230820	250.4007263
69.6064430	220.4592743
69.6898041	179.4816589
69.7731651	192.7979889
69.8565261	254.3015747
69.9398871	279.4721069
70.0232481	298.2953796
70.1066091	323.3280334
70.1899701	328.4566345
70.2733311	322.9052734
70.3566921	322.3385315
70.4400531	316.3612976
70.5234141	238.8735962
70.6067752	223.2503662
70.6901362	190.3664246
70.7734972	177.1515045
70.8568582	244.3212280
70.9402192	293.9300232
71.0235802	292.5859070
71.1069412	295.7994690
71.1903022	311.3896484
71.2736632	337.0461426
71.3570242	336.5285034
71.4403853	327.0274658
71.5237463	265.0833740
71.6071073	197.5043945
71.6904683	192.1852722
71.7738293	251.5743103
71.8571903	252.6512756
71.9405513	275.5737305
72.0239123	306.1860962
72.1072733	310.8954773
72.1906343	329.1306152
72.2739954	324.8082581
72.3573564	318.8057251
72.4407174	289.4193420
72.5240784	266.6606140
72.6074394	245.8216705
72.6908004	209.3827515
72.7741614	244.9310303
72.8575224	240.6687164
72.9408834	276.9837646
73.0242444	312.2913513
73.1076054	381.4841919
73.1909665	417.2377014
73.2743275	321.7107239
73.3576885	327.2686462
73.4410495	309.1015015
73.5244105	253.0272064
73.6077715	200.7261353
73.6911325	178.2929077
73.7744935	193.5373688
73.8578545	268.3106079
73.9412155	310.9659424
74.0245766	329.9849243
74.1079376	323.1381531
74.1912986	333.5364380
74.2746596	305.8560181
74.3580206	323.5037231
74.4413816	294.8748474
74.5247426	252.1118469
74.6081036	222.1092682
74.6914646	200.9280090
74.7748256	264.9047241
74.8581866	326.2688293
74.9415477	322.8918152
75.0249087	305.4492493
75.1082697	320.3728943
75.1916307	362.6357727
75.2749917	337.9444275
75.3583527	316.1013184
75.4417137	267.5110779
75.5250747	226.2976990
75.6084357	189.8099213
75.6917967	202.9555664
75.7751578	275.7950134
75.8585188	317.3908386
75.9418798	338.2754822
76.0252408	324.6192627
76.1086018	324.9942627
76.1919628	321.2912598
76.2753238	340.9241638
76.3586848	326.5755615
76.4420458	320.2845764
76.5254068	238.3833466
76.6087679	194.2428284
76.6921289	203.2018585
76.7754899	244.1349487
76.8588509	298.5481567
76.9422119	327.8358154
77.0255729	315.1343994
77.1089339	326.8611755
77.1922949	364.9753723
77.2756559	323.5769653
77.3590169	334.6769104
77.4423779	321.4617004
77.5257390	301.0289307
77.6091000	226.8508606
77.6924610	184.7603760
77.7758220	196.0167847
77.8591830	246.1863403
77.9425440	291.1525574
78.0259050	331.3489685
78.1092660	328.7751160
78.1926270	308.6954346
78.2759880	308.8037720
78.3593491	302.4489746
78.4427101	297.0231628
78.5260711	228.3902435
78.6094321	205.4994965
78.6927931	211.8326721
78.7761541	252.0545654
78.8595151	268.2573242
78.9428761	273.9016113
79.0262371	300.4266357
79.1095981	321.8819275
79.1929591	338.7245789
79.2763202	322.6735840
79.3596812	306.5567627
79.4430422	311.7409973
79.5264032	220.9951782
79.6097642	216.7424011
79.6931252	199.8601990
79.7764862	196.9624329
79.8598472	238.3286133
79.9432082	303.1101379
80.0265692	325.5466309
80.1099303	351.5048828
80.1932913	355.4196167
80.2766523	357.7835693
80.3600133	338.7275391
80.4433743	335.4635925
80.5267353	251.9797058
80.6100963	188.5612488
80.6934573	170.4049683
80.7768183	252.3512268
80.8601793	303.2443848
80.9435404	329.1699524
