# time(yr)	runoff(mm/month)
0.0000000	29.5582425
0.0833610	31.3113330
0.1667220	31.8507721
0.2500830	35.2109045
0.3334440	34.3164181
0.4168050	33.5015180
0.5001661	39.3172562
0.5835271	42.9138344
0.6668881	30.7104574
0.7502491	41.6012237
0.8336101	40.4869230
0.9169711	40.1138911
1.0003321	54.0080240
1.0836931	45.3616137
1.1670541	63.3193938
1.2504151	66.9595182
1.3337762	60.2275230
1.4171372	64.2357098
1.5004982	59.5874719
1.5838592	53.7211319
1.6672202	56.3795269
1.7505812	51.0039903
1.8339422	56.3662971
1.9173032	46.3994164
2.0006642	53.6825176
2.0840252	47.2799186
2.1673863	57.1361849
2.2507473	43.1458178
2.3341083	51.3234901
2.4174693	47.3213053
2.5008303	41.1413401
2.5841913	41.0711553
2.6675523	38.5007624
2.7509133	39.2438559
2.8342743	32.6167796
2.9176353	38.7504098
3.0009963	30.7890464
3.0843574	30.0680725
3.1677184	30.9784572
3.2510794	37.9210870
3.3344404	31.4983039
3.4178014	29.2778521
3.5011624	36.7509888
3.5845234	33.2169126
3.6678844	32.8825210
3.7512454	32.8459128
3.8346064	28.8964090
3.9179675	34.4307125
4.0013285	33.0508307
4.0846895	28.4675182
4.1680505	24.3971288
4.2514115	24.6865009
4.3347725	26.9095553
4.4181335	22.6226283
4.5014945	23.6667536
4.5848555	24.7766813
4.6682165	31.9307685
4.7515775	30.3614192
4.8349386	21.2938905
4.9182996	20.4612226
5.0016606	24.7021541
5.0850216	25.7985338
5.1683826	24.7914293
5.2517436	28.5783542
5.3351046	33.5150495
5.4184656	47.5547266
5.5018266	50.9935800
5.5851876	43.6957921
5.6685487	48.8754893
5.7519097	40.4526604
5.8352707	36.7931228
5.9186317	44.1755016
6.0019927	45.3583510
6.0853537	46.0608263
6.1687147	49.9294921
6.2520757	54.1715199
6.3354367	59.6796985
6.4187977	53.0279496
6.5021588	58.0110906
6.5855198	50.5805240
6.6688808	46.6909526
6.7522418	61.0141059
6.8356028	39.3430628
6.9189638	49.8718346
7.0023248	51.4231048
7.0856858	42.7981280
7.1690468	43.6888236
7.2524078	45.3976255
7.3357688	49.2295440
7.4191299	41.7625271
7.5024909	47.0665918
7.5858519	47.0242056
7.6692129	43.0560664
7.7525739	43.9071481
7.8359349	40.6410976
7.9192959	43.2756215
8.0026569	46.5241894
8.0860179	53.0957110
8.1693789	54.8782762
8.2527400	54.5308175
8.3361010	56.9857538
8.4194620	55.1389209
8.5028230	48.0444173
8.5861840	50.9036448
8.6695450	44.3632551
8.7529060	44.6273888
8.8362670	36.7986061
8.9196280	38.1638979
9.0029890	44.1375520
9.0863500	32.6237905
9.1697111	46.3688691
9.2530721	38.1336995
9.3364331	45.4492150
9.4197941	50.3196294
9.5031551	45.2261286
9.5865161	41.3778874
9.6698771	38.8290955
9.7532381	40.3043982
9.8365991	42.4317865
9.9199601	38.9519024
10.0033212	52.3512691
10.0866822	42.8188921
10.1700432	41.6613612
10.2534042	37.8977086
10.3367652	45.6585389
10.4201262	42.7941582
10.5034872	51.2040354
10.5868482	33.5826978
10.6702092	39.0617365
10.7535702	30.0275534
10.8369313	28.2556460
10.9202923	32.4456127
11.0036533	32.8500335
11.0870143	33.8668176
11.1703753	27.2269947
11.2537363	23.1318737
11.3370973	26.6054352
11.4204583	23.7582636
11.5038193	26.7317099
11.5871803	23.2411774
11.6705413	27.0301086
11.7539024	28.5661004
11.8372634	22.5238269
11.9206244	19.9015309
12.0039854	28.9034930
12.0873464	22.1467167
12.1707074	18.8888075
12.2540684	23.2080228
12.3374294	21.5329107
12.4207904	22.1914580
12.5041514	22.8379589
12.5875125	34.3616875
12.6708735	23.5300073
12.7542345	20.2161226
12.8375955	19.2902651
12.9209565	29.6744864
13.0043175	21.2316030
13.0876785	24.1156210
13.1710395	29.0563593
13.2544005	32.1443310
13.3377615	36.1178073
13.4211226	36.6442736
13.5044836	37.4678914
13.5878446	39.1414099
13.6712056	32.9741441
13.7545666	33.6965630
13.8379276	33.5496705
13.9212886	47.7376616
14.0046496	36.2377358
14.0880106	39.5121457
14.1713716	42.8874692
14.2547326	51.9087974
14.3380937	37.6503668
14.4214547	39.5511679
14.5048157	41.1652348
14.5881767	42.9865936
14.6715377	42.7073536
14.7548987	42.3819508
14.8382597	48.6187390
14.9216207	31.2500167
15.0049817	39.8988482
15.0883427	35.6605640
15.1717038	53.9186593
15.2550648	45.3733630
15.3384258	45.2738049
15.4217868	48.3732666
15.5051478	45.1618514
15.5885088	38.1545579
15.6718698	38.6128856
15.7552308	33.6089263
15.8385918	30.0379472
15.9219528	29.8549296
16.0053138	35.5324481
16.0886749	33.6919072
16.1720359	28.0327057
16.2553969	29.4648584
16.3387579	24.4410191
16.4221189	24.9805124
16.5054799	22.3615687
16.5888409	26.9020823
16.6722019	23.8818885
16.7555629	19.0204323
16.8389239	34.7627348
16.9222850	29.7798909
17.0056460	23.7361275
17.0890070	21.4019023
17.1723680	19.5321177
17.2557290	30.5109898
17.3390900	27.7027131
17.4224510	26.6211615
17.5058120	26.9015071
17.5891730	30.2672690
17.6725340	27.1929302
17.7558951	28.4445948
17.8392561	23.7425868
17.9226171	27.7511743
18.0059781	27.7622801
18.0893391	30.2121763
18.1727001	41.4180623
18.2560611	39.6356103
18.3394221	47.9030481
18.4227831	44.2098585
18.5061441	39.0314791
18.5895051	49.5692845
18.6728662	34.9216927
18.7562272	37.1622485
18.8395882	34.9112045
18.9229492	40.4278463
19.0063102	38.9178472
19.0896712	31.4671531
19.1730322	38.1936343
19.2563932	35.8821252
19.3397542	37.0211740
19.4231152	36.5422236
19.5064763	35.9527037
19.5898373	39.8698473
19.6731983	38.5019741
19.7565593	34.4006555
19.8399203	31.3803037
19.9232813	40.1340706
20.0066423	30.1660276
20.0900033	32.6021990
20.1733643	31.1021270
20.2567253	33.0531056
20.3400864	32.9481536
20.4234474	31.8384146
20.5068084	35.8686479
20.5901694	28.2038466
20.6735304	33.8503181
20.7568914	24.4136731
20.8402524	24.7872095
20.9236134	23.1395660
21.0069744	28.3290558
21.0903354	23.2653055
21.1736964	27.4401211
21.2570575	29.9532289
21.3404185	21.7504926
21.4237795	23.3162845
21.5071405	28.8289069
21.5905015	30.3067815
21.6738625	22.4365320
21.7572235	31.5597781
21.8405845	24.1805724
21.9239455	21.9996850
22.0073065	26.5588457
22.0906676	27.4916730
22.1740286	22.7427832
22.2573896	22.3125204
22.3407506	25.5026646
22.4241116	24.7323596
22.5074726	23.1200466
22.5908336	23.3051717
22.6741946	27.0907765
22.7575556	22.6989306
22.8409166	27.3087827
22.9242776	27.3487974
23.0076387	30.1516922
23.0909997	26.2896601
23.1743607	29.7410974
23.2577217	30.9574008
23.3410827	32.8241138
23.4244437	30.0342272
23.5078047	39.4453296
23.5911657	31.5674161
23.6745267	37.2341000
23.7578877	25.7242235
23.8412488	30.7968235
23.9246098	23.0557671
24.0079708	28.8013629
24.0913318	44.1818619
24.1746928	45.2028845
24.2580538	47.7521691
24.3414148	62.4614757
24.4247758	46.3769644
24.5081368	64.1008612
24.5914978	56.0102009
24.6748589	48.9937794
24.7582199	57.7624026
24.8415809	49.2160455
24.9249419	45.7583564
25.0083029	47.1198740
25.0916639	46.6474443
25.1750249	57.5542339
25.2583859	67.4624764
25.3417469	73.7116928
25.4251079	59.6607120
25.5084689	49.7885473
25.5918300	59.4438962
25.6751910	52.6176140
25.7585520	78.4294601
25.8419130	51.8768544
25.9252740	49.3779147
26.0086350	71.9804532
26.0919960	84.3316092
26.1753570	79.5801828
26.2587180	75.8496706
26.3420790	74.3005645
26.4254401	61.1729152
26.5088011	52.0725572
26.5921621	57.6076622
26.6755231	69.4986282
26.7588841	44.6685209
26.8422451	46.3220038
26.9256061	43.3247688
27.0089671	39.5048141
27.0923281	36.8255867
27.1756891	49.7567034
27.2590501	37.8240301
27.3424112	50.3339247
27.4257722	39.3914439
27.5091332	38.6960927
27.5924942	38.8475422
27.6758552	44.1491363
27.7592162	36.4564540
27.8425772	41.7853893
27.9259382	36.6695945
28.0092992	34.0328240
28.0926602	37.0840649
28.1760213	33.7565756
28.2593823	30.5437531
28.3427433	32.0113212
28.4261043	33.5408231
28.5094653	36.5071406
28.5928263	33.2868852
28.6761873	39.1961961
28.7595483	41.1962725
28.8429093	26.8043582
28.9262703	32.6958023
29.0096314	32.6519356
29.0929924	37.6109037
29.1763534	55.8739143
29.2597144	56.1407778
29.3430754	51.6235036
29.4264364	47.6764303
29.5097974	45.4368952
29.5931584	42.3886034
29.6765194	38.6544986
29.7598804	39.4013592
29.8432414	38.1265919
29.9266025	32.0079901
30.0099635	38.5382264
30.0933245	40.1195536
30.1766855	31.8443741
30.2600465	37.5736731
30.3434075	33.9611446
30.4267685	36.1364968
30.5101295	28.8408024
30.5934905	31.1392067
30.6768515	31.5710701
30.7602126	29.4326632
30.8435736	28.1532236
30.9269346	33.7030035
31.0102956	28.7860162
31.0936566	33.4452560
31.1770176	33.2849592
31.2603786	44.5942531
31.3437396	34.9563772
31.4271006	39.2266727
31.5104616	44.8075185
31.5938227	36.1418528
31.6771837	37.0128617
31.7605447	50.0579568
31.8439057	45.1090407
31.9272667	38.4703141
32.0106277	56.4353315
32.0939887	38.7464282
32.1773497	38.3307059
32.2607107	43.4166323
32.3440717	40.0028760
32.4274327	38.0894698
32.5107938	40.3095467
32.5941548	38.1463659
32.6775158	34.0205797
32.7608768	35.3641644
32.8442378	33.8734702
32.9275988	38.0996939
33.0109598	37.5329135
33.0943208	29.0451262
33.1776818	26.9484054
33.2610428	28.4023806
33.3444039	26.0089586
33.4277649	29.5733818
33.5111259	33.0914111
33.5944869	34.1967206
33.6778479	30.3963395
33.7612089	29.2682669
33.8445699	25.1265068
33.9279309	31.9043560
34.0112919	34.3528991
34.0946529	27.3420246
34.1780139	32.2935692
34.2613750	31.4223293
34.3447360	30.5187151
34.4280970	29.7701076
34.5114580	27.4784220
34.5948190	29.3030905
34.6781800	29.1788974
34.7615410	32.1796780
34.8449020	23.9181926
34.9282630	21.9529234
35.0116240	24.9445431
35.0949851	22.0043503
35.1783461	29.1867877
35.2617071	20.3469424
35.3450681	25.6832328
35.4284291	21.5155107
35.5117901	23.8799531
35.5951511	23.1188962
35.6785121	25.4166758
35.7618731	32.0238037
35.8452341	21.3006799
35.9285952	25.7854407
36.0119562	20.2537752
36.0953172	30.9076571
36.1786782	32.2381865
36.2620392	41.4053936
36.3454002	40.8900685
36.4287612	42.8006646
36.5121222	39.5364270
36.5954832	42.4955073
36.6788442	41.8867249
36.7622052	39.4197752
36.8455663	38.8491240
36.9289273	38.2404265
37.0122883	35.9002537
37.0956493	34.8261798
37.1790103	41.0110743
37.2623713	36.4431770
37.3457323	33.9412599
37.4290933	35.9207820
37.5124543	41.4144979
37.5958153	39.0355716
37.6791764	33.4108638
37.7625374	29.9963483
37.8458984	33.3400660
37.9292594	29.6241392
38.0126204	25.0775859
38.0959814	28.4807551
38.1793424	22.5237137
38.2627034	24.2305495
38.3460644	19.8565374
38.4294254	21.5083630
38.5127864	23.3334347
38.5961475	24.7173665
38.6795085	26.0013630
38.7628695	24.5670179
38.8462305	23.4399377
38.9295915	19.8408536
39.0129525	23.9204557
39.0963135	20.4135722
39.1796745	26.3828344
39.2630355	21.9703895
39.3463965	22.5878424
39.4297576	25.9607943
39.5131186	27.3552379
39.5964796	29.1929052
39.6798406	23.4057671
39.7632016	27.2597580
39.8465626	25.6441753
39.9299236	20.8527696
40.0132846	23.2179145
40.0966456	25.6655546
40.1800066	31.8671632
40.2633677	31.1839550
40.3467287	34.7882632
40.4300897	34.4401869
40.5134507	67.0284064
40.5968117	45.1052925
40.6801727	45.5233886
40.7635337	47.3033512
40.8468947	42.9023067
40.9302557	35.6462168
41.0136167	47.8191149
41.0969777	41.5578285
41.1803388	43.5692511
41.2636998	44.4428460
41.3470608	39.8680085
41.4304218	39.1034367
41.5137828	43.9268938
41.5971438	42.8514102
41.6805048	33.8625294
41.7638658	36.0886414
41.8472268	35.4978649
41.9305878	31.1670359
42.0139489	33.4049585
42.0973099	34.9188661
42.1806709	33.2209461
42.2640319	32.2005175
42.3473929	43.2685021
42.4307539	36.3181494
42.5141149	39.2731066
42.5974759	35.1710972
42.6808369	47.3950309
42.7641979	35.3683724
42.8475590	36.2474743
42.9309200	38.2288540
43.0142810	41.4454932
43.0976420	33.2542775
43.1810030	41.3409939
43.2643640	45.4990601
43.3477250	47.2629924
43.4310860	37.2919956
43.5144470	42.6481496
43.5978080	43.7169853
43.6811690	41.1522879
43.7645301	48.4653848
43.8478911	31.5441131
43.9312521	48.6203609
44.0146131	38.1557696
44.0979741	44.4639731
44.1813351	58.5022287
44.2646961	63.8269961
44.3480571	54.9448023
44.4314181	47.9546565
44.5147791	49.1009048
44.5981402	49.9382805
44.6815012	43.9069077
44.7648622	42.4114373
44.8482232	35.3979673
44.9315842	37.1835972
45.0149452	36.2139448
45.0983062	35.2537858
45.1816672	37.3732838
45.2650282	35.5802611
45.3483892	29.8154854
45.4317502	31.2756276
45.5151113	33.1043415
45.5984723	30.0361862
45.6818333	31.0466382
45.7651943	29.5019805
45.8485553	23.9501308
45.9319163	23.7634569
46.0152773	25.4495357
46.0986383	26.5179541
46.1819993	22.3573277
46.2653603	29.5057594
46.3487214	22.4005060
46.4320824	22.9060173
46.5154434	22.6785367
46.5988044	32.0400509
46.6821654	25.7008875
46.7655264	20.8086718
46.8488874	22.6823604
46.9322484	27.5187785
47.0156094	24.5669001
47.0989704	24.6580706
47.1823315	27.4615806
47.2656925	24.1236810
47.3490535	21.8142087
47.4324145	24.7844725
47.5157755	25.2843449
47.5991365	24.0146979
47.6824975	28.1643600
47.7658585	23.7173153
47.8492195	40.0620470
47.9325805	23.4303926
48.0159415	27.6047037
48.0993026	29.7500626
48.1826636	33.4716779
48.2660246	37.3085540
48.3493856	40.4257152
48.4327466	39.4529346
48.5161076	37.1986563
48.5994686	41.9036700
48.6828296	34.7644628
48.7661906	53.0407220
48.8495516	43.0328978
48.9329127	39.1621150
49.0162737	59.2936962
49.0996347	55.5219293
49.1829957	47.2523039
49.2663567	61.8645888
49.3497177	49.6318266
49.4330787	49.1058365
49.5164397	49.3042079
49.5998007	56.2324057
49.6831617	40.5423457
49.7665227	38.8525258
49.8498838	38.7754809
49.9332448	38.6464079
50.0166058	37.7724476
50.0999668	38.0704926
50.1833278	36.3352124
50.2666888	34.5776263
50.3500498	40.1681163
50.4334108	38.0905919
50.5167718	35.2640428
50.6001328	42.5917981
50.6834939	47.9045710
50.7668549	35.8543454
50.8502159	46.1001149
50.9335769	38.4029865
