# time(yr)	runoff(mm/month)
0.0000000	8.3883529
0.0834028	9.1310029
0.1668057	14.9534743
0.2502085	43.5463842
0.3336113	23.0384189
0.4170142	12.8216353
0.5004170	19.8981514
0.5838198	20.7037789
0.6672227	20.5358617
0.7506255	18.3242233
0.8340284	16.3753852
0.9174312	11.7929571
1.0008340	8.3883529
1.0842369	9.1310029
1.1676397	14.9534743
1.2510425	43.5463842
1.3344454	23.0384189
1.4178482	12.8216353
1.5012510	19.8981514
1.5846539	20.7037789
1.6680567	20.5358617
1.7514595	18.3242233
1.8348624	16.3753852
1.9182652	11.7929571
2.0016681	8.3883529
2.0850709	9.1310029
2.1684737	14.9534743
2.2518766	43.5463842
2.3352794	23.0384189
2.4186822	12.8216353
2.5020851	19.8981514
2.5854879	20.7037789
2.6688907	20.5358617
2.7522936	18.3242233
2.8356964	16.3753852
2.9190992	11.7929571
3.0025021	8.3883529
3.0859049	9.1310029
3.1693078	14.9534743
3.2527106	43.5463842
3.3361134	23.0384189
3.4195163	12.8216353
3.5029191	19.8981514
3.5863219	20.7037789
3.6697248	20.5358617
3.7531276	18.3242233
3.8365304	16.3753852
3.9199333	11.7929571
4.0033361	8.3883529
4.0867389	9.1310029
4.1701418	14.9534743
4.2535446	43.5463842
4.3369475	23.0384189
4.4203503	12.8216353
4.5037531	19.8981514
4.5871560	20.7037789
4.6705588	20.5358617
4.7539616	18.3242233
4.8373645	16.3753852
4.9207673	11.7929571
5.0041701	8.3883529
5.0875730	9.1310029
5.1709758	14.9534743
5.2543786	43.5463842
5.3377815	23.0384189
5.4211843	12.8216353
5.5045872	19.8981514
5.5879900	20.7037789
5.6713928	20.5358617
5.7547957	18.3242233
5.8381985	16.3753852
5.9216013	11.7929571
6.0050042	8.3883529
6.0884070	9.1310029
6.1718098	14.9534743
6.2552127	43.5463842
6.3386155	23.0384189
6.4220183	12.8216353
6.5054212	19.8981514
6.5888240	20.7037789
6.6722269	20.5358617
6.7556297	18.3242233
6.8390325	16.3753852
6.9224354	11.7929571
7.0058382	8.3883529
7.0892410	9.1310029
7.1726439	14.9534743
7.2560467	43.5463842
7.3394495	23.0384189
7.4228524	12.8216353
7.5062552	19.8981514
7.5896580	20.7037789
7.6730609	20.5358617
7.7564637	18.3242233
7.8398666	16.3753852
7.9232694	11.7929571
8.0066722	8.3883529
8.0900751	9.1310029
8.1734779	14.9534743
8.2568807	43.5463842
8.3402836	23.0384189
8.4236864	12.8216353
8.5070892	19.8981514
8.5904921	20.7037789
8.6738949	20.5358617
8.7572977	18.3242233
8.8407006	16.3753852
8.9241034	11.7929571
9.0075063	8.3883529
9.0909091	9.1310029
9.1743119	14.9534743
9.2577148	43.5463842
9.3411176	23.0384189
9.4245204	12.8216353
9.5079233	19.8981514
9.5913261	20.7037789
9.6747289	20.5358617
9.7581318	18.3242233
9.8415346	16.3753852
9.9249374	11.7929571
10.0083403	8.3883529
10.0917431	9.1310029
10.1751460	14.9534743
10.2585488	43.5463842
10.3419516	23.0384189
10.4253545	12.8216353
10.5087573	19.8981514
10.5921601	20.7037789
10.6755630	20.5358617
10.7589658	18.3242233
10.8423686	16.3753852
10.9257715	11.7929571
11.0091743	8.3883529
11.0925771	9.1310029
11.1759800	14.9534743
11.2593828	43.5463842
11.3427857	23.0384189
11.4261885	12.8216353
11.5095913	19.8981514
11.5929942	20.7037789
11.6763970	20.5358617
11.7597998	18.3242233
11.8432027	16.3753852
11.9266055	11.7929571
12.0100083	8.3883529
12.0934112	9.1310029
12.1768140	14.9534743
12.2602168	43.5463842
12.3436197	23.0384189
12.4270225	12.8216353
12.5104254	19.8981514
12.5938282	20.7037789
12.6772310	20.5358617
12.7606339	18.3242233
12.8440367	16.3753852
12.9274395	11.7929571
13.0108424	8.3883529
13.0942452	9.1310029
13.1776480	14.9534743
13.2610509	43.5463842
13.3444537	23.0384189
13.4278565	12.8216353
13.5112594	19.8981514
13.5946622	20.7037789
13.6780651	20.5358617
13.7614679	18.3242233
13.8448707	16.3753852
13.9282736	11.7929571
14.0116764	8.3883529
14.0950792	9.1310029
14.1784821	14.9534743
14.2618849	43.5463842
14.3452877	23.0384189
14.4286906	12.8216353
14.5120934	19.8981514
14.5954962	20.7037789
14.6788991	20.5358617
14.7623019	18.3242233
14.8457048	16.3753852
14.9291076	11.7929571
15.0125104	8.3883529
15.0959133	9.1310029
15.1793161	14.9534743
15.2627189	43.5463842
15.3461218	23.0384189
15.4295246	12.8216353
15.5129274	19.8981514
15.5963303	20.7037789
15.6797331	20.5358617
15.7631359	18.3242233
15.8465388	16.3753852
15.9299416	11.7929571
16.0133445	8.3883529
16.0967473	9.1310029
16.1801501	14.9534743
16.2635530	43.5463842
16.3469558	23.0384189
16.4303586	12.8216353
16.5137615	19.8981514
16.5971643	20.7037789
16.6805671	20.5358617
16.7639700	18.3242233
16.8473728	16.3753852
16.9307756	11.7929571
17.0141785	8.3883529
17.0975813	9.1310029
17.1809842	14.9534743
17.2643870	43.5463842
17.3477898	23.0384189
17.4311927	12.8216353
17.5145955	19.8981514
17.5979983	20.7037789
17.6814012	20.5358617
17.7648040	18.3242233
17.8482068	16.3753852
17.9316097	11.7929571
18.0150125	8.3883529
18.0984153	9.1310029
18.1818182	14.9534743
18.2652210	43.5463842
18.3486239	23.0384189
18.4320267	12.8216353
18.5154295	19.8981514
18.5988324	20.7037789
18.6822352	20.5358617
18.7656380	18.3242233
18.8490409	16.3753852
18.9324437	11.7929571
19.0158465	8.3883529
19.0992494	9.1310029
19.1826522	14.9534743
19.2660550	43.5463842
19.3494579	23.0384189
19.4328607	12.8216353
19.5162636	19.8981514
19.5996664	20.7037789
19.6830692	20.5358617
19.7664721	18.3242233
19.8498749	16.3753852
19.9332777	11.7929571
20.0166806	8.3883529
20.1000834	9.1310029
20.1834862	14.9534743
20.2668891	43.5463842
20.3502919	23.0384189
20.4336947	12.8216353
20.5170976	19.8981514
20.6005004	20.7037789
20.6839033	20.5358617
20.7673061	18.3242233
20.8507089	16.3753852
20.9341118	11.7929571
21.0175146	8.3883529
21.1009174	9.1310029
21.1843203	14.9534743
21.2677231	43.5463842
21.3511259	23.0384189
21.4345288	12.8216353
21.5179316	19.8981514
21.6013344	20.7037789
21.6847373	20.5358617
21.7681401	18.3242233
21.8515430	16.3753852
21.9349458	11.7929571
22.0183486	8.3883529
22.1017515	9.1310029
22.1851543	14.9534743
22.2685571	43.5463842
22.3519600	23.0384189
22.4353628	12.8216353
22.5187656	19.8981514
22.6021685	20.7037789
22.6855713	20.5358617
22.7689741	18.3242233
22.8523770	16.3753852
22.9357798	11.7929571
23.0191827	8.3883529
23.1025855	9.1310029
23.1859883	14.9534743
23.2693912	43.5463842
23.3527940	23.0384189
23.4361968	12.8216353
23.5195997	19.8981514
23.6030025	20.7037789
23.6864053	20.5358617
23.7698082	18.3242233
23.8532110	16.3753852
23.9366138	11.7929571
24.0200167	8.3883529
24.1034195	9.1310029
24.1868224	14.9534743
24.2702252	43.5463842
24.3536280	23.0384189
24.4370309	12.8216353
24.5204337	19.8981514
24.6038365	20.7037789
24.6872394	20.5358617
24.7706422	18.3242233
24.8540450	16.3753852
24.9374479	11.7929571
25.0208507	8.3883529
25.1042535	9.1310029
25.1876564	14.9534743
25.2710592	43.5463842
25.3544621	23.0384189
25.4378649	12.8216353
25.5212677	19.8981514
25.6046706	20.7037789
25.6880734	20.5358617
25.7714762	18.3242233
25.8548791	16.3753852
25.9382819	11.7929571
26.0216847	8.3883529
26.1050876	9.1310029
26.1884904	14.9534743
26.2718932	43.5463842
26.3552961	23.0384189
26.4386989	12.8216353
26.5221018	19.8981514
26.6055046	20.7037789
26.6889074	20.5358617
26.7723103	18.3242233
26.8557131	16.3753852
26.9391159	11.7929571
27.0225188	8.3883529
27.1059216	9.1310029
27.1893244	14.9534743
27.2727273	43.5463842
27.3561301	23.0384189
27.4395329	12.8216353
27.5229358	19.8981514
27.6063386	20.7037789
27.6897415	20.5358617
27.7731443	18.3242233
27.8565471	16.3753852
27.9399500	11.7929571
28.0233528	8.3883529
28.1067556	9.1310029
28.1901585	14.9534743
28.2735613	43.5463842
28.3569641	23.0384189
28.4403670	12.8216353
28.5237698	19.8981514
28.6071726	20.7037789
28.6905755	20.5358617
28.7739783	18.3242233
28.8573812	16.3753852
28.9407840	11.7929571
29.0241868	8.3883529
29.1075897	9.1310029
29.1909925	14.9534743
29.2743953	43.5463842
29.3577982	23.0384189
29.4412010	12.8216353
29.5246038	19.8981514
29.6080067	20.7037789
29.6914095	20.5358617
29.7748123	18.3242233
29.8582152	16.3753852
29.9416180	11.7929571
30.0250209	8.3883529
30.1084237	9.1310029
30.1918265	14.9534743
30.2752294	43.5463842
30.3586322	23.0384189
30.4420350	12.8216353
30.5254379	19.8981514
30.6088407	20.7037789
30.6922435	20.5358617
30.7756464	18.3242233
30.8590492	16.3753852
30.9424520	11.7929571
31.0258549	8.3883529
31.1092577	9.1310029
31.1926606	14.9534743
31.2760634	43.5463842
31.3594662	23.0384189
31.4428691	12.8216353
31.5262719	19.8981514
31.6096747	20.7037789
31.6930776	20.5358617
31.7764804	18.3242233
31.8598832	16.3753852
31.9432861	11.7929571
32.0266889	8.3883529
32.1100917	9.1310029
32.1934946	14.9534743
32.2768974	43.5463842
32.3603003	23.0384189
32.4437031	12.8216353
32.5271059	19.8981514
32.6105088	20.7037789
32.6939116	20.5358617
32.7773144	18.3242233
32.8607173	16.3753852
32.9441201	11.7929571
33.0275229	8.3883529
33.1109258	9.1310029
33.1943286	14.9534743
33.2777314	43.5463842
33.3611343	23.0384189
33.4445371	12.8216353
33.5279399	19.8981514
33.6113428	20.7037789
33.6947456	20.5358617
33.7781485	18.3242233
33.8615513	16.3753852
33.9449541	11.7929571
34.0283570	8.3883529
34.1117598	9.1310029
34.1951626	14.9534743
34.2785655	43.5463842
34.3619683	23.0384189
34.4453711	12.8216353
34.5287740	19.8981514
34.6121768	20.7037789
34.6955796	20.5358617
34.7789825	18.3242233
34.8623853	16.3753852
34.9457882	11.7929571
35.0291910	8.3883529
35.1125938	9.1310029
35.1959967	14.9534743
35.2793995	43.5463842
35.3628023	23.0384189
35.4462052	12.8216353
35.5296080	19.8981514
35.6130108	20.7037789
35.6964137	20.5358617
35.7798165	18.3242233
35.8632193	16.3753852
35.9466222	11.7929571
36.0300250	8.3883529
36.1134279	9.1310029
36.1968307	14.9534743
36.2802335	43.5463842
36.3636364	23.0384189
36.4470392	12.8216353
36.5304420	19.8981514
36.6138449	20.7037789
36.6972477	20.5358617
36.7806505	18.3242233
36.8640534	16.3753852
36.9474562	11.7929571
37.0308590	8.3883529
37.1142619	9.1310029
37.1976647	14.9534743
37.2810676	43.5463842
37.3644704	23.0384189
37.4478732	12.8216353
37.5312761	19.8981514
37.6146789	20.7037789
37.6980817	20.5358617
37.7814846	18.3242233
37.8648874	16.3753852
37.9482902	11.7929571
38.0316931	8.3883529
38.1150959	9.1310029
38.1984987	14.9534743
38.2819016	43.5463842
38.3653044	23.0384189
38.4487073	12.8216353
38.5321101	19.8981514
38.6155129	20.7037789
38.6989158	20.5358617
38.7823186	18.3242233
38.8657214	16.3753852
38.9491243	11.7929571
39.0325271	8.3883529
39.1159299	9.1310029
39.1993328	14.9534743
39.2827356	43.5463842
39.3661384	23.0384189
39.4495413	12.8216353
39.5329441	19.8981514
39.6163470	20.7037789
39.6997498	20.5358617
39.7831526	18.3242233
39.8665555	16.3753852
39.9499583	11.7929571
40.0333611	8.3883529
40.1167640	9.1310029
40.2001668	14.9534743
40.2835696	43.5463842
40.3669725	23.0384189
40.4503753	12.8216353
40.5337781	19.8981514
40.6171810	20.7037789
40.7005838	20.5358617
40.7839867	18.3242233
40.8673895	16.3753852
40.9507923	11.7929571
41.0341952	8.3883529
41.1175980	9.1310029
41.2010008	14.9534743
41.2844037	43.5463842
41.3678065	23.0384189
41.4512093	12.8216353
41.5346122	19.8981514
41.6180150	20.7037789
41.7014178	20.5358617
41.7848207	18.3242233
41.8682235	16.3753852
41.9516264	11.7929571
42.0350292	8.3883529
42.1184320	9.1310029
42.2018349	14.9534743
42.2852377	43.5463842
42.3686405	23.0384189
42.4520434	12.8216353
42.5354462	19.8981514
42.6188490	20.7037789
42.7022519	20.5358617
42.7856547	18.3242233
42.8690575	16.3753852
42.9524604	11.7929571
43.0358632	8.3883529
43.1192661	9.1310029
43.2026689	14.9534743
43.2860717	43.5463842
43.3694746	23.0384189
43.4528774	12.8216353
43.5362802	19.8981514
43.6196831	20.7037789
43.7030859	20.5358617
43.7864887	18.3242233
43.8698916	16.3753852
43.9532944	11.7929571
44.0366972	8.3883529
44.1201001	9.1310029
44.2035029	14.9534743
44.2869058	43.5463842
44.3703086	23.0384189
44.4537114	12.8216353
44.5371143	19.8981514
44.6205171	20.7037789
44.7039199	20.5358617
44.7873228	18.3242233
44.8707256	16.3753852
44.9541284	11.7929571
45.0375313	8.3883529
45.1209341	9.1310029
45.2043369	14.9534743
45.2877398	43.5463842
45.3711426	23.0384189
45.4545455	12.8216353
45.5379483	19.8981514
45.6213511	20.7037789
45.7047540	20.5358617
45.7881568	18.3242233
45.8715596	16.3753852
45.9549625	11.7929571
46.0383653	8.3883529
46.1217681	9.1310029
46.2051710	14.9534743
46.2885738	43.5463842
46.3719766	23.0384189
46.4553795	12.8216353
46.5387823	19.8981514
46.6221852	20.7037789
46.7055880	20.5358617
46.7889908	18.3242233
46.8723937	16.3753852
46.9557965	11.7929571
47.0391993	8.3883529
47.1226022	9.1310029
47.2060050	14.9534743
47.2894078	43.5463842
47.3728107	23.0384189
47.4562135	12.8216353
47.5396163	19.8981514
47.6230192	20.7037789
47.7064220	20.5358617
47.7898249	18.3242233
47.8732277	16.3753852
47.9566305	11.7929571
48.0400334	8.3883529
48.1234362	9.1310029
48.2068390	14.9534743
48.2902419	43.5463842
48.3736447	23.0384189
48.4570475	12.8216353
48.5404504	19.8981514
48.6238532	20.7037789
48.7072560	20.5358617
48.7906589	18.3242233
48.8740617	16.3753852
48.9574646	11.7929571
49.0408674	8.3883529
49.1242702	9.1310029
49.2076731	14.9534743
49.2910759	43.5463842
49.3744787	23.0384189
49.4578816	12.8216353
49.5412844	19.8981514
49.6246872	20.7037789
49.7080901	20.5358617
49.7914929	18.3242233
49.8748957	16.3753852
49.9582986	11.7929571
50.0417014	8.3883529
50.1251043	9.1310029
50.2085071	14.9534743
50.2919099	43.5463842
50.3753128	23.0384189
50.4587156	12.8216353
50.5421184	19.8981514
50.6255213	20.7037789
50.7089241	20.5358617
50.7923269	18.3242233
50.8757298	16.3753852
50.9591326	11.7929571
51.0425354	8.3883529
51.1259383	9.1310029
51.2093411	14.9534743
51.2927440	43.5463842
51.3761468	23.0384189
51.4595496	12.8216353
51.5429525	19.8981514
51.6263553	20.7037789
51.7097581	20.5358617
51.7931610	18.3242233
51.8765638	16.3753852
51.9599666	11.7929571
52.0433695	8.3883529
52.1267723	9.1310029
52.2101751	14.9534743
52.2935780	43.5463842
52.3769808	23.0384189
52.4603837	12.8216353
52.5437865	19.8981514
52.6271893	20.7037789
52.7105922	20.5358617
52.7939950	18.3242233
52.8773978	16.3753852
52.9608007	11.7929571
53.0442035	8.3883529
53.1276063	9.1310029
53.2110092	14.9534743
53.2944120	43.5463842
53.3778148	23.0384189
53.4612177	12.8216353
53.5446205	19.8981514
53.6280234	20.7037789
53.7114262	20.5358617
53.7948290	18.3242233
53.8782319	16.3753852
53.9616347	11.7929571
54.0450375	8.3883529
54.1284404	9.1310029
54.2118432	14.9534743
54.2952460	43.5463842
54.3786489	23.0384189
54.4620517	12.8216353
54.5454545	19.8981514
54.6288574	20.7037789
54.7122602	20.5358617
54.7956631	18.3242233
54.8790659	16.3753852
54.9624687	11.7929571
55.0458716	8.3883529
55.1292744	9.1310029
55.2126772	14.9534743
55.2960801	43.5463842
55.3794829	23.0384189
55.4628857	12.8216353
55.5462886	19.8981514
55.6296914	20.7037789
55.7130942	20.5358617
55.7964971	18.3242233
55.8798999	16.3753852
55.9633028	11.7929571
56.0467056	8.3883529
56.1301084	9.1310029
56.2135113	14.9534743
56.2969141	43.5463842
56.3803169	23.0384189
56.4637198	12.8216353
56.5471226	19.8981514
56.6305254	20.7037789
56.7139283	20.5358617
56.7973311	18.3242233
56.8807339	16.3753852
56.9641368	11.7929571
57.0475396	8.3883529
57.1309425	9.1310029
57.2143453	14.9534743
57.2977481	43.5463842
57.3811510	23.0384189
57.4645538	12.8216353
57.5479566	19.8981514
57.6313595	20.7037789
57.7147623	20.5358617
57.7981651	18.3242233
57.8815680	16.3753852
57.9649708	11.7929571
58.0483736	8.3883529
58.1317765	9.1310029
58.2151793	14.9534743
58.2985822	43.5463842
58.3819850	23.0384189
58.4653878	12.8216353
58.5487907	19.8981514
58.6321935	20.7037789
58.7155963	20.5358617
58.7989992	18.3242233
58.8824020	16.3753852
58.9658048	11.7929571
59.0492077	8.3883529
59.1326105	9.1310029
59.2160133	14.9534743
59.2994162	43.5463842
59.3828190	23.0384189
59.4662219	12.8216353
59.5496247	19.8981514
59.6330275	20.7037789
59.7164304	20.5358617
59.7998332	18.3242233
59.8832360	16.3753852
59.9666389	11.7929571
60.0500417	8.3883529
60.1334445	9.1310029
60.2168474	14.9534743
60.3002502	43.5463842
60.3836530	23.0384189
60.4670559	12.8216353
60.5504587	19.8981514
60.6338616	20.7037789
60.7172644	20.5358617
60.8006672	18.3242233
60.8840701	16.3753852
60.9674729	11.7929571
61.0508757	8.3883529
61.1342786	9.1310029
61.2176814	14.9534743
61.3010842	43.5463842
61.3844871	23.0384189
61.4678899	12.8216353
61.5512927	19.8981514
61.6346956	20.7037789
61.7180984	20.5358617
61.8015013	18.3242233
61.8849041	16.3753852
61.9683069	11.7929571
62.0517098	8.3883529
62.1351126	9.1310029
62.2185154	14.9534743
62.3019183	43.5463842
62.3853211	23.0384189
62.4687239	12.8216353
62.5521268	19.8981514
62.6355296	20.7037789
62.7189324	20.5358617
62.8023353	18.3242233
62.8857381	16.3753852
62.9691410	11.7929571
63.0525438	8.3883529
63.1359466	9.1310029
63.2193495	14.9534743
63.3027523	43.5463842
63.3861551	23.0384189
63.4695580	12.8216353
63.5529608	19.8981514
63.6363636	20.7037789
63.7197665	20.5358617
63.8031693	18.3242233
63.8865721	16.3753852
63.9699750	11.7929571
64.0533778	8.3883529
64.1367807	9.1310029
64.2201835	14.9534743
64.3035863	43.5463842
64.3869892	23.0384189
64.4703920	12.8216353
64.5537948	19.8981514
64.6371977	20.7037789
64.7206005	20.5358617
64.8040033	18.3242233
64.8874062	16.3753852
64.9708090	11.7929571
65.0542118	8.3883529
65.1376147	9.1310029
65.2210175	14.9534743
65.3044204	43.5463842
65.3878232	23.0384189
65.4712260	12.8216353
65.5546289	19.8981514
65.6380317	20.7037789
65.7214345	20.5358617
65.8048374	18.3242233
65.8882402	16.3753852
65.9716430	11.7929571
66.0550459	8.3883529
66.1384487	9.1310029
66.2218515	14.9534743
66.3052544	43.5463842
66.3886572	23.0384189
66.4720601	12.8216353
66.5554629	19.8981514
66.6388657	20.7037789
66.7222686	20.5358617
66.8056714	18.3242233
66.8890742	16.3753852
66.9724771	11.7929571
67.0558799	8.3883529
67.1392827	9.1310029
67.2226856	14.9534743
67.3060884	43.5463842
67.3894912	23.0384189
67.4728941	12.8216353
67.5562969	19.8981514
67.6396997	20.7037789
67.7231026	20.5358617
67.8065054	18.3242233
67.8899083	16.3753852
67.9733111	11.7929571
68.0567139	8.3883529
68.1401168	9.1310029
68.2235196	14.9534743
68.3069224	43.5463842
68.3903253	23.0384189
68.4737281	12.8216353
68.5571309	19.8981514
68.6405338	20.7037789
68.7239366	20.5358617
68.8073394	18.3242233
68.8907423	16.3753852
68.9741451	11.7929571
69.0575480	8.3883529
69.1409508	9.1310029
69.2243536	14.9534743
69.3077565	43.5463842
69.3911593	23.0384189
69.4745621	12.8216353
69.5579650	19.8981514
69.6413678	20.7037789
69.7247706	20.5358617
69.8081735	18.3242233
69.8915763	16.3753852
69.9749791	11.7929571
70.0583820	8.3883529
70.1417848	9.1310029
70.2251877	14.9534743
70.3085905	43.5463842
70.3919933	23.0384189
70.4753962	12.8216353
70.5587990	19.8981514
70.6422018	20.7037789
70.7256047	20.5358617
70.8090075	18.3242233
70.8924103	16.3753852
70.9758132	11.7929571
71.0592160	8.3883529
71.1426188	9.1310029
71.2260217	14.9534743
71.3094245	43.5463842
71.3928274	23.0384189
71.4762302	12.8216353
71.5596330	19.8981514
71.6430359	20.7037789
71.7264387	20.5358617
71.8098415	18.3242233
71.8932444	16.3753852
71.9766472	11.7929571
72.0600500	8.3883529
72.1434529	9.1310029
72.2268557	14.9534743
72.3102585	43.5463842
72.3936614	23.0384189
72.4770642	12.8216353
72.5604671	19.8981514
72.6438699	20.7037789
72.7272727	20.5358617
72.8106756	18.3242233
72.8940784	16.3753852
72.9774812	11.7929571
73.0608841	8.3883529
73.1442869	9.1310029
73.2276897	14.9534743
73.3110926	43.5463842
73.3944954	23.0384189
73.4778982	12.8216353
73.5613011	19.8981514
73.6447039	20.7037789
73.7281068	20.5358617
73.8115096	18.3242233
73.8949124	16.3753852
73.9783153	11.7929571
74.0617181	8.3883529
74.1451209	9.1310029
74.2285238	14.9534743
74.3119266	43.5463842
74.3953294	23.0384189
74.4787323	12.8216353
74.5621351	19.8981514
74.6455379	20.7037789
74.7289408	20.5358617
74.8123436	18.3242233
74.8957465	16.3753852
74.9791493	11.7929571
75.0625521	8.3883529
75.1459550	9.1310029
75.2293578	14.9534743
75.3127606	43.5463842
75.3961635	23.0384189
75.4795663	12.8216353
75.5629691	19.8981514
75.6463720	20.7037789
75.7297748	20.5358617
75.8131776	18.3242233
75.8965805	16.3753852
75.9799833	11.7929571
76.0633862	8.3883529
76.1467890	9.1310029
76.2301918	14.9534743
76.3135947	43.5463842
76.3969975	23.0384189
76.4804003	12.8216353
76.5638032	19.8981514
76.6472060	20.7037789
76.7306088	20.5358617
76.8140117	18.3242233
76.8974145	16.3753852
76.9808173	11.7929571
77.0642202	8.3883529
77.1476230	9.1310029
77.2310259	14.9534743
77.3144287	43.5463842
77.3978315	23.0384189
77.4812344	12.8216353
77.5646372	19.8981514
77.6480400	20.7037789
77.7314429	20.5358617
77.8148457	18.3242233
77.8982485	16.3753852
77.9816514	11.7929571
78.0650542	8.3883529
78.1484570	9.1310029
78.2318599	14.9534743
78.3152627	43.5463842
78.3986656	23.0384189
78.4820684	12.8216353
78.5654712	19.8981514
78.6488741	20.7037789
78.7322769	20.5358617
78.8156797	18.3242233
78.8990826	16.3753852
78.9824854	11.7929571
79.0658882	8.3883529
79.1492911	9.1310029
79.2326939	14.9534743
79.3160967	43.5463842
79.3994996	23.0384189
79.4829024	12.8216353
79.5663053	19.8981514
79.6497081	20.7037789
79.7331109	20.5358617
79.8165138	18.3242233
79.8999166	16.3753852
79.9833194	11.7929571
80.0667223	8.3883529
80.1501251	9.1310029
80.2335279	14.9534743
80.3169308	43.5463842
80.4003336	23.0384189
80.4837364	12.8216353
80.5671393	19.8981514
80.6505421	20.7037789
80.7339450	20.5358617
80.8173478	18.3242233
80.9007506	16.3753852
80.9841535	11.7929571
81.0675563	8.3883529
81.1509591	9.1310029
81.2343620	14.9534743
81.3177648	43.5463842
81.4011676	23.0384189
81.4845705	12.8216353
81.5679733	19.8981514
81.6513761	20.7037789
81.7347790	20.5358617
81.8181818	18.3242233
81.9015847	16.3753852
81.9849875	11.7929571
82.0683903	8.3883529
82.1517932	9.1310029
82.2351960	14.9534743
82.3185988	43.5463842
82.4020017	23.0384189
82.4854045	12.8216353
82.5688073	19.8981514
82.6522102	20.7037789
82.7356130	20.5358617
82.8190158	18.3242233
82.9024187	16.3753852
82.9858215	11.7929571
83.0692244	8.3883529
83.1526272	9.1310029
83.2360300	14.9534743
83.3194329	43.5463842
83.4028357	23.0384189
83.4862385	12.8216353
83.5696414	19.8981514
83.6530442	20.7037789
83.7364470	20.5358617
83.8198499	18.3242233
83.9032527	16.3753852
83.9866555	11.7929571
84.0700584	8.3883529
84.1534612	9.1310029
84.2368641	14.9534743
84.3202669	43.5463842
84.4036697	23.0384189
84.4870726	12.8216353
84.5704754	19.8981514
84.6538782	20.7037789
84.7372811	20.5358617
84.8206839	18.3242233
84.9040867	16.3753852
84.9874896	11.7929571
85.0708924	8.3883529
85.1542952	9.1310029
85.2376981	14.9534743
85.3211009	43.5463842
85.4045038	23.0384189
85.4879066	12.8216353
85.5713094	19.8981514
85.6547123	20.7037789
85.7381151	20.5358617
85.8215179	18.3242233
85.9049208	16.3753852
85.9883236	11.7929571
86.0717264	8.3883529
86.1551293	9.1310029
86.2385321	14.9534743
86.3219349	43.5463842
86.4053378	23.0384189
86.4887406	12.8216353
86.5721435	19.8981514
86.6555463	20.7037789
86.7389491	20.5358617
86.8223520	18.3242233
86.9057548	16.3753852
86.9891576	11.7929571
87.0725605	8.3883529
87.1559633	9.1310029
87.2393661	14.9534743
87.3227690	43.5463842
87.4061718	23.0384189
87.4895746	12.8216353
87.5729775	19.8981514
87.6563803	20.7037789
87.7397832	20.5358617
87.8231860	18.3242233
87.9065888	16.3753852
87.9899917	11.7929571
88.0733945	8.3883529
88.1567973	9.1310029
88.2402002	14.9534743
88.3236030	43.5463842
88.4070058	23.0384189
88.4904087	12.8216353
88.5738115	19.8981514
88.6572143	20.7037789
88.7406172	20.5358617
88.8240200	18.3242233
88.9074229	16.3753852
88.9908257	11.7929571
89.0742285	8.3883529
89.1576314	9.1310029
89.2410342	14.9534743
89.3244370	43.5463842
89.4078399	23.0384189
89.4912427	12.8216353
89.5746455	19.8981514
89.6580484	20.7037789
89.7414512	20.5358617
89.8248540	18.3242233
89.9082569	16.3753852
89.9916597	11.7929571
90.0750626	8.3883529
90.1584654	9.1310029
90.2418682	14.9534743
90.3252711	43.5463842
90.4086739	23.0384189
90.4920767	12.8216353
90.5754796	19.8981514
90.6588824	20.7037789
90.7422852	20.5358617
90.8256881	18.3242233
90.9090909	16.3753852
90.9924937	11.7929571
91.0758966	8.3883529
91.1592994	9.1310029
91.2427023	14.9534743
91.3261051	43.5463842
91.4095079	23.0384189
91.4929108	12.8216353
91.5763136	19.8981514
91.6597164	20.7037789
91.7431193	20.5358617
91.8265221	18.3242233
91.9099249	16.3753852
91.9933278	11.7929571
92.0767306	8.3883529
92.1601334	9.1310029
92.2435363	14.9534743
92.3269391	43.5463842
92.4103420	23.0384189
92.4937448	12.8216353
92.5771476	19.8981514
92.6605505	20.7037789
92.7439533	20.5358617
92.8273561	18.3242233
92.9107590	16.3753852
92.9941618	11.7929571
93.0775646	8.3883529
93.1609675	9.1310029
93.2443703	14.9534743
93.3277731	43.5463842
93.4111760	23.0384189
93.4945788	12.8216353
93.5779817	19.8981514
93.6613845	20.7037789
93.7447873	20.5358617
93.8281902	18.3242233
93.9115930	16.3753852
93.9949958	11.7929571
94.0783987	8.3883529
94.1618015	9.1310029
94.2452043	14.9534743
94.3286072	43.5463842
94.4120100	23.0384189
94.4954128	12.8216353
94.5788157	19.8981514
94.6622185	20.7037789
94.7456214	20.5358617
94.8290242	18.3242233
94.9124270	16.3753852
94.9958299	11.7929571
95.0792327	8.3883529
95.1626355	9.1310029
95.2460384	14.9534743
95.3294412	43.5463842
95.4128440	23.0384189
95.4962469	12.8216353
95.5796497	19.8981514
95.6630525	20.7037789
95.7464554	20.5358617
95.8298582	18.3242233
95.9132611	16.3753852
95.9966639	11.7929571
96.0800667	8.3883529
96.1634696	9.1310029
96.2468724	14.9534743
96.3302752	43.5463842
96.4136781	23.0384189
96.4970809	12.8216353
96.5804837	19.8981514
96.6638866	20.7037789
96.7472894	20.5358617
96.8306922	18.3242233
96.9140951	16.3753852
96.9974979	11.7929571
97.0809008	8.3883529
97.1643036	9.1310029
97.2477064	14.9534743
97.3311093	43.5463842
97.4145121	23.0384189
97.4979149	12.8216353
97.5813178	19.8981514
97.6647206	20.7037789
97.7481234	20.5358617
97.8315263	18.3242233
97.9149291	16.3753852
97.9983319	11.7929571
98.0817348	8.3883529
98.1651376	9.1310029
98.2485405	14.9534743
98.3319433	43.5463842
98.4153461	23.0384189
98.4987490	12.8216353
98.5821518	19.8981514
98.6655546	20.7037789
98.7489575	20.5358617
98.8323603	18.3242233
98.9157631	16.3753852
98.9991660	11.7929571
99.0825688	8.3883529
99.1659716	9.1310029
99.2493745	14.9534743
99.3327773	43.5463842
99.4161802	23.0384189
99.4995830	12.8216353
99.5829858	19.8981514
99.6663887	20.7037789
99.7497915	20.5358617
99.8331943	18.3242233
99.9165972	16.3753852
100.0000000	11.7929571
