# time(yr)	T(C)
0.0000000	-1.5215715
0.0834028	-5.8120918
0.1668057	-5.6905632
0.2502085	0.7102952
0.3336113	12.0535975
0.4170142	20.1909218
0.5004170	23.9788418
0.5838198	28.8080883
0.6672227	30.2866917
0.7506255	23.9034977
0.8340284	15.7738867
0.9174312	6.0284538
1.0008340	-1.5215715
1.0842369	-5.8120918
1.1676397	-5.6905632
1.2510425	0.7102952
1.3344454	12.0535975
1.4178482	20.1909218
1.5012510	23.9788418
1.5846539	28.8080883
1.6680567	30.2866917
1.7514595	23.9034977
1.8348624	15.7738867
1.9182652	6.0284538
2.0016681	-1.5215715
2.0850709	-5.8120918
2.1684737	-5.6905632
2.2518766	0.7102952
2.3352794	12.0535975
2.4186822	20.1909218
2.5020851	23.9788418
2.5854879	28.8080883
2.6688907	30.2866917
2.7522936	23.9034977
2.8356964	15.7738867
2.9190992	6.0284538
3.0025021	-1.5215715
3.0859049	-5.8120918
3.1693078	-5.6905632
3.2527106	0.7102952
3.3361134	12.0535975
3.4195163	20.1909218
3.5029191	23.9788418
3.5863219	28.8080883
3.6697248	30.2866917
3.7531276	23.9034977
3.8365304	15.7738867
3.9199333	6.0284538
4.0033361	-1.5215715
4.0867389	-5.8120918
4.1701418	-5.6905632
4.2535446	0.7102952
4.3369475	12.0535975
4.4203503	20.1909218
4.5037531	23.9788418
4.5871560	28.8080883
4.6705588	30.2866917
4.7539616	23.9034977
4.8373645	15.7738867
4.9207673	6.0284538
5.0041701	-1.5215715
5.0875730	-5.8120918
5.1709758	-5.6905632
5.2543786	0.7102952
5.3377815	12.0535975
5.4211843	20.1909218
5.5045872	23.9788418
5.5879900	28.8080883
5.6713928	30.2866917
5.7547957	23.9034977
5.8381985	15.7738867
5.9216013	6.0284538
6.0050042	-1.5215715
6.0884070	-5.8120918
6.1718098	-5.6905632
6.2552127	0.7102952
6.3386155	12.0535975
6.4220183	20.1909218
6.5054212	23.9788418
6.5888240	28.8080883
6.6722269	30.2866917
6.7556297	23.9034977
6.8390325	15.7738867
6.9224354	6.0284538
7.0058382	-1.5215715
7.0892410	-5.8120918
7.1726439	-5.6905632
7.2560467	0.7102952
7.3394495	12.0535975
7.4228524	20.1909218
7.5062552	23.9788418
7.5896580	28.8080883
7.6730609	30.2866917
7.7564637	23.9034977
7.8398666	15.7738867
7.9232694	6.0284538
8.0066722	-1.5215715
8.0900751	-5.8120918
8.1734779	-5.6905632
8.2568807	0.7102952
8.3402836	12.0535975
8.4236864	20.1909218
8.5070892	23.9788418
8.5904921	28.8080883
8.6738949	30.2866917
8.7572977	23.9034977
8.8407006	15.7738867
8.9241034	6.0284538
9.0075063	-1.5215715
9.0909091	-5.8120918
9.1743119	-5.6905632
9.2577148	0.7102952
9.3411176	12.0535975
9.4245204	20.1909218
9.5079233	23.9788418
9.5913261	28.8080883
9.6747289	30.2866917
9.7581318	23.9034977
9.8415346	15.7738867
9.9249374	6.0284538
10.0083403	-1.5215715
10.0917431	-5.8120918
10.1751460	-5.6905632
10.2585488	0.7102952
10.3419516	12.0535975
10.4253545	20.1909218
10.5087573	23.9788418
10.5921601	28.8080883
10.6755630	30.2866917
10.7589658	23.9034977
10.8423686	15.7738867
10.9257715	6.0284538
11.0091743	-1.5215715
11.0925771	-5.8120918
11.1759800	-5.6905632
11.2593828	0.7102952
11.3427857	12.0535975
11.4261885	20.1909218
11.5095913	23.9788418
11.5929942	28.8080883
11.6763970	30.2866917
11.7597998	23.9034977
11.8432027	15.7738867
11.9266055	6.0284538
12.0100083	-1.5215715
12.0934112	-5.8120918
12.1768140	-5.6905632
12.2602168	0.7102952
12.3436197	12.0535975
12.4270225	20.1909218
12.5104254	23.9788418
12.5938282	28.8080883
12.6772310	30.2866917
12.7606339	23.9034977
12.8440367	15.7738867
12.9274395	6.0284538
13.0108424	-1.5215715
13.0942452	-5.8120918
13.1776480	-5.6905632
13.2610509	0.7102952
13.3444537	12.0535975
13.4278565	20.1909218
13.5112594	23.9788418
13.5946622	28.8080883
13.6780651	30.2866917
13.7614679	23.9034977
13.8448707	15.7738867
13.9282736	6.0284538
14.0116764	-1.5215715
14.0950792	-5.8120918
14.1784821	-5.6905632
14.2618849	0.7102952
14.3452877	12.0535975
14.4286906	20.1909218
14.5120934	23.9788418
14.5954962	28.8080883
14.6788991	30.2866917
14.7623019	23.9034977
14.8457048	15.7738867
14.9291076	6.0284538
15.0125104	-1.5215715
15.0959133	-5.8120918
15.1793161	-5.6905632
15.2627189	0.7102952
15.3461218	12.0535975
15.4295246	20.1909218
15.5129274	23.9788418
15.5963303	28.8080883
15.6797331	30.2866917
15.7631359	23.9034977
15.8465388	15.7738867
15.9299416	6.0284538
16.0133445	-1.5215715
16.0967473	-5.8120918
16.1801501	-5.6905632
16.2635530	0.7102952
16.3469558	12.0535975
16.4303586	20.1909218
16.5137615	23.9788418
16.5971643	28.8080883
16.6805671	30.2866917
16.7639700	23.9034977
16.8473728	15.7738867
16.9307756	6.0284538
17.0141785	-1.5215715
17.0975813	-5.8120918
17.1809842	-5.6905632
17.2643870	0.7102952
17.3477898	12.0535975
17.4311927	20.1909218
17.5145955	23.9788418
17.5979983	28.8080883
17.6814012	30.2866917
17.7648040	23.9034977
17.8482068	15.7738867
17.9316097	6.0284538
18.0150125	-1.5215715
18.0984153	-5.8120918
18.1818182	-5.6905632
18.2652210	0.7102952
18.3486239	12.0535975
18.4320267	20.1909218
18.5154295	23.9788418
18.5988324	28.8080883
18.6822352	30.2866917
18.7656380	23.9034977
18.8490409	15.7738867
18.9324437	6.0284538
19.0158465	-1.5215715
19.0992494	-5.8120918
19.1826522	-5.6905632
19.2660550	0.7102952
19.3494579	12.0535975
19.4328607	20.1909218
19.5162636	23.9788418
19.5996664	28.8080883
19.6830692	30.2866917
19.7664721	23.9034977
19.8498749	15.7738867
19.9332777	6.0284538
20.0166806	-1.5215715
20.1000834	-5.8120918
20.1834862	-5.6905632
20.2668891	0.7102952
20.3502919	12.0535975
20.4336947	20.1909218
20.5170976	23.9788418
20.6005004	28.8080883
20.6839033	30.2866917
20.7673061	23.9034977
20.8507089	15.7738867
20.9341118	6.0284538
21.0175146	-1.5215715
21.1009174	-5.8120918
21.1843203	-5.6905632
21.2677231	0.7102952
21.3511259	12.0535975
21.4345288	20.1909218
21.5179316	23.9788418
21.6013344	28.8080883
21.6847373	30.2866917
21.7681401	23.9034977
21.8515430	15.7738867
21.9349458	6.0284538
22.0183486	-1.5215715
22.1017515	-5.8120918
22.1851543	-5.6905632
22.2685571	0.7102952
22.3519600	12.0535975
22.4353628	20.1909218
22.5187656	23.9788418
22.6021685	28.8080883
22.6855713	30.2866917
22.7689741	23.9034977
22.8523770	15.7738867
22.9357798	6.0284538
23.0191827	-1.5215715
23.1025855	-5.8120918
23.1859883	-5.6905632
23.2693912	0.7102952
23.3527940	12.0535975
23.4361968	20.1909218
23.5195997	23.9788418
23.6030025	28.8080883
23.6864053	30.2866917
23.7698082	23.9034977
23.8532110	15.7738867
23.9366138	6.0284538
24.0200167	-1.5215715
24.1034195	-5.8120918
24.1868224	-5.6905632
24.2702252	0.7102952
24.3536280	12.0535975
24.4370309	20.1909218
24.5204337	23.9788418
24.6038365	28.8080883
24.6872394	30.2866917
24.7706422	23.9034977
24.8540450	15.7738867
24.9374479	6.0284538
25.0208507	-1.5215715
25.1042535	-5.8120918
25.1876564	-5.6905632
25.2710592	0.7102952
25.3544621	12.0535975
25.4378649	20.1909218
25.5212677	23.9788418
25.6046706	28.8080883
25.6880734	30.2866917
25.7714762	23.9034977
25.8548791	15.7738867
25.9382819	6.0284538
26.0216847	-1.5215715
26.1050876	-5.8120918
26.1884904	-5.6905632
26.2718932	0.7102952
26.3552961	12.0535975
26.4386989	20.1909218
26.5221018	23.9788418
26.6055046	28.8080883
26.6889074	30.2866917
26.7723103	23.9034977
26.8557131	15.7738867
26.9391159	6.0284538
27.0225188	-1.5215715
27.1059216	-5.8120918
27.1893244	-5.6905632
27.2727273	0.7102952
27.3561301	12.0535975
27.4395329	20.1909218
27.5229358	23.9788418
27.6063386	28.8080883
27.6897415	30.2866917
27.7731443	23.9034977
27.8565471	15.7738867
27.9399500	6.0284538
28.0233528	-1.5215715
28.1067556	-5.8120918
28.1901585	-5.6905632
28.2735613	0.7102952
28.3569641	12.0535975
28.4403670	20.1909218
28.5237698	23.9788418
28.6071726	28.8080883
28.6905755	30.2866917
28.7739783	23.9034977
28.8573812	15.7738867
28.9407840	6.0284538
29.0241868	-1.5215715
29.1075897	-5.8120918
29.1909925	-5.6905632
29.2743953	0.7102952
29.3577982	12.0535975
29.4412010	20.1909218
29.5246038	23.9788418
29.6080067	28.8080883
29.6914095	30.2866917
29.7748123	23.9034977
29.8582152	15.7738867
29.9416180	6.0284538
30.0250209	-1.5215715
30.1084237	-5.8120918
30.1918265	-5.6905632
30.2752294	0.7102952
30.3586322	12.0535975
30.4420350	20.1909218
30.5254379	23.9788418
30.6088407	28.8080883
30.6922435	30.2866917
30.7756464	23.9034977
30.8590492	15.7738867
30.9424520	6.0284538
31.0258549	-1.5215715
31.1092577	-5.8120918
31.1926606	-5.6905632
31.2760634	0.7102952
31.3594662	12.0535975
31.4428691	20.1909218
31.5262719	23.9788418
31.6096747	28.8080883
31.6930776	30.2866917
31.7764804	23.9034977
31.8598832	15.7738867
31.9432861	6.0284538
32.0266889	-1.5215715
32.1100917	-5.8120918
32.1934946	-5.6905632
32.2768974	0.7102952
32.3603003	12.0535975
32.4437031	20.1909218
32.5271059	23.9788418
32.6105088	28.8080883
32.6939116	30.2866917
32.7773144	23.9034977
32.8607173	15.7738867
32.9441201	6.0284538
33.0275229	-1.5215715
33.1109258	-5.8120918
33.1943286	-5.6905632
33.2777314	0.7102952
33.3611343	12.0535975
33.4445371	20.1909218
33.5279399	23.9788418
33.6113428	28.8080883
33.6947456	30.2866917
33.7781485	23.9034977
33.8615513	15.7738867
33.9449541	6.0284538
34.0283570	-1.5215715
34.1117598	-5.8120918
34.1951626	-5.6905632
34.2785655	0.7102952
34.3619683	12.0535975
34.4453711	20.1909218
34.5287740	23.9788418
34.6121768	28.8080883
34.6955796	30.2866917
34.7789825	23.9034977
34.8623853	15.7738867
34.9457882	6.0284538
35.0291910	-1.5215715
35.1125938	-5.8120918
35.1959967	-5.6905632
35.2793995	0.7102952
35.3628023	12.0535975
35.4462052	20.1909218
35.5296080	23.9788418
35.6130108	28.8080883
35.6964137	30.2866917
35.7798165	23.9034977
35.8632193	15.7738867
35.9466222	6.0284538
36.0300250	-1.5215715
36.1134279	-5.8120918
36.1968307	-5.6905632
36.2802335	0.7102952
36.3636364	12.0535975
36.4470392	20.1909218
36.5304420	23.9788418
36.6138449	28.8080883
36.6972477	30.2866917
36.7806505	23.9034977
36.8640534	15.7738867
36.9474562	6.0284538
37.0308590	-1.5215715
37.1142619	-5.8120918
37.1976647	-5.6905632
37.2810676	0.7102952
37.3644704	12.0535975
37.4478732	20.1909218
37.5312761	23.9788418
37.6146789	28.8080883
37.6980817	30.2866917
37.7814846	23.9034977
37.8648874	15.7738867
37.9482902	6.0284538
38.0316931	-1.5215715
38.1150959	-5.8120918
38.1984987	-5.6905632
38.2819016	0.7102952
38.3653044	12.0535975
38.4487073	20.1909218
38.5321101	23.9788418
38.6155129	28.8080883
38.6989158	30.2866917
38.7823186	23.9034977
38.8657214	15.7738867
38.9491243	6.0284538
39.0325271	-1.5215715
39.1159299	-5.8120918
39.1993328	-5.6905632
39.2827356	0.7102952
39.3661384	12.0535975
39.4495413	20.1909218
39.5329441	23.9788418
39.6163470	28.8080883
39.6997498	30.2866917
39.7831526	23.9034977
39.8665555	15.7738867
39.9499583	6.0284538
40.0333611	-1.5215715
40.1167640	-5.8120918
40.2001668	-5.6905632
40.2835696	0.7102952
40.3669725	12.0535975
40.4503753	20.1909218
40.5337781	23.9788418
40.6171810	28.8080883
40.7005838	30.2866917
40.7839867	23.9034977
40.8673895	15.7738867
40.9507923	6.0284538
41.0341952	-1.5215715
41.1175980	-5.8120918
41.2010008	-5.6905632
41.2844037	0.7102952
41.3678065	12.0535975
41.4512093	20.1909218
41.5346122	23.9788418
41.6180150	28.8080883
41.7014178	30.2866917
41.7848207	23.9034977
41.8682235	15.7738867
41.9516264	6.0284538
42.0350292	-1.5215715
42.1184320	-5.8120918
42.2018349	-5.6905632
42.2852377	0.7102952
42.3686405	12.0535975
42.4520434	20.1909218
42.5354462	23.9788418
42.6188490	28.8080883
42.7022519	30.2866917
42.7856547	23.9034977
42.8690575	15.7738867
42.9524604	6.0284538
43.0358632	-1.5215715
43.1192661	-5.8120918
43.2026689	-5.6905632
43.2860717	0.7102952
43.3694746	12.0535975
43.4528774	20.1909218
43.5362802	23.9788418
43.6196831	28.8080883
43.7030859	30.2866917
43.7864887	23.9034977
43.8698916	15.7738867
43.9532944	6.0284538
44.0366972	-1.5215715
44.1201001	-5.8120918
44.2035029	-5.6905632
44.2869058	0.7102952
44.3703086	12.0535975
44.4537114	20.1909218
44.5371143	23.9788418
44.6205171	28.8080883
44.7039199	30.2866917
44.7873228	23.9034977
44.8707256	15.7738867
44.9541284	6.0284538
45.0375313	-1.5215715
45.1209341	-5.8120918
45.2043369	-5.6905632
45.2877398	0.7102952
45.3711426	12.0535975
45.4545455	20.1909218
45.5379483	23.9788418
45.6213511	28.8080883
45.7047540	30.2866917
45.7881568	23.9034977
45.8715596	15.7738867
45.9549625	6.0284538
46.0383653	-1.5215715
46.1217681	-5.8120918
46.2051710	-5.6905632
46.2885738	0.7102952
46.3719766	12.0535975
46.4553795	20.1909218
46.5387823	23.9788418
46.6221852	28.8080883
46.7055880	30.2866917
46.7889908	23.9034977
46.8723937	15.7738867
46.9557965	6.0284538
47.0391993	-1.5215715
47.1226022	-5.8120918
47.2060050	-5.6905632
47.2894078	0.7102952
47.3728107	12.0535975
47.4562135	20.1909218
47.5396163	23.9788418
47.6230192	28.8080883
47.7064220	30.2866917
47.7898249	23.9034977
47.8732277	15.7738867
47.9566305	6.0284538
48.0400334	-1.5215715
48.1234362	-5.8120918
48.2068390	-5.6905632
48.2902419	0.7102952
48.3736447	12.0535975
48.4570475	20.1909218
48.5404504	23.9788418
48.6238532	28.8080883
48.7072560	30.2866917
48.7906589	23.9034977
48.8740617	15.7738867
48.9574646	6.0284538
49.0408674	-1.5215715
49.1242702	-5.8120918
49.2076731	-5.6905632
49.2910759	0.7102952
49.3744787	12.0535975
49.4578816	20.1909218
49.5412844	23.9788418
49.6246872	28.8080883
49.7080901	30.2866917
49.7914929	23.9034977
49.8748957	15.7738867
49.9582986	6.0284538
50.0417014	-1.5215715
50.1251043	-5.8120918
50.2085071	-5.6905632
50.2919099	0.7102952
50.3753128	12.0535975
50.4587156	20.1909218
50.5421184	23.9788418
50.6255213	28.8080883
50.7089241	30.2866917
50.7923269	23.9034977
50.8757298	15.7738867
50.9591326	6.0284538
51.0425354	-1.5215715
51.1259383	-5.8120918
51.2093411	-5.6905632
51.2927440	0.7102952
51.3761468	12.0535975
51.4595496	20.1909218
51.5429525	23.9788418
51.6263553	28.8080883
51.7097581	30.2866917
51.7931610	23.9034977
51.8765638	15.7738867
51.9599666	6.0284538
52.0433695	-1.5215715
52.1267723	-5.8120918
52.2101751	-5.6905632
52.2935780	0.7102952
52.3769808	12.0535975
52.4603837	20.1909218
52.5437865	23.9788418
52.6271893	28.8080883
52.7105922	30.2866917
52.7939950	23.9034977
52.8773978	15.7738867
52.9608007	6.0284538
53.0442035	-1.5215715
53.1276063	-5.8120918
53.2110092	-5.6905632
53.2944120	0.7102952
53.3778148	12.0535975
53.4612177	20.1909218
53.5446205	23.9788418
53.6280234	28.8080883
53.7114262	30.2866917
53.7948290	23.9034977
53.8782319	15.7738867
53.9616347	6.0284538
54.0450375	-1.5215715
54.1284404	-5.8120918
54.2118432	-5.6905632
54.2952460	0.7102952
54.3786489	12.0535975
54.4620517	20.1909218
54.5454545	23.9788418
54.6288574	28.8080883
54.7122602	30.2866917
54.7956631	23.9034977
54.8790659	15.7738867
54.9624687	6.0284538
55.0458716	-1.5215715
55.1292744	-5.8120918
55.2126772	-5.6905632
55.2960801	0.7102952
55.3794829	12.0535975
55.4628857	20.1909218
55.5462886	23.9788418
55.6296914	28.8080883
55.7130942	30.2866917
55.7964971	23.9034977
55.8798999	15.7738867
55.9633028	6.0284538
56.0467056	-1.5215715
56.1301084	-5.8120918
56.2135113	-5.6905632
56.2969141	0.7102952
56.3803169	12.0535975
56.4637198	20.1909218
56.5471226	23.9788418
56.6305254	28.8080883
56.7139283	30.2866917
56.7973311	23.9034977
56.8807339	15.7738867
56.9641368	6.0284538
57.0475396	-1.5215715
57.1309425	-5.8120918
57.2143453	-5.6905632
57.2977481	0.7102952
57.3811510	12.0535975
57.4645538	20.1909218
57.5479566	23.9788418
57.6313595	28.8080883
57.7147623	30.2866917
57.7981651	23.9034977
57.8815680	15.7738867
57.9649708	6.0284538
58.0483736	-1.5215715
58.1317765	-5.8120918
58.2151793	-5.6905632
58.2985822	0.7102952
58.3819850	12.0535975
58.4653878	20.1909218
58.5487907	23.9788418
58.6321935	28.8080883
58.7155963	30.2866917
58.7989992	23.9034977
58.8824020	15.7738867
58.9658048	6.0284538
59.0492077	-1.5215715
59.1326105	-5.8120918
59.2160133	-5.6905632
59.2994162	0.7102952
59.3828190	12.0535975
59.4662219	20.1909218
59.5496247	23.9788418
59.6330275	28.8080883
59.7164304	30.2866917
59.7998332	23.9034977
59.8832360	15.7738867
59.9666389	6.0284538
60.0500417	-1.5215715
60.1334445	-5.8120918
60.2168474	-5.6905632
60.3002502	0.7102952
60.3836530	12.0535975
60.4670559	20.1909218
60.5504587	23.9788418
60.6338616	28.8080883
60.7172644	30.2866917
60.8006672	23.9034977
60.8840701	15.7738867
60.9674729	6.0284538
61.0508757	-1.5215715
61.1342786	-5.8120918
61.2176814	-5.6905632
61.3010842	0.7102952
61.3844871	12.0535975
61.4678899	20.1909218
61.5512927	23.9788418
61.6346956	28.8080883
61.7180984	30.2866917
61.8015013	23.9034977
61.8849041	15.7738867
61.9683069	6.0284538
62.0517098	-1.5215715
62.1351126	-5.8120918
62.2185154	-5.6905632
62.3019183	0.7102952
62.3853211	12.0535975
62.4687239	20.1909218
62.5521268	23.9788418
62.6355296	28.8080883
62.7189324	30.2866917
62.8023353	23.9034977
62.8857381	15.7738867
62.9691410	6.0284538
63.0525438	-1.5215715
63.1359466	-5.8120918
63.2193495	-5.6905632
63.3027523	0.7102952
63.3861551	12.0535975
63.4695580	20.1909218
63.5529608	23.9788418
63.6363636	28.8080883
63.7197665	30.2866917
63.8031693	23.9034977
63.8865721	15.7738867
63.9699750	6.0284538
64.0533778	-1.5215715
64.1367807	-5.8120918
64.2201835	-5.6905632
64.3035863	0.7102952
64.3869892	12.0535975
64.4703920	20.1909218
64.5537948	23.9788418
64.6371977	28.8080883
64.7206005	30.2866917
64.8040033	23.9034977
64.8874062	15.7738867
64.9708090	6.0284538
65.0542118	-1.5215715
65.1376147	-5.8120918
65.2210175	-5.6905632
65.3044204	0.7102952
65.3878232	12.0535975
65.4712260	20.1909218
65.5546289	23.9788418
65.6380317	28.8080883
65.7214345	30.2866917
65.8048374	23.9034977
65.8882402	15.7738867
65.9716430	6.0284538
66.0550459	-1.5215715
66.1384487	-5.8120918
66.2218515	-5.6905632
66.3052544	0.7102952
66.3886572	12.0535975
66.4720601	20.1909218
66.5554629	23.9788418
66.6388657	28.8080883
66.7222686	30.2866917
66.8056714	23.9034977
66.8890742	15.7738867
66.9724771	6.0284538
67.0558799	-1.5215715
67.1392827	-5.8120918
67.2226856	-5.6905632
67.3060884	0.7102952
67.3894912	12.0535975
67.4728941	20.1909218
67.5562969	23.9788418
67.6396997	28.8080883
67.7231026	30.2866917
67.8065054	23.9034977
67.8899083	15.7738867
67.9733111	6.0284538
68.0567139	-1.5215715
68.1401168	-5.8120918
68.2235196	-5.6905632
68.3069224	0.7102952
68.3903253	12.0535975
68.4737281	20.1909218
68.5571309	23.9788418
68.6405338	28.8080883
68.7239366	30.2866917
68.8073394	23.9034977
68.8907423	15.7738867
68.9741451	6.0284538
69.0575480	-1.5215715
69.1409508	-5.8120918
69.2243536	-5.6905632
69.3077565	0.7102952
69.3911593	12.0535975
69.4745621	20.1909218
69.5579650	23.9788418
69.6413678	28.8080883
69.7247706	30.2866917
69.8081735	23.9034977
69.8915763	15.7738867
69.9749791	6.0284538
70.0583820	-1.5215715
70.1417848	-5.8120918
70.2251877	-5.6905632
70.3085905	0.7102952
70.3919933	12.0535975
70.4753962	20.1909218
70.5587990	23.9788418
70.6422018	28.8080883
70.7256047	30.2866917
70.8090075	23.9034977
70.8924103	15.7738867
70.9758132	6.0284538
71.0592160	-1.5215715
71.1426188	-5.8120918
71.2260217	-5.6905632
71.3094245	0.7102952
71.3928274	12.0535975
71.4762302	20.1909218
71.5596330	23.9788418
71.6430359	28.8080883
71.7264387	30.2866917
71.8098415	23.9034977
71.8932444	15.7738867
71.9766472	6.0284538
72.0600500	-1.5215715
72.1434529	-5.8120918
72.2268557	-5.6905632
72.3102585	0.7102952
72.3936614	12.0535975
72.4770642	20.1909218
72.5604671	23.9788418
72.6438699	28.8080883
72.7272727	30.2866917
72.8106756	23.9034977
72.8940784	15.7738867
72.9774812	6.0284538
73.0608841	-1.5215715
73.1442869	-5.8120918
73.2276897	-5.6905632
73.3110926	0.7102952
73.3944954	12.0535975
73.4778982	20.1909218
73.5613011	23.9788418
73.6447039	28.8080883
73.7281068	30.2866917
73.8115096	23.9034977
73.8949124	15.7738867
73.9783153	6.0284538
74.0617181	-1.5215715
74.1451209	-5.8120918
74.2285238	-5.6905632
74.3119266	0.7102952
74.3953294	12.0535975
74.4787323	20.1909218
74.5621351	23.9788418
74.6455379	28.8080883
74.7289408	30.2866917
74.8123436	23.9034977
74.8957465	15.7738867
74.9791493	6.0284538
75.0625521	-1.5215715
75.1459550	-5.8120918
75.2293578	-5.6905632
75.3127606	0.7102952
75.3961635	12.0535975
75.4795663	20.1909218
75.5629691	23.9788418
75.6463720	28.8080883
75.7297748	30.2866917
75.8131776	23.9034977
75.8965805	15.7738867
75.9799833	6.0284538
76.0633862	-1.5215715
76.1467890	-5.8120918
76.2301918	-5.6905632
76.3135947	0.7102952
76.3969975	12.0535975
76.4804003	20.1909218
76.5638032	23.9788418
76.6472060	28.8080883
76.7306088	30.2866917
76.8140117	23.9034977
76.8974145	15.7738867
76.9808173	6.0284538
77.0642202	-1.5215715
77.1476230	-5.8120918
77.2310259	-5.6905632
77.3144287	0.7102952
77.3978315	12.0535975
77.4812344	20.1909218
77.5646372	23.9788418
77.6480400	28.8080883
77.7314429	30.2866917
77.8148457	23.9034977
77.8982485	15.7738867
77.9816514	6.0284538
78.0650542	-1.5215715
78.1484570	-5.8120918
78.2318599	-5.6905632
78.3152627	0.7102952
78.3986656	12.0535975
78.4820684	20.1909218
78.5654712	23.9788418
78.6488741	28.8080883
78.7322769	30.2866917
78.8156797	23.9034977
78.8990826	15.7738867
78.9824854	6.0284538
79.0658882	-1.5215715
79.1492911	-5.8120918
79.2326939	-5.6905632
79.3160967	0.7102952
79.3994996	12.0535975
79.4829024	20.1909218
79.5663053	23.9788418
79.6497081	28.8080883
79.7331109	30.2866917
79.8165138	23.9034977
79.8999166	15.7738867
79.9833194	6.0284538
80.0667223	-1.5215715
80.1501251	-5.8120918
80.2335279	-5.6905632
80.3169308	0.7102952
80.4003336	12.0535975
80.4837364	20.1909218
80.5671393	23.9788418
80.6505421	28.8080883
80.7339450	30.2866917
80.8173478	23.9034977
80.9007506	15.7738867
80.9841535	6.0284538
81.0675563	-1.5215715
81.1509591	-5.8120918
81.2343620	-5.6905632
81.3177648	0.7102952
81.4011676	12.0535975
81.4845705	20.1909218
81.5679733	23.9788418
81.6513761	28.8080883
81.7347790	30.2866917
81.8181818	23.9034977
81.9015847	15.7738867
81.9849875	6.0284538
82.0683903	-1.5215715
82.1517932	-5.8120918
82.2351960	-5.6905632
82.3185988	0.7102952
82.4020017	12.0535975
82.4854045	20.1909218
82.5688073	23.9788418
82.6522102	28.8080883
82.7356130	30.2866917
82.8190158	23.9034977
82.9024187	15.7738867
82.9858215	6.0284538
83.0692244	-1.5215715
83.1526272	-5.8120918
83.2360300	-5.6905632
83.3194329	0.7102952
83.4028357	12.0535975
83.4862385	20.1909218
83.5696414	23.9788418
83.6530442	28.8080883
83.7364470	30.2866917
83.8198499	23.9034977
83.9032527	15.7738867
83.9866555	6.0284538
84.0700584	-1.5215715
84.1534612	-5.8120918
84.2368641	-5.6905632
84.3202669	0.7102952
84.4036697	12.0535975
84.4870726	20.1909218
84.5704754	23.9788418
84.6538782	28.8080883
84.7372811	30.2866917
84.8206839	23.9034977
84.9040867	15.7738867
84.9874896	6.0284538
85.0708924	-1.5215715
85.1542952	-5.8120918
85.2376981	-5.6905632
85.3211009	0.7102952
85.4045038	12.0535975
85.4879066	20.1909218
85.5713094	23.9788418
85.6547123	28.8080883
85.7381151	30.2866917
85.8215179	23.9034977
85.9049208	15.7738867
85.9883236	6.0284538
86.0717264	-1.5215715
86.1551293	-5.8120918
86.2385321	-5.6905632
86.3219349	0.7102952
86.4053378	12.0535975
86.4887406	20.1909218
86.5721435	23.9788418
86.6555463	28.8080883
86.7389491	30.2866917
86.8223520	23.9034977
86.9057548	15.7738867
86.9891576	6.0284538
87.0725605	-1.5215715
87.1559633	-5.8120918
87.2393661	-5.6905632
87.3227690	0.7102952
87.4061718	12.0535975
87.4895746	20.1909218
87.5729775	23.9788418
87.6563803	28.8080883
87.7397832	30.2866917
87.8231860	23.9034977
87.9065888	15.7738867
87.9899917	6.0284538
88.0733945	-1.5215715
88.1567973	-5.8120918
88.2402002	-5.6905632
88.3236030	0.7102952
88.4070058	12.0535975
88.4904087	20.1909218
88.5738115	23.9788418
88.6572143	28.8080883
88.7406172	30.2866917
88.8240200	23.9034977
88.9074229	15.7738867
88.9908257	6.0284538
89.0742285	-1.5215715
89.1576314	-5.8120918
89.2410342	-5.6905632
89.3244370	0.7102952
89.4078399	12.0535975
89.4912427	20.1909218
89.5746455	23.9788418
89.6580484	28.8080883
89.7414512	30.2866917
89.8248540	23.9034977
89.9082569	15.7738867
89.9916597	6.0284538
90.0750626	-1.5215715
90.1584654	-5.8120918
90.2418682	-5.6905632
90.3252711	0.7102952
90.4086739	12.0535975
90.4920767	20.1909218
90.5754796	23.9788418
90.6588824	28.8080883
90.7422852	30.2866917
90.8256881	23.9034977
90.9090909	15.7738867
90.9924937	6.0284538
91.0758966	-1.5215715
91.1592994	-5.8120918
91.2427023	-5.6905632
91.3261051	0.7102952
91.4095079	12.0535975
91.4929108	20.1909218
91.5763136	23.9788418
91.6597164	28.8080883
91.7431193	30.2866917
91.8265221	23.9034977
91.9099249	15.7738867
91.9933278	6.0284538
92.0767306	-1.5215715
92.1601334	-5.8120918
92.2435363	-5.6905632
92.3269391	0.7102952
92.4103420	12.0535975
92.4937448	20.1909218
92.5771476	23.9788418
92.6605505	28.8080883
92.7439533	30.2866917
92.8273561	23.9034977
92.9107590	15.7738867
92.9941618	6.0284538
93.0775646	-1.5215715
93.1609675	-5.8120918
93.2443703	-5.6905632
93.3277731	0.7102952
93.4111760	12.0535975
93.4945788	20.1909218
93.5779817	23.9788418
93.6613845	28.8080883
93.7447873	30.2866917
93.8281902	23.9034977
93.9115930	15.7738867
93.9949958	6.0284538
94.0783987	-1.5215715
94.1618015	-5.8120918
94.2452043	-5.6905632
94.3286072	0.7102952
94.4120100	12.0535975
94.4954128	20.1909218
94.5788157	23.9788418
94.6622185	28.8080883
94.7456214	30.2866917
94.8290242	23.9034977
94.9124270	15.7738867
94.9958299	6.0284538
95.0792327	-1.5215715
95.1626355	-5.8120918
95.2460384	-5.6905632
95.3294412	0.7102952
95.4128440	12.0535975
95.4962469	20.1909218
95.5796497	23.9788418
95.6630525	28.8080883
95.7464554	30.2866917
95.8298582	23.9034977
95.9132611	15.7738867
95.9966639	6.0284538
96.0800667	-1.5215715
96.1634696	-5.8120918
96.2468724	-5.6905632
96.3302752	0.7102952
96.4136781	12.0535975
96.4970809	20.1909218
96.5804837	23.9788418
96.6638866	28.8080883
96.7472894	30.2866917
96.8306922	23.9034977
96.9140951	15.7738867
96.9974979	6.0284538
97.0809008	-1.5215715
97.1643036	-5.8120918
97.2477064	-5.6905632
97.3311093	0.7102952
97.4145121	12.0535975
97.4979149	20.1909218
97.5813178	23.9788418
97.6647206	28.8080883
97.7481234	30.2866917
97.8315263	23.9034977
97.9149291	15.7738867
97.9983319	6.0284538
98.0817348	-1.5215715
98.1651376	-5.8120918
98.2485405	-5.6905632
98.3319433	0.7102952
98.4153461	12.0535975
98.4987490	20.1909218
98.5821518	23.9788418
98.6655546	28.8080883
98.7489575	30.2866917
98.8323603	23.9034977
98.9157631	15.7738867
98.9991660	6.0284538
99.0825688	-1.5215715
99.1659716	-5.8120918
99.2493745	-5.6905632
99.3327773	0.7102952
99.4161802	12.0535975
99.4995830	20.1909218
99.5829858	23.9788418
99.6663887	28.8080883
99.7497915	30.2866917
99.8331943	23.9034977
99.9165972	15.7738867
100.0000000	6.0284538
