# time(yr)	moisture(mm/m)
0.0000000	323.4976807
0.0834028	363.2702332
0.1668057	375.8460388
0.2502085	378.5695190
0.3336113	348.1683044
0.4170142	311.9670105
0.5004170	271.6368713
0.5838198	224.1868439
0.6672227	201.5281525
0.7506255	223.5132599
0.8340284	261.0761719
0.9174312	306.3964539
1.0008340	323.4976807
1.0842369	363.2702332
1.1676397	375.8460388
1.2510425	378.5695190
1.3344454	348.1683044
1.4178482	311.9670105
1.5012510	271.6368713
1.5846539	224.1868439
1.6680567	201.5281525
1.7514595	223.5132599
1.8348624	261.0761719
1.9182652	306.3964539
2.0016681	323.4976807
2.0850709	363.2702332
2.1684737	375.8460388
2.2518766	378.5695190
2.3352794	348.1683044
2.4186822	311.9670105
2.5020851	271.6368713
2.5854879	224.1868439
2.6688907	201.5281525
2.7522936	223.5132599
2.8356964	261.0761719
2.9190992	306.3964539
3.0025021	323.4976807
3.0859049	363.2702332
3.1693078	375.8460388
3.2527106	378.5695190
3.3361134	348.1683044
3.4195163	311.9670105
3.5029191	271.6368713
3.5863219	224.1868439
3.6697248	201.5281525
3.7531276	223.5132599
3.8365304	261.0761719
3.9199333	306.3964539
4.0033361	323.4976807
4.0867389	363.2702332
4.1701418	375.8460388
4.2535446	378.5695190
4.3369475	348.1683044
4.4203503	311.9670105
4.5037531	271.6368713
4.5871560	224.1868439
4.6705588	201.5281525
4.7539616	223.5132599
4.8373645	261.0761719
4.9207673	306.3964539
5.0041701	323.4976807
5.0875730	363.2702332
5.1709758	375.8460388
5.2543786	378.5695190
5.3377815	348.1683044
5.4211843	311.9670105
5.5045872	271.6368713
5.5879900	224.1868439
5.6713928	201.5281525
5.7547957	223.5132599
5.8381985	261.0761719
5.9216013	306.3964539
6.0050042	323.4976807
6.0884070	363.2702332
6.1718098	375.8460388
6.2552127	378.5695190
6.3386155	348.1683044
6.4220183	311.9670105
6.5054212	271.6368713
6.5888240	224.1868439
6.6722269	201.5281525
6.7556297	223.5132599
6.8390325	261.0761719
6.9224354	306.3964539
7.0058382	323.4976807
7.0892410	363.2702332
7.1726439	375.8460388
7.2560467	378.5695190
7.3394495	348.1683044
7.4228524	311.9670105
7.5062552	271.6368713
7.5896580	224.1868439
7.6730609	201.5281525
7.7564637	223.5132599
7.8398666	261.0761719
7.9232694	306.3964539
8.0066722	323.4976807
8.0900751	363.2702332
8.1734779	375.8460388
8.2568807	378.5695190
8.3402836	348.1683044
8.4236864	311.9670105
8.5070892	271.6368713
8.5904921	224.1868439
8.6738949	201.5281525
8.7572977	223.5132599
8.8407006	261.0761719
8.9241034	306.3964539
9.0075063	323.4976807
9.0909091	363.2702332
9.1743119	375.8460388
9.2577148	378.5695190
9.3411176	348.1683044
9.4245204	311.9670105
9.5079233	271.6368713
9.5913261	224.1868439
9.6747289	201.5281525
9.7581318	223.5132599
9.8415346	261.0761719
9.9249374	306.3964539
10.0083403	323.4976807
10.0917431	363.2702332
10.1751460	375.8460388
10.2585488	378.5695190
10.3419516	348.1683044
10.4253545	311.9670105
10.5087573	271.6368713
10.5921601	224.1868439
10.6755630	201.5281525
10.7589658	223.5132599
10.8423686	261.0761719
10.9257715	306.3964539
11.0091743	323.4976807
11.0925771	363.2702332
11.1759800	375.8460388
11.2593828	378.5695190
11.3427857	348.1683044
11.4261885	311.9670105
11.5095913	271.6368713
11.5929942	224.1868439
11.6763970	201.5281525
11.7597998	223.5132599
11.8432027	261.0761719
11.9266055	306.3964539
12.0100083	323.4976807
12.0934112	363.2702332
12.1768140	375.8460388
12.2602168	378.5695190
12.3436197	348.1683044
12.4270225	311.9670105
12.5104254	271.6368713
12.5938282	224.1868439
12.6772310	201.5281525
12.7606339	223.5132599
12.8440367	261.0761719
12.9274395	306.3964539
13.0108424	323.4976807
13.0942452	363.2702332
13.1776480	375.8460388
13.2610509	378.5695190
13.3444537	348.1683044
13.4278565	311.9670105
13.5112594	271.6368713
13.5946622	224.1868439
13.6780651	201.5281525
13.7614679	223.5132599
13.8448707	261.0761719
13.9282736	306.3964539
14.0116764	323.4976807
14.0950792	363.2702332
14.1784821	375.8460388
14.2618849	378.5695190
14.3452877	348.1683044
14.4286906	311.9670105
14.5120934	271.6368713
14.5954962	224.1868439
14.6788991	201.5281525
14.7623019	223.5132599
14.8457048	261.0761719
14.9291076	306.3964539
15.0125104	323.4976807
15.0959133	363.2702332
15.1793161	375.8460388
15.2627189	378.5695190
15.3461218	348.1683044
15.4295246	311.9670105
15.5129274	271.6368713
15.5963303	224.1868439
15.6797331	201.5281525
15.7631359	223.5132599
15.8465388	261.0761719
15.9299416	306.3964539
16.0133445	323.4976807
16.0967473	363.2702332
16.1801501	375.8460388
16.2635530	378.5695190
16.3469558	348.1683044
16.4303586	311.9670105
16.5137615	271.6368713
16.5971643	224.1868439
16.6805671	201.5281525
16.7639700	223.5132599
16.8473728	261.0761719
16.9307756	306.3964539
17.0141785	323.4976807
17.0975813	363.2702332
17.1809842	375.8460388
17.2643870	378.5695190
17.3477898	348.1683044
17.4311927	311.9670105
17.5145955	271.6368713
17.5979983	224.1868439
17.6814012	201.5281525
17.7648040	223.5132599
17.8482068	261.0761719
17.9316097	306.3964539
18.0150125	323.4976807
18.0984153	363.2702332
18.1818182	375.8460388
18.2652210	378.5695190
18.3486239	348.1683044
18.4320267	311.9670105
18.5154295	271.6368713
18.5988324	224.1868439
18.6822352	201.5281525
18.7656380	223.5132599
18.8490409	261.0761719
18.9324437	306.3964539
19.0158465	323.4976807
19.0992494	363.2702332
19.1826522	375.8460388
19.2660550	378.5695190
19.3494579	348.1683044
19.4328607	311.9670105
19.5162636	271.6368713
19.5996664	224.1868439
19.6830692	201.5281525
19.7664721	223.5132599
19.8498749	261.0761719
19.9332777	306.3964539
20.0166806	323.4976807
20.1000834	363.2702332
20.1834862	375.8460388
20.2668891	378.5695190
20.3502919	348.1683044
20.4336947	311.9670105
20.5170976	271.6368713
20.6005004	224.1868439
20.6839033	201.5281525
20.7673061	223.5132599
20.8507089	261.0761719
20.9341118	306.3964539
21.0175146	323.4976807
21.1009174	363.2702332
21.1843203	375.8460388
21.2677231	378.5695190
21.3511259	348.1683044
21.4345288	311.9670105
21.5179316	271.6368713
21.6013344	224.1868439
21.6847373	201.5281525
21.7681401	223.5132599
21.8515430	261.0761719
21.9349458	306.3964539
22.0183486	323.4976807
22.1017515	363.2702332
22.1851543	375.8460388
22.2685571	378.5695190
22.3519600	348.1683044
22.4353628	311.9670105
22.5187656	271.6368713
22.6021685	224.1868439
22.6855713	201.5281525
22.7689741	223.5132599
22.8523770	261.0761719
22.9357798	306.3964539
23.0191827	323.4976807
23.1025855	363.2702332
23.1859883	375.8460388
23.2693912	378.5695190
23.3527940	348.1683044
23.4361968	311.9670105
23.5195997	271.6368713
23.6030025	224.1868439
23.6864053	201.5281525
23.7698082	223.5132599
23.8532110	261.0761719
23.9366138	306.3964539
24.0200167	323.4976807
24.1034195	363.2702332
24.1868224	375.8460388
24.2702252	378.5695190
24.3536280	348.1683044
24.4370309	311.9670105
24.5204337	271.6368713
24.6038365	224.1868439
24.6872394	201.5281525
24.7706422	223.5132599
24.8540450	261.0761719
24.9374479	306.3964539
25.0208507	323.4976807
25.1042535	363.2702332
25.1876564	375.8460388
25.2710592	378.5695190
25.3544621	348.1683044
25.4378649	311.9670105
25.5212677	271.6368713
25.6046706	224.1868439
25.6880734	201.5281525
25.7714762	223.5132599
25.8548791	261.0761719
25.9382819	306.3964539
26.0216847	323.4976807
26.1050876	363.2702332
26.1884904	375.8460388
26.2718932	378.5695190
26.3552961	348.1683044
26.4386989	311.9670105
26.5221018	271.6368713
26.6055046	224.1868439
26.6889074	201.5281525
26.7723103	223.5132599
26.8557131	261.0761719
26.9391159	306.3964539
27.0225188	323.4976807
27.1059216	363.2702332
27.1893244	375.8460388
27.2727273	378.5695190
27.3561301	348.1683044
27.4395329	311.9670105
27.5229358	271.6368713
27.6063386	224.1868439
27.6897415	201.5281525
27.7731443	223.5132599
27.8565471	261.0761719
27.9399500	306.3964539
28.0233528	323.4976807
28.1067556	363.2702332
28.1901585	375.8460388
28.2735613	378.5695190
28.3569641	348.1683044
28.4403670	311.9670105
28.5237698	271.6368713
28.6071726	224.1868439
28.6905755	201.5281525
28.7739783	223.5132599
28.8573812	261.0761719
28.9407840	306.3964539
29.0241868	323.4976807
29.1075897	363.2702332
29.1909925	375.8460388
29.2743953	378.5695190
29.3577982	348.1683044
29.4412010	311.9670105
29.5246038	271.6368713
29.6080067	224.1868439
29.6914095	201.5281525
29.7748123	223.5132599
29.8582152	261.0761719
29.9416180	306.3964539
30.0250209	323.4976807
30.1084237	363.2702332
30.1918265	375.8460388
30.2752294	378.5695190
30.3586322	348.1683044
30.4420350	311.9670105
30.5254379	271.6368713
30.6088407	224.1868439
30.6922435	201.5281525
30.7756464	223.5132599
30.8590492	261.0761719
30.9424520	306.3964539
31.0258549	323.4976807
31.1092577	363.2702332
31.1926606	375.8460388
31.2760634	378.5695190
31.3594662	348.1683044
31.4428691	311.9670105
31.5262719	271.6368713
31.6096747	224.1868439
31.6930776	201.5281525
31.7764804	223.5132599
31.8598832	261.0761719
31.9432861	306.3964539
32.0266889	323.4976807
32.1100917	363.2702332
32.1934946	375.8460388
32.2768974	378.5695190
32.3603003	348.1683044
32.4437031	311.9670105
32.5271059	271.6368713
32.6105088	224.1868439
32.6939116	201.5281525
32.7773144	223.5132599
32.8607173	261.0761719
32.9441201	306.3964539
33.0275229	323.4976807
33.1109258	363.2702332
33.1943286	375.8460388
33.2777314	378.5695190
33.3611343	348.1683044
33.4445371	311.9670105
33.5279399	271.6368713
33.6113428	224.1868439
33.6947456	201.5281525
33.7781485	223.5132599
33.8615513	261.0761719
33.9449541	306.3964539
34.0283570	323.4976807
34.1117598	363.2702332
34.1951626	375.8460388
34.2785655	378.5695190
34.3619683	348.1683044
34.4453711	311.9670105
34.5287740	271.6368713
34.6121768	224.1868439
34.6955796	201.5281525
34.7789825	223.5132599
34.8623853	261.0761719
34.9457882	306.3964539
35.0291910	323.4976807
35.1125938	363.2702332
35.1959967	375.8460388
35.2793995	378.5695190
35.3628023	348.1683044
35.4462052	311.9670105
35.5296080	271.6368713
35.6130108	224.1868439
35.6964137	201.5281525
35.7798165	223.5132599
35.8632193	261.0761719
35.9466222	306.3964539
36.0300250	323.4976807
36.1134279	363.2702332
36.1968307	375.8460388
36.2802335	378.5695190
36.3636364	348.1683044
36.4470392	311.9670105
36.5304420	271.6368713
36.6138449	224.1868439
36.6972477	201.5281525
36.7806505	223.5132599
36.8640534	261.0761719
36.9474562	306.3964539
37.0308590	323.4976807
37.1142619	363.2702332
37.1976647	375.8460388
37.2810676	378.5695190
37.3644704	348.1683044
37.4478732	311.9670105
37.5312761	271.6368713
37.6146789	224.1868439
37.6980817	201.5281525
37.7814846	223.5132599
37.8648874	261.0761719
37.9482902	306.3964539
38.0316931	323.4976807
38.1150959	363.2702332
38.1984987	375.8460388
38.2819016	378.5695190
38.3653044	348.1683044
38.4487073	311.9670105
38.5321101	271.6368713
38.6155129	224.1868439
38.6989158	201.5281525
38.7823186	223.5132599
38.8657214	261.0761719
38.9491243	306.3964539
39.0325271	323.4976807
39.1159299	363.2702332
39.1993328	375.8460388
39.2827356	378.5695190
39.3661384	348.1683044
39.4495413	311.9670105
39.5329441	271.6368713
39.6163470	224.1868439
39.6997498	201.5281525
39.7831526	223.5132599
39.8665555	261.0761719
39.9499583	306.3964539
40.0333611	323.4976807
40.1167640	363.2702332
40.2001668	375.8460388
40.2835696	378.5695190
40.3669725	348.1683044
40.4503753	311.9670105
40.5337781	271.6368713
40.6171810	224.1868439
40.7005838	201.5281525
40.7839867	223.5132599
40.8673895	261.0761719
40.9507923	306.3964539
41.0341952	323.4976807
41.1175980	363.2702332
41.2010008	375.8460388
41.2844037	378.5695190
41.3678065	348.1683044
41.4512093	311.9670105
41.5346122	271.6368713
41.6180150	224.1868439
41.7014178	201.5281525
41.7848207	223.5132599
41.8682235	261.0761719
41.9516264	306.3964539
42.0350292	323.4976807
42.1184320	363.2702332
42.2018349	375.8460388
42.2852377	378.5695190
42.3686405	348.1683044
42.4520434	311.9670105
42.5354462	271.6368713
42.6188490	224.1868439
42.7022519	201.5281525
42.7856547	223.5132599
42.8690575	261.0761719
42.9524604	306.3964539
43.0358632	323.4976807
43.1192661	363.2702332
43.2026689	375.8460388
43.2860717	378.5695190
43.3694746	348.1683044
43.4528774	311.9670105
43.5362802	271.6368713
43.6196831	224.1868439
43.7030859	201.5281525
43.7864887	223.5132599
43.8698916	261.0761719
43.9532944	306.3964539
44.0366972	323.4976807
44.1201001	363.2702332
44.2035029	375.8460388
44.2869058	378.5695190
44.3703086	348.1683044
44.4537114	311.9670105
44.5371143	271.6368713
44.6205171	224.1868439
44.7039199	201.5281525
44.7873228	223.5132599
44.8707256	261.0761719
44.9541284	306.3964539
45.0375313	323.4976807
45.1209341	363.2702332
45.2043369	375.8460388
45.2877398	378.5695190
45.3711426	348.1683044
45.4545455	311.9670105
45.5379483	271.6368713
45.6213511	224.1868439
45.7047540	201.5281525
45.7881568	223.5132599
45.8715596	261.0761719
45.9549625	306.3964539
46.0383653	323.4976807
46.1217681	363.2702332
46.2051710	375.8460388
46.2885738	378.5695190
46.3719766	348.1683044
46.4553795	311.9670105
46.5387823	271.6368713
46.6221852	224.1868439
46.7055880	201.5281525
46.7889908	223.5132599
46.8723937	261.0761719
46.9557965	306.3964539
47.0391993	323.4976807
47.1226022	363.2702332
47.2060050	375.8460388
47.2894078	378.5695190
47.3728107	348.1683044
47.4562135	311.9670105
47.5396163	271.6368713
47.6230192	224.1868439
47.7064220	201.5281525
47.7898249	223.5132599
47.8732277	261.0761719
47.9566305	306.3964539
48.0400334	323.4976807
48.1234362	363.2702332
48.2068390	375.8460388
48.2902419	378.5695190
48.3736447	348.1683044
48.4570475	311.9670105
48.5404504	271.6368713
48.6238532	224.1868439
48.7072560	201.5281525
48.7906589	223.5132599
48.8740617	261.0761719
48.9574646	306.3964539
49.0408674	323.4976807
49.1242702	363.2702332
49.2076731	375.8460388
49.2910759	378.5695190
49.3744787	348.1683044
49.4578816	311.9670105
49.5412844	271.6368713
49.6246872	224.1868439
49.7080901	201.5281525
49.7914929	223.5132599
49.8748957	261.0761719
49.9582986	306.3964539
50.0417014	323.4976807
50.1251043	363.2702332
50.2085071	375.8460388
50.2919099	378.5695190
50.3753128	348.1683044
50.4587156	311.9670105
50.5421184	271.6368713
50.6255213	224.1868439
50.7089241	201.5281525
50.7923269	223.5132599
50.8757298	261.0761719
50.9591326	306.3964539
51.0425354	323.4976807
51.1259383	363.2702332
51.2093411	375.8460388
51.2927440	378.5695190
51.3761468	348.1683044
51.4595496	311.9670105
51.5429525	271.6368713
51.6263553	224.1868439
51.7097581	201.5281525
51.7931610	223.5132599
51.8765638	261.0761719
51.9599666	306.3964539
52.0433695	323.4976807
52.1267723	363.2702332
52.2101751	375.8460388
52.2935780	378.5695190
52.3769808	348.1683044
52.4603837	311.9670105
52.5437865	271.6368713
52.6271893	224.1868439
52.7105922	201.5281525
52.7939950	223.5132599
52.8773978	261.0761719
52.9608007	306.3964539
53.0442035	323.4976807
53.1276063	363.2702332
53.2110092	375.8460388
53.2944120	378.5695190
53.3778148	348.1683044
53.4612177	311.9670105
53.5446205	271.6368713
53.6280234	224.1868439
53.7114262	201.5281525
53.7948290	223.5132599
53.8782319	261.0761719
53.9616347	306.3964539
54.0450375	323.4976807
54.1284404	363.2702332
54.2118432	375.8460388
54.2952460	378.5695190
54.3786489	348.1683044
54.4620517	311.9670105
54.5454545	271.6368713
54.6288574	224.1868439
54.7122602	201.5281525
54.7956631	223.5132599
54.8790659	261.0761719
54.9624687	306.3964539
55.0458716	323.4976807
55.1292744	363.2702332
55.2126772	375.8460388
55.2960801	378.5695190
55.3794829	348.1683044
55.4628857	311.9670105
55.5462886	271.6368713
55.6296914	224.1868439
55.7130942	201.5281525
55.7964971	223.5132599
55.8798999	261.0761719
55.9633028	306.3964539
56.0467056	323.4976807
56.1301084	363.2702332
56.2135113	375.8460388
56.2969141	378.5695190
56.3803169	348.1683044
56.4637198	311.9670105
56.5471226	271.6368713
56.6305254	224.1868439
56.7139283	201.5281525
56.7973311	223.5132599
56.8807339	261.0761719
56.9641368	306.3964539
57.0475396	323.4976807
57.1309425	363.2702332
57.2143453	375.8460388
57.2977481	378.5695190
57.3811510	348.1683044
57.4645538	311.9670105
57.5479566	271.6368713
57.6313595	224.1868439
57.7147623	201.5281525
57.7981651	223.5132599
57.8815680	261.0761719
57.9649708	306.3964539
58.0483736	323.4976807
58.1317765	363.2702332
58.2151793	375.8460388
58.2985822	378.5695190
58.3819850	348.1683044
58.4653878	311.9670105
58.5487907	271.6368713
58.6321935	224.1868439
58.7155963	201.5281525
58.7989992	223.5132599
58.8824020	261.0761719
58.9658048	306.3964539
59.0492077	323.4976807
59.1326105	363.2702332
59.2160133	375.8460388
59.2994162	378.5695190
59.3828190	348.1683044
59.4662219	311.9670105
59.5496247	271.6368713
59.6330275	224.1868439
59.7164304	201.5281525
59.7998332	223.5132599
59.8832360	261.0761719
59.9666389	306.3964539
60.0500417	323.4976807
60.1334445	363.2702332
60.2168474	375.8460388
60.3002502	378.5695190
60.3836530	348.1683044
60.4670559	311.9670105
60.5504587	271.6368713
60.6338616	224.1868439
60.7172644	201.5281525
60.8006672	223.5132599
60.8840701	261.0761719
60.9674729	306.3964539
61.0508757	323.4976807
61.1342786	363.2702332
61.2176814	375.8460388
61.3010842	378.5695190
61.3844871	348.1683044
61.4678899	311.9670105
61.5512927	271.6368713
61.6346956	224.1868439
61.7180984	201.5281525
61.8015013	223.5132599
61.8849041	261.0761719
61.9683069	306.3964539
62.0517098	323.4976807
62.1351126	363.2702332
62.2185154	375.8460388
62.3019183	378.5695190
62.3853211	348.1683044
62.4687239	311.9670105
62.5521268	271.6368713
62.6355296	224.1868439
62.7189324	201.5281525
62.8023353	223.5132599
62.8857381	261.0761719
62.9691410	306.3964539
63.0525438	323.4976807
63.1359466	363.2702332
63.2193495	375.8460388
63.3027523	378.5695190
63.3861551	348.1683044
63.4695580	311.9670105
63.5529608	271.6368713
63.6363636	224.1868439
63.7197665	201.5281525
63.8031693	223.5132599
63.8865721	261.0761719
63.9699750	306.3964539
64.0533778	323.4976807
64.1367807	363.2702332
64.2201835	375.8460388
64.3035863	378.5695190
64.3869892	348.1683044
64.4703920	311.9670105
64.5537948	271.6368713
64.6371977	224.1868439
64.7206005	201.5281525
64.8040033	223.5132599
64.8874062	261.0761719
64.9708090	306.3964539
65.0542118	323.4976807
65.1376147	363.2702332
65.2210175	375.8460388
65.3044204	378.5695190
65.3878232	348.1683044
65.4712260	311.9670105
65.5546289	271.6368713
65.6380317	224.1868439
65.7214345	201.5281525
65.8048374	223.5132599
65.8882402	261.0761719
65.9716430	306.3964539
66.0550459	323.4976807
66.1384487	363.2702332
66.2218515	375.8460388
66.3052544	378.5695190
66.3886572	348.1683044
66.4720601	311.9670105
66.5554629	271.6368713
66.6388657	224.1868439
66.7222686	201.5281525
66.8056714	223.5132599
66.8890742	261.0761719
66.9724771	306.3964539
67.0558799	323.4976807
67.1392827	363.2702332
67.2226856	375.8460388
67.3060884	378.5695190
67.3894912	348.1683044
67.4728941	311.9670105
67.5562969	271.6368713
67.6396997	224.1868439
67.7231026	201.5281525
67.8065054	223.5132599
67.8899083	261.0761719
67.9733111	306.3964539
68.0567139	323.4976807
68.1401168	363.2702332
68.2235196	375.8460388
68.3069224	378.5695190
68.3903253	348.1683044
68.4737281	311.9670105
68.5571309	271.6368713
68.6405338	224.1868439
68.7239366	201.5281525
68.8073394	223.5132599
68.8907423	261.0761719
68.9741451	306.3964539
69.0575480	323.4976807
69.1409508	363.2702332
69.2243536	375.8460388
69.3077565	378.5695190
69.3911593	348.1683044
69.4745621	311.9670105
69.5579650	271.6368713
69.6413678	224.1868439
69.7247706	201.5281525
69.8081735	223.5132599
69.8915763	261.0761719
69.9749791	306.3964539
70.0583820	323.4976807
70.1417848	363.2702332
70.2251877	375.8460388
70.3085905	378.5695190
70.3919933	348.1683044
70.4753962	311.9670105
70.5587990	271.6368713
70.6422018	224.1868439
70.7256047	201.5281525
70.8090075	223.5132599
70.8924103	261.0761719
70.9758132	306.3964539
71.0592160	323.4976807
71.1426188	363.2702332
71.2260217	375.8460388
71.3094245	378.5695190
71.3928274	348.1683044
71.4762302	311.9670105
71.5596330	271.6368713
71.6430359	224.1868439
71.7264387	201.5281525
71.8098415	223.5132599
71.8932444	261.0761719
71.9766472	306.3964539
72.0600500	323.4976807
72.1434529	363.2702332
72.2268557	375.8460388
72.3102585	378.5695190
72.3936614	348.1683044
72.4770642	311.9670105
72.5604671	271.6368713
72.6438699	224.1868439
72.7272727	201.5281525
72.8106756	223.5132599
72.8940784	261.0761719
72.9774812	306.3964539
73.0608841	323.4976807
73.1442869	363.2702332
73.2276897	375.8460388
73.3110926	378.5695190
73.3944954	348.1683044
73.4778982	311.9670105
73.5613011	271.6368713
73.6447039	224.1868439
73.7281068	201.5281525
73.8115096	223.5132599
73.8949124	261.0761719
73.9783153	306.3964539
74.0617181	323.4976807
74.1451209	363.2702332
74.2285238	375.8460388
74.3119266	378.5695190
74.3953294	348.1683044
74.4787323	311.9670105
74.5621351	271.6368713
74.6455379	224.1868439
74.7289408	201.5281525
74.8123436	223.5132599
74.8957465	261.0761719
74.9791493	306.3964539
75.0625521	323.4976807
75.1459550	363.2702332
75.2293578	375.8460388
75.3127606	378.5695190
75.3961635	348.1683044
75.4795663	311.9670105
75.5629691	271.6368713
75.6463720	224.1868439
75.7297748	201.5281525
75.8131776	223.5132599
75.8965805	261.0761719
75.9799833	306.3964539
76.0633862	323.4976807
76.1467890	363.2702332
76.2301918	375.8460388
76.3135947	378.5695190
76.3969975	348.1683044
76.4804003	311.9670105
76.5638032	271.6368713
76.6472060	224.1868439
76.7306088	201.5281525
76.8140117	223.5132599
76.8974145	261.0761719
76.9808173	306.3964539
77.0642202	323.4976807
77.1476230	363.2702332
77.2310259	375.8460388
77.3144287	378.5695190
77.3978315	348.1683044
77.4812344	311.9670105
77.5646372	271.6368713
77.6480400	224.1868439
77.7314429	201.5281525
77.8148457	223.5132599
77.8982485	261.0761719
77.9816514	306.3964539
78.0650542	323.4976807
78.1484570	363.2702332
78.2318599	375.8460388
78.3152627	378.5695190
78.3986656	348.1683044
78.4820684	311.9670105
78.5654712	271.6368713
78.6488741	224.1868439
78.7322769	201.5281525
78.8156797	223.5132599
78.8990826	261.0761719
78.9824854	306.3964539
79.0658882	323.4976807
79.1492911	363.2702332
79.2326939	375.8460388
79.3160967	378.5695190
79.3994996	348.1683044
79.4829024	311.9670105
79.5663053	271.6368713
79.6497081	224.1868439
79.7331109	201.5281525
79.8165138	223.5132599
79.8999166	261.0761719
79.9833194	306.3964539
80.0667223	323.4976807
80.1501251	363.2702332
80.2335279	375.8460388
80.3169308	378.5695190
80.4003336	348.1683044
80.4837364	311.9670105
80.5671393	271.6368713
80.6505421	224.1868439
80.7339450	201.5281525
80.8173478	223.5132599
80.9007506	261.0761719
80.9841535	306.3964539
81.0675563	323.4976807
81.1509591	363.2702332
81.2343620	375.8460388
81.3177648	378.5695190
81.4011676	348.1683044
81.4845705	311.9670105
81.5679733	271.6368713
81.6513761	224.1868439
81.7347790	201.5281525
81.8181818	223.5132599
81.9015847	261.0761719
81.9849875	306.3964539
82.0683903	323.4976807
82.1517932	363.2702332
82.2351960	375.8460388
82.3185988	378.5695190
82.4020017	348.1683044
82.4854045	311.9670105
82.5688073	271.6368713
82.6522102	224.1868439
82.7356130	201.5281525
82.8190158	223.5132599
82.9024187	261.0761719
82.9858215	306.3964539
83.0692244	323.4976807
83.1526272	363.2702332
83.2360300	375.8460388
83.3194329	378.5695190
83.4028357	348.1683044
83.4862385	311.9670105
83.5696414	271.6368713
83.6530442	224.1868439
83.7364470	201.5281525
83.8198499	223.5132599
83.9032527	261.0761719
83.9866555	306.3964539
84.0700584	323.4976807
84.1534612	363.2702332
84.2368641	375.8460388
84.3202669	378.5695190
84.4036697	348.1683044
84.4870726	311.9670105
84.5704754	271.6368713
84.6538782	224.1868439
84.7372811	201.5281525
84.8206839	223.5132599
84.9040867	261.0761719
84.9874896	306.3964539
85.0708924	323.4976807
85.1542952	363.2702332
85.2376981	375.8460388
85.3211009	378.5695190
85.4045038	348.1683044
85.4879066	311.9670105
85.5713094	271.6368713
85.6547123	224.1868439
85.7381151	201.5281525
85.8215179	223.5132599
85.9049208	261.0761719
85.9883236	306.3964539
86.0717264	323.4976807
86.1551293	363.2702332
86.2385321	375.8460388
86.3219349	378.5695190
86.4053378	348.1683044
86.4887406	311.9670105
86.5721435	271.6368713
86.6555463	224.1868439
86.7389491	201.5281525
86.8223520	223.5132599
86.9057548	261.0761719
86.9891576	306.3964539
87.0725605	323.4976807
87.1559633	363.2702332
87.2393661	375.8460388
87.3227690	378.5695190
87.4061718	348.1683044
87.4895746	311.9670105
87.5729775	271.6368713
87.6563803	224.1868439
87.7397832	201.5281525
87.8231860	223.5132599
87.9065888	261.0761719
87.9899917	306.3964539
88.0733945	323.4976807
88.1567973	363.2702332
88.2402002	375.8460388
88.3236030	378.5695190
88.4070058	348.1683044
88.4904087	311.9670105
88.5738115	271.6368713
88.6572143	224.1868439
88.7406172	201.5281525
88.8240200	223.5132599
88.9074229	261.0761719
88.9908257	306.3964539
89.0742285	323.4976807
89.1576314	363.2702332
89.2410342	375.8460388
89.3244370	378.5695190
89.4078399	348.1683044
89.4912427	311.9670105
89.5746455	271.6368713
89.6580484	224.1868439
89.7414512	201.5281525
89.8248540	223.5132599
89.9082569	261.0761719
89.9916597	306.3964539
90.0750626	323.4976807
90.1584654	363.2702332
90.2418682	375.8460388
90.3252711	378.5695190
90.4086739	348.1683044
90.4920767	311.9670105
90.5754796	271.6368713
90.6588824	224.1868439
90.7422852	201.5281525
90.8256881	223.5132599
90.9090909	261.0761719
90.9924937	306.3964539
91.0758966	323.4976807
91.1592994	363.2702332
91.2427023	375.8460388
91.3261051	378.5695190
91.4095079	348.1683044
91.4929108	311.9670105
91.5763136	271.6368713
91.6597164	224.1868439
91.7431193	201.5281525
91.8265221	223.5132599
91.9099249	261.0761719
91.9933278	306.3964539
92.0767306	323.4976807
92.1601334	363.2702332
92.2435363	375.8460388
92.3269391	378.5695190
92.4103420	348.1683044
92.4937448	311.9670105
92.5771476	271.6368713
92.6605505	224.1868439
92.7439533	201.5281525
92.8273561	223.5132599
92.9107590	261.0761719
92.9941618	306.3964539
93.0775646	323.4976807
93.1609675	363.2702332
93.2443703	375.8460388
93.3277731	378.5695190
93.4111760	348.1683044
93.4945788	311.9670105
93.5779817	271.6368713
93.6613845	224.1868439
93.7447873	201.5281525
93.8281902	223.5132599
93.9115930	261.0761719
93.9949958	306.3964539
94.0783987	323.4976807
94.1618015	363.2702332
94.2452043	375.8460388
94.3286072	378.5695190
94.4120100	348.1683044
94.4954128	311.9670105
94.5788157	271.6368713
94.6622185	224.1868439
94.7456214	201.5281525
94.8290242	223.5132599
94.9124270	261.0761719
94.9958299	306.3964539
95.0792327	323.4976807
95.1626355	363.2702332
95.2460384	375.8460388
95.3294412	378.5695190
95.4128440	348.1683044
95.4962469	311.9670105
95.5796497	271.6368713
95.6630525	224.1868439
95.7464554	201.5281525
95.8298582	223.5132599
95.9132611	261.0761719
95.9966639	306.3964539
96.0800667	323.4976807
96.1634696	363.2702332
96.2468724	375.8460388
96.3302752	378.5695190
96.4136781	348.1683044
96.4970809	311.9670105
96.5804837	271.6368713
96.6638866	224.1868439
96.7472894	201.5281525
96.8306922	223.5132599
96.9140951	261.0761719
96.9974979	306.3964539
97.0809008	323.4976807
97.1643036	363.2702332
97.2477064	375.8460388
97.3311093	378.5695190
97.4145121	348.1683044
97.4979149	311.9670105
97.5813178	271.6368713
97.6647206	224.1868439
97.7481234	201.5281525
97.8315263	223.5132599
97.9149291	261.0761719
97.9983319	306.3964539
98.0817348	323.4976807
98.1651376	363.2702332
98.2485405	375.8460388
98.3319433	378.5695190
98.4153461	348.1683044
98.4987490	311.9670105
98.5821518	271.6368713
98.6655546	224.1868439
98.7489575	201.5281525
98.8323603	223.5132599
98.9157631	261.0761719
98.9991660	306.3964539
99.0825688	323.4976807
99.1659716	363.2702332
99.2493745	375.8460388
99.3327773	378.5695190
99.4161802	348.1683044
99.4995830	311.9670105
99.5829858	271.6368713
99.6663887	224.1868439
99.7497915	201.5281525
99.8331943	223.5132599
99.9165972	261.0761719
100.0000000	306.3964539
