# time(yr)	runoff(mm/month)
0.0000000	4.4871610
0.0833610	3.5392534
0.1667220	3.8158522
0.2500830	30.1817775
0.3334440	18.9547926
0.4168050	3.8221836
0.5001661	4.8140787
0.5835271	16.9706936
0.6668881	19.3234904
0.7502491	12.5288859
0.8336101	11.8161512
0.9169711	11.4280378
1.0003321	11.3071840
1.0836931	8.9929927
1.1670541	7.4850835
1.2504151	16.5835809
1.3337762	189.8362327
1.4171372	8.2252066
1.5004982	11.1754802
1.5838592	20.8099873
1.6672202	27.1562866
1.7505812	25.8428107
1.8339422	26.2519911
1.9173032	18.0713272
2.0006642	8.5195817
2.0840252	6.6810916
2.1673863	24.0311314
2.2507473	15.1794602
2.3341083	143.4846340
2.4174693	5.7018782
2.5008303	27.5640526
2.5841913	27.9217660
2.6675523	30.5865283
2.7509133	33.2149960
2.8342743	33.7852488
2.9176353	30.6596906
3.0009963	21.8403807
3.0843574	12.9024588
3.1677184	11.4210787
3.2510794	49.8509762
3.3344404	41.2597198
3.4178014	12.2668810
3.5011624	27.4270540
3.5845234	24.4677474
3.6678844	29.8419073
3.7512454	32.0455036
3.8346064	40.7515753
3.9179675	30.7049033
4.0013285	23.6892197
4.0846895	21.6767905
4.1680505	23.6471093
4.2514115	28.8413752
4.3347725	27.6598436
4.4181335	22.7848771
4.5014945	29.0909637
4.5848555	26.2623118
4.6682165	30.2638955
4.7515775	27.2695884
4.8349386	22.4821432
4.9182996	16.6948247
5.0016606	9.2052881
5.0850216	13.5180340
5.1683826	14.8103487
5.2517436	42.1428481
5.3351046	15.4473056
5.4184656	16.1321675
5.5018266	16.1123004
5.5851876	21.6265918
5.6685487	17.4441900
5.7519097	12.7905655
5.8352707	12.6220331
5.9186317	6.4232393
6.0019927	5.8370692
6.0853537	5.1234735
6.1687147	19.4472580
6.2520757	31.8862087
6.3354367	14.6025701
6.4187977	1.5108601
6.5021588	4.1395724
6.5855198	3.7407198
6.6688808	3.9247843
6.7522418	3.3697568
6.8356028	6.3604615
6.9189638	4.5344772
7.0023248	2.8729196
7.0856858	1.5992655
7.1690468	3.4179084
7.2524078	61.6333787
7.3357688	3.1592115
7.4191299	4.5033455
7.5024909	7.5982233
7.5858519	13.5893186
7.6692129	9.9794092
7.7525739	9.2812085
7.8359349	8.6972285
7.9192959	9.0357885
8.0026569	9.8297225
8.0860179	6.6438534
8.1693789	26.5240079
8.2527400	26.5137414
8.3361010	10.0585899
8.4194620	5.6107838
8.5028230	26.6387855
8.5861840	18.7658886
8.6695450	23.0310449
8.7529060	24.2657763
8.8362670	27.8864826
8.9196280	18.8312902
9.0029890	14.1172889
9.0863500	6.1129687
9.1697111	4.2752030
9.2530721	52.2765628
9.3364331	11.0835400
9.4197941	5.9922888
9.5031551	14.8516069
9.5865161	16.4701553
9.6698771	17.4205464
9.7532381	14.2819729
9.8365991	12.4817059
9.9199601	6.5128103
10.0033212	7.2114536
10.0866822	3.6986241
10.1700432	3.1031853
10.2534042	25.9861884
10.3367652	61.0631023
10.4201262	4.2291286
10.5034872	8.6592789
10.5868482	15.2403309
10.6702092	17.8155470
10.7535702	11.0926549
10.8369313	6.7597732
10.9202923	6.5785272
11.0036533	7.1918140
11.0870143	6.9847007
11.1703753	15.1817516
11.2537363	71.6685914
11.3370973	81.9385455
11.4204583	3.4195179
11.5038193	7.2428136
11.5871803	5.7819901
11.6705413	4.5271984
11.7539024	7.8764825
11.8372634	7.8950595
11.9206244	6.6986196
12.0039854	4.7620286
12.0873464	3.0695603
12.1707074	2.3004947
12.2540684	28.0969145
12.3374294	20.6565104
12.4207904	4.7939155
12.5041514	3.9309283
12.5875125	4.2460407
12.6708735	5.2219437
12.7542345	6.8331741
12.8375955	7.5852734
12.9209565	7.6218368
13.0043175	7.0407246
13.0876785	3.3267986
13.1710395	3.9400444
13.2544005	26.0139893
13.3377615	39.4200676
13.4211226	5.8110240
13.5044836	15.9932005
13.5878446	15.5720574
13.6712056	19.6248712
13.7545666	18.2285264
13.8379276	20.9154507
13.9212886	14.2149116
14.0046496	16.1425059
14.0880106	21.3407110
14.1713716	22.1383832
14.2547326	54.3464916
14.3380937	19.8305965
14.4214547	12.2751743
14.5048157	19.5689805
14.5881767	16.6621345
14.6715377	15.8262770
14.7548987	11.9457298
14.8382597	15.5303289
14.9216207	6.1294736
15.0049817	5.1560417
15.0883427	7.2171196
15.1717038	11.1207211
15.2550648	10.8145630
15.3384258	11.4756339
15.4217868	8.4449543
15.5051478	14.6921033
15.5885088	14.2737997
15.6718698	8.0473217
15.7552308	6.2238507
15.8385918	5.9243335
15.9219528	6.9346865
16.0053138	3.8609335
16.0886749	1.9877280
16.1720359	35.6828934
16.2553969	55.3460335
16.3387579	3.1864876
16.4221189	4.9189687
16.5054799	6.8785141
16.5888409	14.5178612
16.6722019	17.3472451
16.7555629	19.6604492
16.8389239	12.3744084
16.9222850	9.7275741
17.0056460	7.9291430
17.0890070	10.8002936
17.1723680	11.9701384
17.2557290	75.0867844
17.3390900	19.5192651
17.4224510	19.7112019
17.5058120	29.8890814
17.5891730	29.7602537
17.6725340	33.7889169
17.7558951	34.0644770
17.8392561	35.0121913
17.9226171	28.4876977
18.0059781	27.2309057
18.0893391	16.2535458
18.1727001	10.7670777
18.2560611	19.3605347
18.3394221	86.8250043
18.4227831	7.5544473
18.5061441	7.5431889
18.5895051	13.3740116
18.6728662	17.8207415
18.7562272	14.7243586
18.8395882	10.9681483
18.9229492	9.7508406
19.0063102	8.5024746
19.0896712	6.5742739
19.1730322	5.6073284
19.2563932	29.9119059
19.3397542	27.0943409
19.4231152	7.6078161
19.5064763	11.2458147
19.5898373	20.2376953
19.6731983	17.1651681
19.7565593	18.2564086
19.8399203	15.1391037
19.9232813	17.0733989
20.0066423	7.2088421
20.0900033	8.5997307
20.1733643	13.0917435
20.2567253	34.7067581
20.3400864	10.1496649
20.4234474	22.3651072
20.5068084	26.2100103
20.5901694	21.1203427
20.6735304	24.0166074
20.7568914	24.4919344
20.8402524	17.5491620
20.9236134	11.6967731
21.0069744	5.8266230
21.0903354	4.6803711
21.1736964	4.2876837
21.2570575	40.0657198
21.3404185	9.5432818
21.4237795	7.5830256
21.5071405	14.1020966
21.5905015	19.2447647
21.6738625	22.2082380
21.7572235	26.4642334
21.8405845	25.7267223
21.9239455	10.3698588
22.0073065	9.2108858
22.0906676	9.6914274
22.1740286	53.8257585
22.2573896	50.6890969
22.3407506	12.2279153
22.4241116	7.5988892
22.5074726	12.8799880
22.5908336	12.3476883
22.6741946	12.3404110
22.7575556	14.5529666
22.8409166	9.6006788
22.9242776	9.9171523
23.0076387	6.9221056
23.0909997	7.6356395
23.1743607	19.4734052
23.2577217	69.4242896
23.3410827	37.1126745
23.4244437	8.8130816
23.5078047	23.6844695
23.5911657	27.1910018
23.6745267	25.2429323
23.7578877	24.3346952
23.8412488	28.0870393
23.9246098	29.2104867
24.0079708	19.6554562
24.0913318	23.7120206
24.1746928	28.7116964
24.2580538	38.3856053
24.3414148	24.5304380
24.4247758	26.0716421
24.5081368	23.3327581
24.5914978	21.2552148
24.6748589	17.6156433
24.7582199	15.3967073
24.8415809	11.7171353
24.9249419	12.0756490
25.0083029	5.6686063
25.0916639	5.6392024
25.1750249	6.9144423
25.2583859	10.9221670
25.3417469	63.0620401
25.4251079	8.4563206
25.5084689	10.6709178
25.5918300	16.8665786
25.6751910	19.1008589
25.7585520	21.1142865
25.8419130	13.0340459
25.9252740	7.0174976
26.0086350	9.4737464
26.0919960	13.6692548
26.1753570	20.6249989
26.2587180	63.6136364
26.3420790	112.1153394
26.4254401	12.0648568
26.5088011	21.0971057
26.5921621	24.6544189
26.6755231	23.8568929
26.7588841	24.7180501
26.8422451	17.2309717
26.9256061	8.4064614
27.0089671	6.3287154
27.0923281	5.7163050
27.1756891	5.3486710
27.2590501	37.0310704
27.3424112	69.1290004
27.4257722	7.9741318
27.5091332	17.6269200
27.5924942	20.3816175
27.6758552	16.7205276
27.7592162	9.5100877
27.8425772	8.5370171
27.9259382	6.5610871
28.0092992	6.3295629
28.0926602	12.3637175
28.1760213	6.8467557
28.2593823	12.2644599
28.3427433	12.2717054
28.4261043	5.1233037
28.5094653	4.9099001
28.5928263	5.9919322
28.6761873	8.7603092
28.7595483	12.4592374
28.8429093	10.8296068
28.9262703	12.0589680
29.0096314	6.4034017
29.0929924	4.9723605
29.1763534	8.6616599
29.2597144	7.6685206
29.3430754	96.4910371
29.4264364	11.0622538
29.5097974	21.2282814
29.5931584	36.2553787
29.6765194	27.9004291
29.7598804	34.1905277
29.8432414	33.3722423
29.9266025	26.7036709
30.0099635	21.8246190
30.0933245	20.9714157
30.1766855	15.5294378
30.2600465	48.1848765
30.3434075	42.8395100
30.4267685	7.9364798
30.5101295	15.5145425
30.5934905	22.5231126
30.6768515	16.3463594
30.7602126	14.5136427
30.8435736	11.3107201
30.9269346	7.5700770
31.0102956	5.1584521
31.0936566	3.3183010
31.1770176	3.6401456
31.2603786	20.1156639
31.3437396	64.5096267
31.4271006	9.6848284
31.5104616	9.6019630
31.5938227	22.3227893
31.6771837	25.4707335
31.7605447	23.4092065
31.8439057	26.0407058
31.9272667	20.9336476
32.0106277	14.9073585
32.0939887	23.1090611
32.1773497	27.2929009
32.2607107	104.0923933
32.3440717	18.0846324
32.4274327	18.1505079
32.5107938	29.2958085
32.5941548	24.9629827
32.6775158	34.1273303
32.7608768	28.8706661
32.8442378	24.0546961
32.9275988	19.3321456
33.0109598	11.3835841
33.0943208	6.4998911
33.1776818	5.1831961
33.2610428	51.9590102
33.3444039	23.8430030
33.4277649	4.8798018
33.5111259	8.0232413
33.5944869	6.5719164
33.6778479	11.8248842
33.7612089	9.3303452
33.8445699	7.9853082
33.9279309	8.4259507
34.0112919	5.7066520
34.0946529	12.0117420
34.1780139	14.8467365
34.2613750	90.2123483
34.3447360	46.8791070
34.4280970	5.7085615
34.5114580	5.1748886
34.5948190	7.2823804
34.6781800	8.7561649
34.7615410	7.7909757
34.8449020	9.9817560
34.9282630	9.0437737
35.0116240	4.7280559
35.0949851	3.7157654
35.1783461	3.4309879
35.2617071	22.1794234
35.3450681	7.2376585
35.4284291	4.3124648
35.5117901	8.6429833
35.5951511	13.1875793
35.6785121	8.4769662
35.7618731	13.5198964
35.8452341	11.1481979
35.9285952	10.6540352
36.0119562	12.3609935
36.0953172	13.0271281
36.1786782	10.5238543
36.2620392	101.8459322
36.3454002	45.5893254
36.4287612	15.6246194
36.5121222	29.1587439
36.5954832	27.7356084
36.6788442	32.0980456
36.7622052	29.6028400
36.8455663	27.8063519
36.9289273	18.3165108
37.0122883	8.0283015
37.0956493	4.8679797
37.1790103	6.5179076
37.2623713	17.6301921
37.3457323	72.4068427
37.4290933	12.4071375
37.5124543	23.0325466
37.5958153	28.5633281
37.6791764	25.7785241
37.7625374	22.3228883
37.8458984	20.9102409
37.9292594	15.7532043
38.0126204	5.6507590
38.0959814	11.1339509
38.1793424	13.0764003
38.2627034	98.5197583
38.3460644	44.6793226
38.4294254	3.6423989
38.5127864	7.6348097
38.5961475	14.1220061
38.6795085	17.4403887
38.7628695	21.8427758
38.8462305	10.4541067
38.9295915	9.6818268
39.0129525	7.9818417
39.0963135	6.8901185
39.1796745	7.9111883
39.2630355	20.4048640
39.3463965	5.4068466
39.4297576	6.6855112
39.5131186	7.4578460
39.5964796	8.8540234
39.6798406	7.5185257
39.7632016	5.6936951
39.8465626	7.3731371
39.9299236	3.6476191
40.0132846	5.4779237
40.0966456	1.8127720
40.1800066	1.9083703
40.2633677	24.2745529
40.3467287	4.4320459
40.4300897	1.9983723
40.5134507	6.3654598
40.5968117	9.7769672
40.6801727	9.8400733
40.7635337	11.8546065
40.8468947	9.2791640
40.9302557	7.2127224
41.0136167	7.5007243
41.0969777	5.7252667
41.1803388	6.0750209
41.2636998	20.9947611
41.3470608	6.4371250
41.4304218	5.0478973
41.5137828	14.0880099
41.5971438	13.7502861
41.6805048	11.0007784
41.7638658	10.9091376
41.8472268	11.3006999
41.9305878	7.9687068
42.0139489	6.6311753
42.0973099	3.6798164
42.1806709	5.2070030
42.2640319	86.8522088
42.3473929	8.3568933
42.4307539	12.1668313
42.5141149	22.0711664
42.5974759	27.2693739
42.6808369	30.8029339
42.7641979	27.6612509
42.8475590	23.9199065
42.9309200	12.4160084
43.0142810	7.2880676
43.0976420	8.3866957
43.1810030	8.8753267
43.2643640	21.8551451
43.3477250	52.0578658
43.4310860	7.3434214
43.5144470	15.8016503
43.5978080	19.1689091
43.6811690	17.1272327
43.7645301	16.5316636
43.8478911	15.7185728
43.9312521	16.7601721
44.0146131	9.7965425
44.0979741	7.2606492
44.1813351	7.4382235
44.2646961	46.9243645
44.3480571	17.6736839
44.4314181	7.3274293
44.5147791	16.0266545
44.5981402	16.1367090
44.6815012	17.2725010
44.7648622	11.5353058
44.8482232	6.0635391
44.9315842	10.0225639
45.0149452	5.8920700
45.0983062	4.3843868
45.1816672	2.7062109
45.2650282	59.1035663
45.3483892	5.4896276
45.4317502	3.0123448
45.5151113	11.9374176
45.5984723	15.0531030
45.6818333	13.2587955
45.7651943	10.9382045
45.8485553	14.1064012
45.9319163	9.3549618
46.0152773	4.0423065
46.0986383	11.2100905
46.1819993	14.0086406
46.2653603	12.4993641
46.3487214	86.7219478
46.4320824	7.3526448
46.5154434	12.8653614
46.5988044	12.9624243
46.6821654	14.5750567
46.7655264	12.5374740
46.8488874	10.0857673
46.9322484	11.7924368
47.0156094	4.9536321
47.0989704	4.3441776
47.1823315	2.7980303
47.2656925	28.1225796
47.3490535	78.6363040
47.4324145	10.1059043
47.5157755	18.3574449
47.5991365	26.8688617
47.6824975	26.0103164
47.7658585	27.6606451
47.8492195	24.6250857
47.9325805	13.2881559
48.0159415	8.5400688
48.0993026	4.9128174
48.1826636	4.6379693
48.2660246	36.8581496
48.3493856	32.0707939
48.4327466	3.4538444
48.5161076	2.5049455
48.5994686	4.8844548
48.6828296	4.6977871
48.7661906	5.2933656
48.8495516	3.2899856
48.9329127	5.2490191
49.0162737	9.1992561
49.0996347	1.5661143
49.1829957	20.7843551
49.2663567	47.9189748
49.3497177	5.8702751
49.4330787	2.5996209
49.5164397	2.2994553
49.5998007	7.0181412
49.6831617	9.4475456
49.7665227	8.0125228
49.8498838	4.6709810
49.9332448	7.8400158
50.0166058	4.8923203
50.0999668	2.5382493
50.1833278	1.6102737
50.2666888	39.7022024
50.3500498	4.0910247
50.4334108	1.8123565
50.5167718	9.3082916
50.6001328	6.2284913
50.6834939	9.2923826
50.7668549	16.1347040
50.8502159	9.1493456
50.9335769	12.0044611
51.0169379	6.0366694
51.1002989	6.9377765
51.1836599	4.7015551
51.2670209	4.7134064
51.3503819	107.7937726
51.4337429	12.9852782
51.5171040	16.2638937
51.6004650	25.8938910
51.6838260	26.0747940
51.7671870	25.4471170
51.8505480	29.2524227
51.9339090	21.0356244
52.0172700	19.3538880
52.1006310	28.6232323
52.1839920	23.0937332
52.2673530	64.8636720
52.3507140	56.6327033
52.4340751	28.0801957
52.5174361	34.1007882
52.6007971	31.6849495
52.6841581	36.1573057
52.7675191	31.3439878
52.8508801	31.0451554
52.9342411	26.4090441
53.0176021	15.9498501
53.1009631	13.4746105
53.1843241	4.4160574
53.2676852	4.9043870
53.3510462	78.5302394
53.4344072	4.0532363
53.5177682	7.4040286
53.6011292	7.3890479
53.6844902	11.8443305
53.7678512	12.4859716
53.8512122	11.2221640
53.9345732	6.6000604
54.0179342	11.9703801
54.1012953	3.1998868
54.1846563	2.5864235
54.2680173	9.8218487
54.3513783	75.4546394
54.4347393	2.6624350
54.5181003	17.6006089
54.6014613	18.3832538
54.6848223	17.7006138
54.7681833	19.0298926
54.8515443	14.0165132
54.9349053	17.7159983
55.0182664	9.5027208
55.1016274	6.5063474
55.1849884	6.6468650
55.2683494	21.0940552
55.3517104	62.3427895
55.4350714	8.8547494
55.5184324	27.1644385
55.6017934	23.6804926
55.6851544	19.3971288
55.7685154	17.3052042
55.8518765	15.6480167
55.9352375	10.3185969
56.0185985	6.1044903
56.1019595	3.6763121
56.1853205	3.7224501
56.2686815	3.2976616
56.3520425	87.2290739
56.4354035	6.1927299
56.5187645	10.2187936
56.6021255	18.4895047
56.6854865	21.3524156
56.7688476	28.8603712
56.8522086	24.7905900
56.9355696	22.9508411
57.0189306	28.5858367
57.1022916	28.2686848
57.1856526	25.7544361
57.2690136	58.9525742
57.3523746	76.3444816
57.4357356	23.1001736
57.5190966	20.1540355
57.6024577	25.3056299
57.6858187	25.1555926
57.7691797	28.8814418
57.8525407	27.2277798
57.9359017	22.6586260
58.0192627	16.6163512
58.1026237	10.5407663
58.1859847	6.1070063
58.2693457	92.5474197
58.3527067	14.4408058
58.4360678	12.3272177
58.5194288	25.8726956
58.6027898	28.7858087
58.6861508	30.6693253
58.7695118	31.6157996
58.8528728	25.6604956
58.9362338	20.2490108
59.0195948	7.8444436
59.1029558	4.8421837
59.1863168	7.7095278
59.2696778	23.4788444
59.3530389	54.2519736
59.4363999	5.9671441
59.5197609	16.3499981
59.6031219	19.5397050
59.6864829	26.4592310
59.7698439	28.5915628
59.8532049	24.8420688
59.9365659	15.9656153
60.0199269	10.3224265
60.1032879	12.7014755
60.1866490	13.5328704
60.2700100	70.7699466
60.3533710	15.1772348
60.4367320	6.1500278
60.5200930	15.1485793
60.6034540	20.7797323
60.6868150	16.5098187
60.7701760	10.1287146
60.8535370	6.9591936
60.9368980	5.5642921
61.0202591	5.2186510
61.1036201	2.3710944
61.1869811	2.4614690
61.2703421	15.7111717
61.3537031	2.8533292
61.4370641	4.7263774
61.5204251	3.1305194
61.6037861	3.1253540
61.6871471	10.0760382
61.7705081	8.2491826
61.8538691	7.8667836
61.9372302	6.0232852
62.0205912	8.5203638
62.1039522	12.0446974
62.1873132	13.4629720
62.2706742	57.0815590
62.3540352	21.6421885
62.4373962	11.0364849
62.5207572	23.1744768
62.6041182	23.8822280
62.6874792	19.8000916
62.7708403	27.3876263
62.8542013	18.8815573
62.9375623	11.1444001
63.0209233	15.6319651
63.1042843	18.3020021
63.1876453	19.7778329
63.2710063	31.1165307
63.3543673	12.2996832
63.4377283	9.8934769
63.5210893	13.5531760
63.6044503	11.2947321
63.6878114	8.8065964
63.7711724	8.7710048
63.8545334	5.5546085
63.9378944	5.2597949
64.0212554	4.3338350
64.1046164	6.6147588
64.1879774	1.0869739
64.2713384	68.9407706
64.3546994	9.8929134
64.4380604	1.1079365
64.5214215	8.3254136
64.6047825	10.8492924
64.6881435	14.7757053
64.7715045	14.0118750
64.8548655	6.7807453
64.9382265	6.4506978
65.0215875	8.1171753
65.1049485	8.6798255
65.1883095	14.4798739
65.2716705	78.2382930
65.3550316	135.2001380
65.4383926	9.8884391
65.5217536	16.7594673
65.6051146	24.0598258
65.6884756	19.8595902
65.7718366	20.1206758
65.8551976	21.5489600
65.9385586	8.4501518
66.0219196	8.5034328
66.1052806	6.1237686
66.1886416	6.3470154
66.2720027	16.3608752
66.3553637	8.6484531
66.4387247	6.6992490
66.5220857	9.5120108
66.6054467	14.7907704
66.6888077	15.4998075
66.7721687	20.1417251
66.8555297	13.0110836
66.9388907	8.4849519
67.0222517	9.4078698
67.1056128	18.4277464
67.1889738	10.4260913
67.2723348	82.5422971
67.3556958	106.1082243
67.4390568	8.8690654
67.5224178	19.7845751
67.6057788	20.8257772
67.6891398	20.1306618
67.7725008	20.2580185
67.8558618	8.5515423
67.9392228	11.4361685
68.0225839	10.0618360
68.1059449	8.2939699
68.1893059	13.1443692
68.2726669	44.5350962
68.3560279	17.6829556
68.4393889	21.0363458
68.5227499	30.2992072
68.6061109	27.3065880
68.6894719	29.0867203
68.7728329	28.5648274
68.8561940	26.4502564
68.9395550	21.2456414
69.0229160	14.8383135
69.1062770	6.1640697
69.1896380	7.7431427
69.2729990	41.9011287
69.3563600	11.3077439
69.4397210	15.2733476
69.5230820	30.6051236
69.6064430	31.9504151
69.6898041	25.9365767
69.7731651	28.7695166
69.8565261	25.6291916
69.9398871	29.7096754
70.0232481	17.5173122
70.1066091	11.7216273
70.1899701	9.1016310
70.2733311	59.2253502
70.3566921	34.8441244
70.4400531	12.1728899
70.5234141	18.6263924
70.6067752	25.1917906
70.6901362	26.1262775
70.7734972	23.9338883
70.8568582	17.8352538
70.9402192	8.1681572
71.0235802	6.6109935
71.1069412	7.5218043
71.1903022	9.6678173
71.2736632	8.8356267
71.3570242	9.9623015
71.4403853	9.0546013
71.5237463	15.6005903
71.6071073	16.8925289
71.6904683	11.8853636
71.7738293	9.0947096
71.8571903	8.6628574
71.9405513	3.6544895
72.0239123	4.6396079
72.1072733	2.6189968
72.1906343	3.8422024
72.2739954	40.8872160
72.3573564	36.8809128
72.4407174	9.2075707
72.5240784	23.1158315
72.6074394	29.5795841
72.6908004	23.7631764
72.7741614	21.8160239
72.8575224	20.4855793
72.9408834	9.4005836
73.0242444	12.8730548
73.1076054	13.4837514
73.1909665	18.5365385
73.2743275	20.3679988
73.3576885	179.7758806
73.4410495	20.6874161
73.5244105	23.2739478
73.6077715	25.7567204
73.6911325	29.9701598
73.7744935	28.5359939
73.8578545	23.5540128
73.9412155	12.8139027
74.0245766	5.6790891
74.1079376	6.7317477
74.1912986	6.2168981
74.2746596	46.0218347
74.3580206	6.4644704
74.4413816	3.9921788
74.5247426	9.5902738
74.6081036	9.2395371
74.6914646	8.9943211
74.7748256	15.3570793
74.8581866	10.8221963
74.9415477	6.6869793
75.0249087	5.5041829
75.1082697	10.8246079
75.1916307	49.3120817
75.2749917	93.6084901
75.3583527	14.2554697
75.4417137	17.0749265
75.5250747	25.0751129
75.6084357	28.2568318
75.6917967	33.0812412
75.7751578	28.5882554
75.8585188	29.3526480
75.9418798	20.0524547
76.0252408	9.5439260
76.1086018	4.7691388
76.1919628	6.7533710
76.2753238	32.4042307
76.3586848	22.5567246
76.4420458	8.5695299
76.5254068	8.6128721
76.6087679	17.1618654
76.6921289	20.5264757
76.7754899	17.5926091
76.8588509	10.8665086
76.9422119	6.4665561
77.0255729	4.7694741
77.1089339	4.8005080
77.1922949	2.7414015
77.2756559	33.4007552
77.3590169	9.6389502
77.4423779	3.0393209
77.5257390	1.1718177
77.6091000	7.1161535
77.6924610	4.0506688
77.7758220	4.7036756
77.8591830	3.4846690
77.9425440	3.6145078
78.0259050	3.9323952
78.1092660	4.6730729
78.1926270	6.1852858
78.2759880	9.3511853
78.3593491	8.5567610
78.4427101	9.5751787
78.5260711	10.9626544
78.6094321	17.9787682
78.6927931	20.3959058
78.7761541	11.3358194
78.8595151	10.7337463
78.9428761	17.2023363
79.0262371	6.8579328
79.1095981	10.3851843
79.1929591	12.6035569
79.2763202	19.6704093
79.3596812	102.9395348
79.4430422	15.7064475
79.5264032	21.8241192
79.6097642	27.7095684
79.6931252	29.3295430
79.7764862	25.7747899
79.8598472	22.9969356
79.9432082	8.8238338
80.0265692	5.8014776
80.1099303	6.3673286
80.1932913	6.1281581
80.2766523	60.7316127
80.3600133	4.0351090
80.4433743	5.1865212
80.5267353	3.5944398
80.6100963	5.1368082
80.6934573	11.1116780
80.7768183	8.6065684
80.8601793	9.4056750
80.9435404	9.7066079
