# time(yr)	T(C)
0.0000000	-5.1437073
0.0833610	-5.6990662
0.1667220	-6.6240845
0.2500830	-2.1203613
0.3334440	13.9229736
0.4168050	19.5189209
0.5001661	24.8202515
0.5835271	26.8377380
0.6668881	27.0059509
0.7502491	22.1047974
0.8336101	12.8391724
0.9169711	4.1020203
1.0003321	-6.3067627
1.0836931	-8.5988464
1.1670541	-10.5960083
1.2504151	-8.1191406
1.3337762	0.9158020
1.4171372	13.8221741
1.5004982	24.7862854
1.5838592	26.0856934
1.6672202	27.7673950
1.7505812	21.1457825
1.8339422	16.2553406
1.9173032	6.4109802
2.0006642	-3.3157043
2.0840252	-6.1870728
2.1673863	-7.3941650
2.2507473	-6.4279480
2.3341083	6.7376099
2.4174693	16.6286926
2.5008303	22.8411560
2.5841913	25.1996460
2.6675523	29.8838196
2.7509133	19.1722107
2.8342743	10.1311646
2.9176353	8.1858215
3.0009963	-2.1826172
3.0843574	-11.8385620
3.1677184	-5.7886047
3.2510794	-2.2891846
3.3344404	12.1588440
3.4178014	18.4180298
3.5011624	20.9052429
3.5845234	27.2771301
3.6678844	25.6216431
3.7512454	17.7335815
3.8346064	14.5013123
3.9179675	6.7090149
4.0013285	-2.1323853
4.0846895	-12.2731323
4.1680505	-8.0213928
4.2514115	2.6022034
4.3347725	12.0502014
4.4181335	16.4286194
4.5014945	20.4436646
4.5848555	28.0495911
4.6682165	26.3612366
4.7515775	18.7515869
4.8349386	12.6850586
4.9182996	4.1414795
5.0016606	0.6151428
5.0850216	-2.8608398
5.1683826	-5.6083069
5.2517436	-0.2791443
5.3351046	8.1369324
5.4184656	18.3790283
5.5018266	22.2162170
5.5851876	24.0545654
5.6685487	27.5046692
5.7519097	20.0843811
5.8352707	12.6020813
5.9186317	2.9898682
6.0019927	-3.0898132
6.0853537	-7.1418457
6.1687147	-6.1382446
6.2520757	-0.5084534
6.3354367	9.9136963
6.4187977	18.9147644
6.5021588	22.2911377
6.5855198	25.7247925
6.6688808	27.8275146
6.7522418	18.3406067
6.8356028	14.3146667
6.9189638	3.8700256
7.0023248	-4.9068604
7.0856858	-8.7121887
7.1690468	-4.8849792
7.2524078	2.3488159
7.3357688	15.5398254
7.4191299	18.1994629
7.5024909	24.2626343
7.5858519	30.0283508
7.6692129	31.2760315
7.7525739	25.3505859
7.8359349	16.2466736
7.9192959	5.2141113
8.0026569	-2.2171631
8.0860179	-5.2608032
8.1693789	-3.3324280
8.2527400	-0.0690918
8.3361010	15.9068604
8.4194620	19.0398560
8.5028230	22.1835632
8.5861840	29.7148438
8.6695450	27.5525818
8.7529060	22.1013489
8.8362670	14.6633301
8.9196280	3.8479614
9.0029890	-0.6276550
9.0863500	-5.8855591
9.1697111	-12.3931274
9.2530721	-3.2796326
9.3364331	11.1723022
9.4197941	18.7138977
9.5031551	25.1869202
9.5865161	32.8258362
9.6698771	31.6933899
9.7532381	23.3189392
9.8365991	17.8459778
9.9199601	1.6409607
10.0033212	-4.6842346
10.0866822	-13.0186157
10.1700432	-14.0935669
10.2534042	-8.3145752
10.3367652	12.9175720
10.4201262	19.3930664
10.5034872	22.5473633
10.5868482	24.9866028
10.6702092	28.9418945
10.7535702	22.2544861
10.8369313	18.2230225
10.9202923	9.6109009
11.0036533	-1.6725769
11.0870143	-3.7892761
11.1703753	-6.0617981
11.2537363	-4.9849243
11.3370973	5.8030090
11.4204583	19.9212341
11.5038193	25.8591919
11.5871803	28.5635986
11.6705413	31.0969849
11.7539024	25.9880981
11.8372634	13.4257507
11.9206244	1.5165100
12.0039854	-6.1318359
12.0873464	-13.2536621
12.1707074	-13.5828247
12.2540684	-5.4956665
12.3374294	12.2511597
12.4207904	17.5395813
12.5041514	21.7528076
12.5875125	29.7128601
12.6708735	28.8116455
12.7542345	22.3857727
12.8375955	11.7458191
12.9209565	2.1759033
13.0043175	1.1458740
13.0876785	-9.2946777
13.1710395	-9.0875244
13.2544005	-7.0494690
13.3377615	11.7683105
13.4211226	20.3461609
13.5044836	21.8688049
13.5878446	25.5207825
13.6712056	26.5761719
13.7545666	25.6238403
13.8379276	14.2235107
13.9212886	6.7715759
14.0046496	-6.9412537
14.0880106	-8.1702881
14.1713716	-8.7680359
14.2547326	0.8489685
14.3380937	14.4696045
14.4214547	22.3930359
14.5048157	24.7799988
14.5881767	28.6089783
14.6715377	27.9167786
14.7548987	26.1879272
14.8382597	16.4439087
14.9216207	5.4141235
15.0049817	0.4105835
15.0883427	-5.6195679
15.1717038	-3.9472351
15.2550648	5.4847107
15.3384258	15.7850647
15.4217868	22.5292358
15.5051478	25.5911560
15.5885088	30.3011475
15.6718698	30.3176270
15.7552308	22.9908142
15.8385918	13.6966858
15.9219528	5.8783875
16.0053138	-1.0230713
16.0886749	-8.7388916
16.1720359	-3.6639709
16.2553969	0.0576172
16.3387579	8.6239319
16.4221189	18.2794800
16.5054799	26.1264343
16.5888409	29.2493286
16.6722019	30.2727051
16.7555629	20.7282104
16.8389239	12.6086121
16.9222850	6.5455627
17.0056460	-1.5116272
17.0890070	-4.1574097
17.1723680	-7.2153931
17.2557290	-3.4016113
17.3390900	13.3774109
17.4224510	19.6324768
17.5058120	23.1020203
17.5891730	27.0322266
17.6725340	27.9940491
17.7558951	21.8504333
17.8392561	14.6183167
17.9226171	5.4473267
18.0059781	-0.9840698
18.0893391	-9.0043945
18.1727001	-9.2684021
18.2560611	-7.4223022
18.3394221	5.1413269
18.4227831	21.0807495
18.5061441	22.9066772
18.5895051	27.9537659
18.6728662	27.3865662
18.7562272	22.6250305
18.8395882	10.5817261
18.9229492	6.3520813
19.0063102	-2.5444336
19.0896712	-8.0168457
19.1730322	-12.8061523
19.2563932	-6.1783752
19.3397542	11.6020203
19.4231152	15.7532654
19.5064763	22.1504211
19.5898373	27.0703430
19.6731983	27.9096375
19.7565593	20.2487183
19.8399203	13.8136597
19.9232813	7.2304077
20.0066423	-1.8904419
20.0900033	-4.8124390
20.1733643	-6.2241516
20.2567253	5.2517090
20.3400864	12.9587097
20.4234474	20.9354858
20.5068084	25.3214722
20.5901694	31.4890442
20.6735304	30.1466980
20.7568914	21.8487244
20.8402524	13.9572754
20.9236134	3.8030701
21.0069744	-4.1502991
21.0903354	-7.5225525
21.1736964	-11.3116150
21.2570575	-4.7442932
21.3404185	13.4797974
21.4237795	17.5289001
21.5071405	24.5057983
21.5905015	29.0884399
21.6738625	30.9164734
21.7572235	22.7899170
21.8405845	16.2753906
21.9239455	4.8292542
22.0073065	-4.5267944
22.0906676	-6.6072083
22.1740286	-2.0358276
22.2573896	0.0094299
22.3407506	10.1895447
22.4241116	22.7423401
22.5074726	23.7064514
22.5908336	30.3267517
22.6741946	31.7901001
22.7575556	21.8043518
22.8409166	11.9647217
22.9242776	5.3986206
23.0076387	-5.5538330
23.0909997	-7.2987366
23.1743607	-4.9523315
23.2577217	-4.0592041
23.3410827	9.2204590
23.4244437	18.6737366
23.5078047	22.7880554
23.5911657	26.1405945
23.6745267	26.7452393
23.7578877	21.1947327
23.8412488	15.9097290
23.9246098	6.7176514
24.0079708	1.9901428
24.0913318	-1.3656311
24.1746928	-4.1082458
24.2580538	1.2205200
24.3414148	11.3334961
24.4247758	18.8488770
24.5081368	23.9768372
24.5914978	28.9444580
24.6748589	27.1866455
24.7582199	21.4107056
24.8415809	12.5744934
24.9249419	2.6164551
25.0083029	-6.3773804
25.0916639	-7.2643433
25.1750249	-11.5415039
25.2583859	-8.6716614
25.3417469	8.2146606
25.4251079	20.4715271
25.5084689	24.5581360
25.5918300	25.8531494
25.6751910	27.8723450
25.7585520	19.8864136
25.8419130	17.1944885
25.9252740	3.0908813
26.0086350	-4.5360718
26.0919960	-8.6994019
26.1753570	-5.9249878
26.2587180	-3.4818115
26.3420790	6.7928162
26.4254401	20.7875366
26.5088011	21.0919495
26.5921621	26.8753357
26.6755231	29.1757507
26.7588841	23.6258240
26.8422451	14.0573730
26.9256061	2.2611694
27.0089671	-10.2196350
27.0923281	-11.4043579
27.1756891	-9.3540649
27.2590501	-4.7315369
27.3424112	11.5005493
27.4257722	22.2191772
27.5091332	22.6907959
27.5924942	26.6369019
27.6758552	26.6252136
27.7592162	21.1741028
27.8425772	15.4580383
27.9259382	6.9428711
28.0092992	-3.6497192
28.0926602	-3.7082520
28.1760213	-5.5079956
28.2593823	-6.3438416
28.3427433	10.2543335
28.4261043	19.8548889
28.5094653	22.4712219
28.5928263	29.4723511
28.6761873	27.7795105
28.7595483	20.7604675
28.8429093	13.7056885
28.9262703	2.1293640
29.0096314	-5.4153442
29.0929924	-9.5531311
29.1763534	-9.2184143
29.2597144	-13.5504150
29.3430754	4.4669189
29.4264364	17.6599121
29.5097974	23.0485229
29.5931584	26.0173035
29.6765194	27.8263550
29.7598804	21.0397034
29.8432414	10.1732483
29.9266025	6.5399780
30.0099635	-2.3132019
30.0933245	-9.6210938
30.1766855	-13.3802490
30.2600465	-4.5832825
30.3434075	11.8975525
30.4267685	18.3068848
30.5101295	22.9113159
30.5934905	28.5305481
30.6768515	28.5825195
30.7602126	21.8877563
30.8435736	13.2915039
30.9269346	-0.0223694
31.0102956	-7.9821777
31.0936566	-9.1863098
31.1770176	-8.3673096
31.2603786	-7.8288269
31.3437396	10.2183838
31.4271006	14.6765442
31.5104616	23.8304749
31.5938227	26.2723083
31.6771837	27.2151184
31.7605447	20.7292175
31.8439057	13.1557922
31.9272667	5.9435120
32.0106277	-1.4684753
32.0939887	-5.1325989
32.1773497	-7.5813904
32.2607107	0.9522400
32.3440717	11.4522705
32.4274327	17.7427979
32.5107938	21.4588013
32.5941548	27.4202271
32.6775158	26.6967468
32.7608768	21.7472839
32.8442378	14.2746887
32.9275988	2.0535278
33.0109598	-6.7385559
33.0943208	-12.2315979
33.1776818	-15.0569763
33.2610428	-6.2676086
33.3444039	4.7356873
33.4277649	18.4472046
33.5111259	25.4357300
33.5944869	25.7130737
33.6778479	24.2117615
33.7612089	21.4837036
33.8445699	13.8088074
33.9279309	5.3566284
34.0112919	-6.2744446
34.0946529	-7.8719788
34.1780139	-5.1701355
34.2613750	-3.8972168
34.3447360	4.8906555
34.4280970	19.1765137
34.5114580	21.5554504
34.5948190	24.7734375
34.6781800	24.8589478
34.7615410	20.5476685
34.8449020	11.0618286
34.9282630	4.1599731
35.0116240	-1.2073975
35.0949851	-10.0860596
35.1783461	-9.0381775
35.2617071	-1.1907043
35.3450681	12.2689514
35.4284291	19.8591614
35.5117901	23.3481750
35.5951511	27.3346863
35.6785121	31.2645874
35.7618731	21.8453674
35.8452341	12.6600647
35.9285952	3.1515503
36.0119562	-3.8567810
36.0953172	-5.9466248
36.1786782	-10.8466797
36.2620392	-0.4235840
36.3454002	7.1793823
36.4287612	21.5706482
36.5121222	20.9498901
36.5954832	26.9543457
36.6788442	25.4536438
36.7622052	19.9336548
36.8455663	13.4946899
36.9289273	6.0949707
37.0122883	-2.2456360
37.0956493	-13.7981567
37.1790103	-8.8387146
37.2623713	-6.8650513
37.3457323	6.9378967
37.4290933	20.7276306
37.5124543	24.5936890
37.5958153	26.5833130
37.6791764	27.9880676
37.7625374	21.3886108
37.8458984	16.0422668
37.9292594	6.4897461
38.0126204	-4.0644836
38.0959814	-7.4322815
38.1793424	-7.2535400
38.2627034	-3.2434082
38.3460644	8.3793335
38.4294254	17.9018860
38.5127864	22.9749756
38.5961475	27.2693787
38.6795085	25.4023132
38.7628695	21.9066772
38.8462305	10.6515198
38.9295915	7.7653809
39.0129525	0.3273315
39.0963135	-11.3805542
39.1796745	-6.9705811
39.2630355	-1.2590942
39.3463965	12.4060974
39.4297576	19.0621033
39.5131186	24.2204590
39.5964796	27.5374146
39.6798406	31.4702759
39.7632016	23.3611755
39.8465626	15.8154602
39.9299236	4.3021545
40.0132846	-3.0006714
40.0966456	-8.1500854
40.1800066	-9.6734009
40.2633677	2.1708069
40.3467287	12.8726196
40.4300897	19.8359070
40.5134507	22.4816284
40.5968117	27.1976624
40.6801727	25.2279358
40.7635337	23.6799622
40.8468947	13.2460632
40.9302557	1.7546082
41.0136167	-6.7298584
41.0969777	-7.8521423
41.1803388	-7.9455261
41.2636998	4.3626404
41.3470608	12.9763184
41.4304218	18.6768494
41.5137828	25.3430481
41.5971438	28.1739807
41.6805048	31.7755127
41.7638658	20.6801453
41.8472268	14.0457153
41.9305878	4.2626343
42.0139489	-2.1031189
42.0973099	-7.3962097
42.1806709	-9.3355713
42.2640319	-0.5153503
42.3473929	8.1359558
42.4307539	19.1871033
42.5141149	24.8876953
42.5974759	26.4533081
42.6808369	27.3688965
42.7641979	19.0165405
42.8475590	11.4349060
42.9309200	3.4232178
43.0142810	-3.1228638
43.0976420	-9.0556030
43.1810030	-12.8080139
43.2643640	-5.8581238
43.3477250	7.4671936
43.4310860	20.7736816
43.5144470	22.7187500
43.5978080	23.0759888
43.6811690	25.6641541
43.7645301	21.5433350
43.8478911	12.9822693
43.9312521	5.8624878
44.0146131	-3.0959473
44.0979741	-7.6962585
44.1813351	-4.4506226
44.2646961	-1.1428528
44.3480571	10.1273499
44.4314181	19.5101013
44.5147791	22.9191589
44.5981402	30.1584778
44.6815012	28.2977905
44.7648622	24.2496338
44.8482232	16.0395203
44.9315842	7.4761658
45.0149452	-2.3031311
45.0983062	-6.4887390
45.1816672	-9.0071716
45.2650282	-1.4502258
45.3483892	13.7953796
45.4317502	18.4310913
45.5151113	21.8019104
45.5984723	26.7118835
45.6818333	28.7378540
45.7651943	21.5442810
45.8485553	13.3988342
45.9319163	5.9606628
46.0152773	-5.2258301
46.0986383	-11.9293213
46.1819993	-12.6929321
46.2653603	-7.9792786
46.3487214	6.4638367
46.4320824	19.7728577
46.5154434	22.7785339
46.5988044	28.8898926
46.6821654	27.9749756
46.7655264	25.5640869
46.8488874	12.8104248
46.9322484	2.3160095
47.0156094	-2.6556396
47.0989704	-7.3887634
47.1823315	-13.8153076
47.2656925	-4.3437805
47.3490535	8.9112549
47.4324145	18.9089661
47.5157755	24.1390991
47.5991365	27.5199585
47.6824975	29.1405029
47.7658585	19.7171021
47.8492195	15.6141968
47.9325805	2.2098083
48.0159415	-7.4966431
48.0993026	-9.0211487
48.1826636	-13.1679382
48.2660246	-4.3928528
48.3493856	11.5606079
48.4327466	19.3276672
48.5161076	22.2966003
48.5994686	27.6088562
48.6828296	29.1268616
48.7661906	22.3956604
48.8495516	12.2909546
48.9329127	2.6649780
49.0162737	-5.7380676
49.0996347	-9.2091064
49.1829957	-7.0930481
49.2663567	1.6403503
49.3497177	9.8690796
49.4330787	16.1946411
49.5164397	24.4606323
49.5998007	27.8253174
49.6831617	30.0259399
49.7665227	22.1295776
49.8498838	12.0875244
49.9332448	4.5917969
50.0166058	-3.1668091
50.0999668	-11.4907532
50.1833278	-8.0953979
50.2666888	-2.0712585
50.3500498	11.2851562
50.4334108	19.1278992
50.5167718	23.1488342
50.6001328	25.7575378
50.6834939	24.2356262
50.7668549	21.8351135
50.8502159	13.5155334
50.9335769	2.1695251
51.0169379	-3.9254456
51.1002989	-6.6153870
51.1836599	-9.5194092
51.2670209	-12.8518372
51.3503819	2.9064636
51.4337429	17.7979736
51.5171040	21.4578247
51.6004650	25.4685974
51.6838260	26.1368103
51.7671870	21.7749023
51.8505480	14.7122192
51.9339090	4.2280579
52.0172700	-1.8761292
52.1006310	-2.5751038
52.1839920	-6.5046692
52.2673530	-1.4696655
52.3507140	7.4721680
52.4340751	16.7772522
52.5174361	24.8808899
52.6007971	27.6711121
52.6841581	26.7151794
52.7675191	23.0784607
52.8508801	12.9043884
52.9342411	3.1098022
53.0176021	-4.4428101
53.1009631	-1.9234009
53.1843241	-7.2079468
53.2676852	-8.1801147
53.3510462	4.6287231
53.4344072	19.4394836
53.5177682	21.9417114
53.6011292	26.5490723
53.6844902	24.5714722
53.7678512	22.8168945
53.8512122	17.3865051
53.9345732	5.7562561
54.0179342	0.3982849
54.1012953	-6.2780762
54.1846563	-12.2096252
54.2680173	-8.4568176
54.3513783	10.0407410
54.4347393	20.5135498
54.5181003	20.8251648
54.6014613	25.1097107
54.6848223	28.5090942
54.7681833	21.1701050
54.8515443	9.9366455
54.9349053	3.0945740
55.0182664	-5.7361755
55.1016274	-13.8225708
55.1849884	-8.7490540
55.2683494	-5.7380676
55.3517104	10.6657104
55.4350714	18.8190002
55.5184324	20.0074158
55.6017934	26.1775208
55.6851544	30.3092041
55.7685154	21.4848633
55.8518765	14.8229675
55.9352375	7.1037903
56.0185985	-5.1277466
56.1019595	-13.4916687
56.1853205	-13.2056885
56.2686815	-9.0928955
56.3520425	2.9980164
56.4354035	18.1258545
56.5187645	21.4995422
56.6021255	24.1857605
56.6854865	24.7189026
56.7688476	19.8786621
56.8522086	12.6900940
56.9355696	0.9941101
57.0189306	-4.9039917
57.1022916	-9.2839050
57.1856526	-15.3588257
57.2690136	-5.1347961
57.3523746	2.6103516
57.4357356	16.0875549
57.5190966	20.5435791
57.6024577	24.1416321
57.6858187	25.1350403
57.7691797	21.1801453
57.8525407	12.7665100
57.9359017	0.9460449
58.0192627	-4.0356750
58.1026237	-2.5071106
58.1859847	-5.9682312
58.2693457	-1.5222778
58.3527067	9.5884705
58.4360678	17.4812927
58.5194288	21.4478149
58.6027898	24.6384277
58.6861508	24.2740479
58.7695118	19.3194885
58.8528728	10.8867493
58.9362338	4.3951721
59.0195948	-3.3271790
59.1029558	-10.4919434
59.1863168	-7.9726257
59.2696778	-1.4125061
59.3530389	5.1845398
59.4363999	18.3228149
59.5197609	20.7062073
59.6031219	23.0475159
59.6864829	23.9193420
59.7698439	23.9247742
59.8532049	11.6644287
59.9365659	2.6390381
60.0199269	-7.7726746
60.1032879	-13.6524658
60.1866490	-11.9983215
60.2700100	-1.7040405
60.3533710	10.0343933
60.4367320	13.8077393
60.5200930	20.5888062
60.6034540	26.7336426
60.6868150	24.2019958
60.7701760	21.3164673
60.8535370	14.8795166
60.9368980	2.5120239
61.0202591	-3.5451965
61.1036201	-12.2884827
61.1869811	-9.1672058
61.2703421	-1.3158264
61.3537031	16.1321106
61.4370641	17.4745483
61.5204251	25.2478638
61.6037861	25.8653259
61.6871471	26.5848694
61.7705081	23.0083618
61.8538691	13.7674255
61.9372302	4.4870911
62.0205912	-1.3948059
62.1039522	-6.5677490
62.1873132	-8.6401062
62.2706742	-1.6563110
62.3540352	12.1226501
62.4373962	19.5050354
62.5207572	21.8265686
62.6041182	25.5330505
62.6874792	26.8203125
62.7708403	20.9899597
62.8542013	12.0019836
62.9375623	4.2068481
63.0209233	-5.1983948
63.1042843	-10.1250610
63.1876453	-5.4712524
63.2710063	2.3962708
63.3543673	16.4527283
63.4377283	16.5649414
63.5210893	21.6056824
63.6044503	25.9483337
63.6878114	27.9996338
63.7711724	24.0302124
63.8545334	13.0594482
63.9378944	7.2416687
64.0212554	-4.1926575
64.1046164	-10.4389648
64.1879774	-15.7268066
64.2713384	-1.5378113
64.3546994	13.0530701
64.4380604	20.5981445
64.5214215	22.5619812
64.6047825	29.3898315
64.6881435	25.6209717
64.7715045	21.0738220
64.8548655	15.9648743
64.9382265	4.2183228
65.0215875	-0.6024780
65.1049485	-5.9684448
65.1883095	-9.6175842
65.2716705	-6.7955933
65.3550316	4.1248779
65.4383926	14.8179016
65.5217536	22.1195068
65.6051146	25.7898560
65.6884756	27.6343689
65.7718366	25.0222473
65.8551976	10.9570312
65.9385586	1.1530457
66.0219196	-2.1404114
66.1052806	-3.4009705
66.1886416	-3.7849731
66.2720027	-1.7985535
66.3553637	14.6867981
66.4387247	19.1282654
66.5220857	17.6705017
66.6054467	27.7869568
66.6888077	28.6820679
66.7721687	25.2593079
66.8555297	13.0911255
66.9388907	4.6159973
67.0222517	-1.4146423
67.1056128	-4.7901611
67.1889738	-14.0932312
67.2723348	-2.2021484
67.3556958	8.3388672
67.4390568	18.3798218
67.5224178	25.7649841
67.6057788	28.5294495
67.6891398	27.7791138
67.7725008	26.0487061
67.8558618	12.8936462
67.9392228	4.2231445
68.0225839	-0.5040283
68.1059449	-6.3677673
68.1893059	-10.7322998
68.2726669	-0.2258606
68.3560279	13.9880066
68.4393889	17.7670898
68.5227499	21.9919434
68.6061109	28.3991394
68.6894719	27.2499084
68.7728329	20.9973755
68.8561940	11.5445251
68.9395550	4.9049988
69.0229160	-0.7987061
69.1062770	-12.1428223
69.1896380	-10.4053040
69.2729990	4.0343323
69.3563600	12.1694946
69.4397210	17.6446838
69.5230820	22.6551819
69.6064430	24.5280457
69.6898041	27.1132507
69.7731651	22.0628052
69.8565261	10.3833923
69.9398871	2.1363831
70.0232481	-4.3532715
70.1066091	-9.6187439
70.1899701	-11.8424988
70.2733311	-4.7763367
70.3566921	13.6940308
70.4400531	16.2756958
70.5234141	22.2687378
70.6067752	26.5702515
70.6901362	29.4060669
70.7734972	22.0655518
70.8568582	14.1402893
70.9402192	6.3919373
71.0235802	-1.5394287
71.1069412	-4.6456299
71.1903022	-5.4954224
71.2736632	5.8749084
71.3570242	15.5294495
71.4403853	19.0266724
71.5237463	24.0211182
71.6071073	26.5451660
71.6904683	29.7097778
71.7738293	26.3597717
71.8571903	16.1961975
71.9405513	0.2789307
72.0239123	-3.9560852
72.1072733	-8.4056091
72.1906343	-8.0700378
72.2739954	-0.6924744
72.3573564	10.8644104
72.4407174	18.2803345
72.5240784	23.1049194
72.6074394	25.4738159
72.6908004	27.3151245
72.7741614	22.9728088
72.8575224	14.3524475
72.9408834	2.3526001
73.0242444	-3.2209167
73.1076054	-11.4688416
73.1909665	-11.6679382
73.2743275	-8.1304626
73.3576885	0.2350769
73.4410495	19.0535889
73.5244105	21.5191345
73.6077715	24.7575989
73.6911325	27.6575623
73.7744935	22.3913879
73.8578545	13.0310669
73.9412155	4.7103577
74.0245766	-2.7190552
74.1079376	-4.0485229
74.1912986	-9.8078003
74.2746596	-0.6501770
74.3580206	11.5787048
74.4413816	18.3411560
74.5247426	19.6856689
74.6081036	24.3654785
74.6914646	24.1694336
74.7748256	24.8857117
74.8581866	16.3513489
74.9415477	5.8487854
75.0249087	-4.1098938
75.1082697	-6.9300537
75.1916307	-5.6789551
75.2749917	-0.1523438
75.3583527	10.4819031
75.4417137	18.6659851
75.5250747	19.3897705
75.6084357	27.4026794
75.6917967	26.4252014
75.7751578	21.4364929
75.8585188	13.5155640
75.9418798	4.0068054
76.0252408	-2.8409119
76.1086018	-8.3465576
76.1919628	-8.2769470
76.2753238	-4.3741150
76.3586848	9.1166077
76.4420458	18.0007324
76.5254068	23.1344604
76.6087679	25.7239990
76.6921289	25.9421387
76.7754899	22.5691528
76.8588509	15.4867554
76.9422119	4.0998230
77.0255729	-3.6617126
77.1089339	-6.1614990
77.1922949	-9.8057556
77.2756559	-4.1896362
77.3590169	3.8599548
77.4423779	20.9437866
77.5257390	22.9609985
77.6091000	25.9055481
77.6924610	25.7328796
77.7758220	17.4396057
77.8591830	11.5227051
77.9425440	4.1500549
78.0259050	-1.8904724
78.1092660	-6.6611023
78.1926270	-6.1067200
78.2759880	2.1913147
78.3593491	15.5882874
78.4427101	21.4062805
78.5260711	23.9649048
78.6094321	26.6470642
78.6927931	26.5661926
78.7761541	23.9244690
78.8595151	13.3605957
78.9428761	7.8608398
79.0262371	-3.0993347
79.1095981	-8.6985779
79.1929591	-11.2549438
79.2763202	-9.3144226
79.3596812	8.4518127
79.4430422	18.3121338
79.5264032	22.5138245
79.6097642	27.4525146
79.6931252	28.5552979
79.7764862	24.0082703
79.8598472	20.9099121
79.9432082	4.8855591
80.0265692	-4.1813354
80.1099303	-5.9446106
80.1932913	-7.5008545
80.2766523	0.4266052
80.3600133	11.1959229
80.4433743	20.2822266
80.5267353	23.3970032
80.6100963	29.1271667
80.6934573	29.8879700
80.7768183	25.2271423
80.8601793	13.6317139
80.9435404	5.3423157
