# time(yr)	moisture(mm/m)
0.0000000	332.7193909
0.0833610	349.3215637
0.1667220	349.7920227
0.2500830	367.9437561
0.3334440	349.7609863
0.4168050	323.6042480
0.5001661	262.9709778
0.5835271	261.8511963
0.6668881	277.6513977
0.7502491	280.6297913
0.8336101	277.1234436
0.9169711	264.3929749
1.0003321	281.2009888
1.0836931	286.5757141
1.1670541	286.8052063
1.2504151	286.8724365
1.3337762	347.4922791
1.4171372	334.0448303
1.5004982	323.5487061
1.5838592	257.2501831
1.6672202	217.6416168
1.7505812	222.7493896
1.8339422	265.9605103
1.9173032	289.3967896
2.0006642	333.4395752
2.0840252	355.5072021
2.1673863	355.5553284
2.2507473	355.5583801
2.3341083	374.1383667
2.4174693	317.8066406
2.5008303	332.2487488
2.5841913	294.2740784
2.6675523	206.1517029
2.7509133	214.8640900
2.8342743	229.2286072
2.9176353	308.6248779
3.0009963	341.0636292
3.0843574	385.6088867
3.1677184	385.6505737
3.2510794	398.3375244
3.3344404	384.8206177
3.4178014	332.8627625
3.5011624	333.2851562
3.5845234	280.9140930
3.6678844	198.4889069
3.7512454	197.8642426
3.8346064	295.7859802
3.9179675	333.0611572
4.0013285	329.2796631
4.0846895	356.3216858
4.1680505	356.3241577
4.2514115	377.1228027
4.3347725	340.5642395
4.4181335	316.1445007
4.5014945	291.4255676
4.5848555	240.3282776
4.6682165	224.3430634
4.7515775	261.0169067
4.8349386	286.1753235
4.9182996	320.6568298
5.0016606	317.4465637
5.0850216	372.2816162
5.1683826	389.9589233
5.2517436	417.3136597
5.3351046	335.5574951
5.4184656	321.0512085
5.5018266	279.0001831
5.5851876	251.3017426
5.6685487	197.7760162
5.7519097	177.4482422
5.8352707	224.9596100
5.9186317	263.2104797
6.0019927	279.2590637
6.0853537	299.8450928
6.1687147	300.4393616
6.2520757	344.6071472
6.3354367	353.0803223
6.4187977	305.8530579
6.5021588	260.0274963
6.5855198	234.8245850
6.6688808	188.7890930
6.7522418	176.9196167
6.8356028	201.5028076
6.9189638	281.2456360
7.0023248	313.4697266
7.0856858	341.0828857
7.1690468	341.4620361
7.2524078	372.6381836
7.3357688	324.9923401
7.4191299	315.4490662
7.5024909	247.9965363
7.5858519	239.3959503
7.6692129	184.2337646
7.7525739	182.8355103
7.8359349	225.1445770
7.9192959	249.7419586
8.0026569	361.1833496
8.0860179	424.6299438
8.1693789	426.6127319
8.2527400	450.4665833
8.3361010	336.7496643
8.4194620	287.2693481
8.5028230	328.6463928
8.5861840	245.6445618
8.6695450	181.4587860
8.7529060	173.7658081
8.8362670	248.3708038
8.9196280	285.0942078
9.0029890	300.9547119
9.0863500	323.8837585
9.1697111	334.8358154
9.2530721	348.3430786
9.3364331	357.0317688
9.4197941	310.0810242
9.5031551	260.2922668
9.5865161	186.0022430
9.6698771	177.1484070
9.7532381	196.7213745
9.8365991	291.0743408
9.9199601	302.9428711
10.0033212	348.4124756
10.0866822	370.6271057
10.1700432	370.8078308
10.2534042	370.8082581
10.3367652	388.7717896
10.4201262	319.9436340
10.5034872	261.7681274
10.5868482	223.4897919
10.6702092	207.4697571
10.7535702	236.5567780
10.8369313	237.9223785
10.9202923	234.7953339
11.0036533	305.5749817
11.0870143	372.6512451
11.1703753	373.2338562
11.2537363	373.2368469
11.3370973	384.0639038
11.4204583	316.0250244
11.5038193	283.5498962
11.5871803	264.6714783
11.6705413	190.2856750
11.7539024	178.0233459
11.8372634	226.3453827
11.9206244	261.4536743
12.0039854	325.9087524
12.0873464	331.5300903
12.1707074	331.5320129
12.2540684	331.5169067
12.3374294	354.6359253
12.4207904	316.6036072
12.5041514	278.8796387
12.5875125	260.8229980
12.6708735	200.6654510
12.7542345	208.2725220
12.8375955	242.9535980
12.9209565	301.3543091
13.0043175	302.2303162
13.0876785	329.1727600
13.1710395	331.9266968
13.2544005	331.9279480
13.3377615	367.8072815
13.4211226	313.0546875
13.5044836	307.4687500
13.5878446	251.4851990
13.6712056	243.2794647
13.7545666	261.9007568
13.8379276	314.8391113
13.9212886	336.6075134
14.0046496	412.2585144
14.0880106	436.5253296
14.1713716	436.5635986
14.2547326	430.8533936
14.3380937	343.0864868
14.4214547	283.8444824
14.5048157	254.2869110
14.5881767	197.4191284
14.6715377	182.5919495
14.7548987	195.1505432
14.8382597	321.9819946
14.9216207	308.6414185
15.0049817	313.4513550
15.0883427	352.5425110
15.1717038	366.5770874
15.2550648	337.7495422
15.3384258	323.9980164
15.4217868	277.5119019
15.5051478	200.5964050
15.5885088	172.2208099
15.6718698	161.3537445
15.7552308	167.3687744
15.8385918	191.2545013
15.9219528	255.7315826
16.0053138	306.3236694
16.0886749	336.8642578
16.1720359	337.3407288
16.2553969	358.2710876
16.3387579	344.6636963
16.4221189	331.2053528
16.5054799	295.3252258
16.5888409	230.9197388
16.6722019	213.2481079
16.7555629	278.4681091
16.8389239	300.2522888
16.9222850	307.3026428
17.0056460	314.0328064
17.0890070	336.9349670
17.1723680	337.7622070
17.2557290	340.9257812
17.3390900	356.4863892
17.4224510	332.3368530
17.5058120	324.3036804
17.5891730	289.4006958
17.6725340	222.5932465
17.7558951	198.9490662
17.8392561	232.6231995
17.9226171	296.5079956
18.0059781	325.2380066
18.0893391	370.5347900
18.1727001	371.2352905
18.2560611	371.2356873
18.3394221	392.8238220
18.4227831	323.1189880
18.5061441	294.7337341
18.5895051	247.9418793
18.6728662	214.2762604
18.7562272	255.8929291
18.8395882	268.8858032
18.9229492	298.3700256
19.0063102	325.9881592
19.0896712	377.8277893
19.1730322	380.3767395
19.2563932	380.3657837
19.3397542	379.4585266
19.4231152	327.9852295
19.5064763	287.4533081
19.5898373	255.0403748
19.6731983	205.1091461
19.7565593	192.7934875
19.8399203	255.2405548
19.9232813	324.2132263
20.0066423	346.0792236
20.0900033	383.2231445
20.1733643	383.2824097
20.2567253	377.2780151
20.3400864	315.6347351
20.4234474	323.8411560
20.5068084	285.7084656
20.5901694	207.2121887
20.6735304	179.0641327
20.7568914	250.9264374
20.8402524	251.7453156
20.9236134	283.0368347
21.0069744	316.8988953
21.0903354	346.1507568
21.1736964	346.5141296
21.2570575	367.9147644
21.3404185	354.3815613
21.4237795	321.1477966
21.5071405	305.4275818
21.5905015	201.6431122
21.6738625	171.8738251
21.7572235	213.6617126
21.8405845	318.4935608
21.9239455	306.9739990
22.0073065	351.2126465
22.0906676	373.9677429
22.1740286	442.4230347
22.2573896	468.4098511
22.3407506	367.0774231
22.4241116	299.9177856
22.5074726	272.2713318
22.5908336	228.5575104
22.6741946	196.4209290
22.7575556	269.6879883
22.8409166	310.1252136
22.9242776	314.1229248
23.0076387	328.3496399
23.0909997	339.8720398
23.1743607	340.0216980
23.2577217	340.0571289
23.3410827	372.2993774
23.4244437	332.2512512
23.5078047	317.9495544
23.5911657	277.0507812
23.6745267	216.2204132
23.7578877	199.9365234
23.8412488	258.8958740
23.9246098	341.4040222
24.0079708	321.7000427
24.0913318	353.2582397
24.1746928	422.8018494
24.2580538	395.5681152
24.3414148	318.2001953
24.4247758	307.6664429
24.5081368	266.1437378
24.5914978	207.4601135
24.6748589	174.4484253
24.7582199	210.0822296
24.8415809	254.1383514
24.9249419	323.0827332
25.0083029	383.1794434
25.0916639	401.1035156
25.1750249	401.1406860
25.2583859	401.1597290
25.3417469	395.3894043
25.4251079	320.3681946
25.5084689	267.4670105
25.5918300	200.3620911
25.6751910	210.1812439
25.7585520	264.8463135
25.8419130	309.7840881
25.9252740	319.6408691
26.0086350	346.8782349
26.0919960	378.0057373
26.1753570	378.2661438
26.2587180	379.0171204
26.3420790	405.3680420
26.4254401	315.1239624
26.5088011	284.8459473
26.5921621	222.4048462
26.6755231	195.4722290
26.7588841	252.5693207
26.8422451	255.9971161
26.9256061	290.6039124
27.0089671	377.5002747
27.0923281	401.9634094
27.1756891	401.9970093
27.2590501	401.9967651
27.3424112	359.3456421
27.4257722	304.7348022
27.5091332	266.7400818
27.5924942	241.2057953
27.6758552	197.6541901
27.7592162	198.1683502
27.8425772	206.2072754
27.9259382	249.5979004
28.0092992	313.9512939
28.0926602	344.4540100
28.1760213	373.7964478
28.2593823	371.1152649
28.3427433	377.9634399
28.4261043	323.4020691
28.5094653	299.6710510
28.5928263	221.1148224
28.6761873	188.8157196
28.7595483	228.3237915
28.8429093	261.1694946
28.9262703	316.9297791
29.0096314	353.1821594
29.0929924	394.5766907
29.1763534	394.5791626
29.2597144	394.5813904
29.3430754	417.0629578
29.4264364	337.1294250
29.5097974	303.7154541
29.5931584	315.3974304
29.6765194	224.0777283
29.7598804	233.2521820
29.8432414	274.3024902
29.9266025	318.0112305
30.0099635	330.5691528
30.0933245	346.4285278
30.1766855	346.4297180
30.2600465	346.4302368
30.3434075	382.6784363
30.4267685	317.6569824
30.5101295	262.3680420
30.5934905	244.9032135
30.6768515	184.5469360
30.7602126	185.3511047
30.8435736	235.6734314
30.9269346	285.3851929
31.0102956	300.4548035
31.0936566	319.2641296
31.1770176	319.3377686
31.2603786	319.4444580
31.3437396	376.4853821
31.4271006	341.1447144
31.5104616	305.7145386
31.5938227	269.8943481
31.6771837	240.0534973
31.7605447	229.2617950
31.8439057	307.6393127
31.9272667	332.3985596
32.0106277	314.4532166
32.0939887	374.4508362
32.1773497	374.5625610
32.2607107	433.6117859
32.3440717	347.9418335
32.4274327	321.1850891
32.5107938	308.1757507
32.5941548	243.9057159
32.6775158	225.0445557
32.7608768	241.0896912
32.8442378	267.6636963
32.9275988	272.6811218
33.0109598	347.5119629
33.0943208	359.6296997
33.1776818	359.9313354
33.2610428	360.0130920
33.3444039	425.2561340
33.4277649	325.8997192
33.5111259	293.4840088
33.5944869	232.9120941
33.6778479	238.7216492
33.7612089	218.8935699
33.8445699	224.9180298
33.9279309	277.9361877
34.0112919	341.5214844
34.0946529	341.7084045
34.1780139	342.3475037
34.2613750	342.4742432
34.3447360	375.6897278
34.4280970	321.8437805
34.5114580	296.4616699
34.5948190	232.0419922
34.6781800	187.9150391
34.7615410	174.2982483
34.8449020	244.0924377
34.9282630	308.7598267
35.0116240	317.2785950
35.0949851	370.0728149
35.1783461	370.2310791
35.2617071	397.2294617
35.3450681	345.5962524
35.4284291	310.9264526
35.5117901	261.7394409
35.5951511	236.1466980
35.6785121	192.2559204
35.7618731	240.7536316
35.8452341	300.4571838
35.9285952	330.3555908
36.0119562	431.3076782
36.0953172	437.7277832
36.1786782	438.0168152
36.2620392	442.1078491
36.3454002	392.7542419
36.4287612	330.3204041
36.5121222	302.7423401
36.5954832	213.5353699
36.6788442	190.0581665
36.7622052	222.4918976
36.8455663	259.7275696
36.9289273	300.4194336
37.0122883	340.9542236
37.0956493	365.0465088
37.1790103	365.0485535
37.2623713	365.0504761
37.3457323	388.5612183
37.4290933	328.3909607
37.5124543	285.0843506
37.5958153	223.8414307
37.6791764	180.7296143
37.7625374	173.0956573
37.8458984	211.9689941
37.9292594	278.6222229
38.0126204	320.1585388
38.0959814	348.9308167
38.1793424	349.3369446
38.2627034	349.3327026
38.3460644	399.8295593
38.4294254	322.5119019
38.5127864	300.4604492
38.5961475	244.0868988
38.6795085	204.6238556
38.7628695	260.2783813
38.8462305	275.1825256
38.9295915	293.4437561
39.0129525	300.6198425
39.0963135	354.5780029
39.1796745	355.1459656
39.2630355	376.2855225
39.3463965	327.7522583
39.4297576	308.6426086
39.5131186	241.5658875
39.5964796	209.2517700
39.6798406	173.1599274
39.7632016	183.9539490
39.8465626	231.0665894
39.9299236	265.8224792
40.0132846	308.4149170
40.0966456	328.4134521
40.1800066	328.4848328
40.2633677	360.2829590
40.3467287	333.8363037
40.4300897	300.4984741
40.5134507	276.0162354
40.5968117	261.3867188
40.6801727	259.2277222
40.7635337	254.2057037
40.8468947	274.6427002
40.9302557	269.9427185
41.0136167	290.7734985
41.0969777	292.1061096
41.1803388	292.3045044
41.2636998	360.1647339
41.3470608	325.3801880
41.4304218	304.1485901
41.5137828	275.0053711
41.5971438	205.1773224
41.6805048	184.6196747
41.7638658	209.0880127
41.8472268	309.8258057
41.9305878	310.1036377
42.0139489	349.7747192
42.0973099	375.7866211
42.1806709	376.4126892
42.2640319	399.6776733
42.3473929	371.6320801
42.4307539	329.8428345
42.5141149	276.9253235
42.5974759	227.5813293
42.6808369	213.0722809
42.7641979	234.3377075
42.8475590	306.2693481
42.9309200	306.8596191
43.0142810	320.2986450
43.0976420	331.6863403
43.1810030	331.9236450
43.2643640	332.1194763
43.3477250	395.8778992
43.4310860	315.9544067
43.5144470	303.8085022
43.5978080	312.2055969
43.6811690	259.2155457
43.7645301	210.4468689
43.8478911	217.0442810
43.9312521	265.2462463
44.0146131	293.1480103
44.0979741	306.3912659
44.1813351	306.3899841
44.2646961	330.2971191
44.3480571	355.9615784
44.4314181	312.2528687
44.5147791	247.2905731
44.5981402	170.9751434
44.6815012	167.8234863
44.7648622	172.3824615
44.8482232	188.5052948
44.9315842	250.1823273
45.0149452	315.1256714
45.0983062	346.0257263
45.1816672	346.8303833
45.2650282	380.3378296
45.3483892	338.9734802
45.4317502	300.3498535
45.5151113	230.1345215
45.5984723	194.2071228
45.6818333	184.9005585
45.7651943	234.5108490
45.8485553	281.4210205
45.9319163	327.6433411
46.0152773	353.3660889
46.0986383	373.2980042
46.1819993	373.3160400
46.2653603	373.3165588
46.3487214	416.8927612
46.4320824	319.9208984
46.5154434	271.8397827
46.5988044	223.3348999
46.6821654	187.0906830
46.7655264	176.3336029
46.8488874	194.6459961
46.9322484	323.2887878
47.0156094	300.1678467
47.0989704	309.8712158
47.1823315	310.0079041
47.2656925	310.0130615
47.3490535	362.7222595
47.4324145	333.5862427
47.5157755	299.1585388
47.5991365	246.3919830
47.6824975	191.0767365
47.7658585	223.2795715
47.8492195	276.5841370
47.9325805	275.6631165
48.0159415	325.0530090
48.0993026	340.4348145
48.1826636	340.4367065
48.2660246	340.4386292
48.3493856	367.6473389
48.4327466	298.6583862
48.5161076	235.4622345
48.5994686	205.1683655
48.6828296	165.2295227
48.7661906	217.1043701
48.8495516	221.3923187
48.9329127	268.8797913
49.0162737	303.4479675
49.0996347	317.1134949
49.1829957	317.3538513
49.2663567	358.5006104
49.3497177	346.1357117
49.4330787	315.5533447
49.5164397	232.7522430
49.5998007	182.0611572
49.6831617	186.6772766
49.7665227	211.0511932
49.8498838	220.2204590
49.9332448	287.6520081
50.0166058	337.7705688
50.0999668	367.0151367
50.1833278	367.1294861
50.2666888	382.1306763
50.3500498	345.8912048
50.4334108	298.6297607
50.5167718	312.1013489
50.6001328	228.3900146
50.6834939	179.3633423
50.7668549	259.2231750
50.8502159	261.5135498
50.9335769	304.9302673
51.0169379	433.9320984
51.1002989	437.6363831
51.1836599	438.3927612
51.2670209	438.3927917
51.3503819	450.6349487
51.4337429	347.8080139
51.5171040	303.4054565
51.6004650	281.9914246
51.6838260	229.0235291
51.7671870	239.1101990
51.8505480	298.7059937
51.9339090	332.6160583
52.0172700	314.3621216
52.1006310	370.2537231
52.1839920	400.1624756
52.2673530	420.2109985
52.3507140	400.8835754
52.4340751	331.3407898
52.5174361	326.5525818
52.6007971	221.0740814
52.6841581	194.8067627
52.7675191	189.5094147
52.8508801	201.3157654
52.9342411	247.4080353
53.0176021	271.1454773
53.1009631	335.1375427
53.1843241	420.5361328
53.2676852	420.9462585
53.3510462	424.6015320
53.4344072	321.4966125
53.5177682	304.5012207
53.6011292	226.1252136
53.6844902	168.1079712
53.7678512	202.3585052
53.8512122	242.7113037
53.9345732	277.4713440
54.0179342	341.3786316
54.1012953	385.0967712
54.1846563	387.0051270
54.2680173	387.0059509
54.3513783	408.1408386
54.4347393	299.3405457
54.5181003	279.5099182
54.6014613	259.8293152
54.6848223	221.8052521
54.7681833	260.9667053
54.8515443	268.6273499
54.9349053	293.2895203
55.0182664	345.8441467
55.1016274	354.2455750
55.1849884	354.5997314
55.2683494	354.5961304
55.3517104	366.6614990
55.4350714	295.3474426
55.5184324	296.9112549
55.6017934	250.6492462
55.6851544	189.0871277
55.7685154	170.1196747
55.8518765	190.0613556
55.9352375	280.0372620
56.0185985	313.6448669
56.1019595	347.4751282
56.1853205	348.3746338
56.2686815	348.3816528
56.3520425	380.5228271
56.4354035	329.4026794
56.5187645	315.5131531
56.6021255	295.5464783
56.6854865	261.5187378
56.7688476	287.4804993
56.8522086	318.5680237
56.9355696	321.4422607
57.0189306	370.4513855
57.1022916	415.2665710
57.1856526	415.7450256
57.2690136	415.8166809
57.3523746	436.7034912
57.4357356	344.0233459
57.5190966	320.6406250
57.6024577	303.3742981
57.6858187	216.8377991
57.7691797	213.0709534
57.8525407	234.1020813
57.9359017	281.2307129
58.0192627	301.4447937
58.1026237	326.8360901
58.1859847	344.1957397
58.2693457	369.9353943
58.3527067	356.2388611
58.4360678	335.4275818
58.5194288	289.8391113
58.6027898	253.2460632
58.6861508	186.3815155
58.7695118	208.3477173
58.8528728	264.3329773
58.9362338	296.1762390
59.0195948	317.0065002
59.1029558	360.7115173
59.1863168	360.7500000
59.2696778	382.7138367
59.3530389	411.0697327
59.4363999	326.5821533
59.5197609	320.5229492
59.6031219	222.3081665
59.6864829	199.2400360
59.7698439	250.7671051
59.8532049	301.1605225
59.9365659	317.6916199
60.0199269	335.1600952
60.1032879	347.6430359
60.1866490	347.9759827
60.2700100	374.8056641
60.3533710	368.8888855
60.4367320	306.2400208
60.5200930	250.0555573
60.6034540	193.6582031
60.6868150	182.0861359
60.7701760	186.5029907
60.8535370	200.6752930
60.9368980	235.1547852
61.0202591	240.7743073
61.1036201	246.3575592
61.1869811	246.8221893
61.2703421	285.7778320
61.3537031	313.3959351
61.4370641	315.1947632
61.5204251	292.0463257
61.6037861	235.2267914
61.6871471	232.7137146
61.7705081	298.8459473
61.8538691	304.4913635
61.9372302	317.1265259
62.0205912	317.0801086
62.1039522	377.3794250
62.1873132	381.1417847
62.2706742	396.3196716
62.3540352	362.8374329
62.4373962	315.9031372
62.5207572	302.3657837
62.6041182	264.9707336
62.6874792	218.5546570
62.7708403	234.4622040
62.8542013	328.7991638
62.9375623	315.6262817
63.0209233	310.8821411
63.1042843	323.8268738
63.1876453	323.8285828
63.2710063	357.4776917
63.3543673	323.6272888
63.4377283	289.9051819
63.5210893	242.1707458
63.6044503	204.1652985
63.6878114	166.6325226
63.7711724	228.0274506
63.8545334	221.0250702
63.9378944	280.3565063
64.0212554	317.1778564
64.1046164	335.0317383
64.1879774	335.2653198
64.2713384	346.5643616
64.3546994	360.8396606
64.4380604	300.1130371
64.5214215	253.4672852
64.6047825	198.5915527
64.6881435	227.2100525
64.7715045	265.5783997
64.8548655	299.8815002
64.9382265	308.3101807
65.0215875	344.9138184
65.1049485	458.4588623
65.1883095	458.5591431
65.2716705	458.5594788
65.3550316	455.0317383
65.4383926	331.3510132
65.5217536	302.9057007
65.6051146	272.9347534
65.6884756	197.1788025
65.7718366	174.0399323
65.8551976	265.7838745
65.9385586	290.6974792
66.0219196	330.9323120
66.1052806	363.4465332
66.1886416	364.2477722
66.2720027	377.4781494
66.3553637	338.1710510
66.4387247	323.8131714
66.5220857	295.8552856
66.6054467	218.8084106
66.6888077	172.6653442
66.7721687	230.7283630
66.8555297	269.5417786
66.9388907	322.6823425
67.0222517	369.9890747
67.1056128	398.9434204
67.1889738	400.4813843
67.2723348	401.6872864
67.3556958	428.7729797
67.4390568	307.0143738
67.5224178	252.6210785
67.6057788	201.1016846
67.6891398	180.1463776
67.7725008	213.1267395
67.8558618	288.5225830
67.9392228	322.2315979
68.0225839	353.1657715
68.1059449	383.1782837
68.1893059	384.6952820
68.2726669	412.2459717
68.3560279	350.2731934
68.4393889	315.5101624
68.5227499	309.5183716
68.6061109	243.6740570
68.6894719	199.3701935
68.7728329	225.6898804
68.8561940	271.6972046
68.9395550	309.5893250
69.0229160	329.4894714
69.1062770	374.8818054
69.1896380	375.2261353
69.2729990	405.9068909
69.3563600	338.3404541
69.4397210	315.6950989
69.5230820	315.7850952
69.6064430	298.7229309
69.6898041	212.1449890
69.7731651	201.8055420
69.8565261	248.6533203
69.9398871	314.9942932
70.0232481	373.1177979
70.1066091	385.4950256
70.1899701	386.2659302
70.2733311	396.3174133
70.3566921	387.5323792
70.4400531	329.8909607
70.5234141	264.7904053
70.6067752	237.3783569
70.6901362	210.3804169
70.7734972	260.0072937
70.8568582	301.2232666
70.9402192	303.2612915
71.0235802	331.5705872
71.1069412	392.0131226
71.1903022	396.0267029
71.2736632	356.3165283
71.3570242	329.4562073
71.4403853	283.4055481
71.5237463	234.6308441
71.6071073	187.3395538
71.6904683	167.9533997
71.7738293	205.7714996
71.8571903	242.2042999
71.9405513	292.7414246
72.0239123	338.2737122
72.1072733	342.3806152
72.1906343	342.8374634
72.2739954	357.6889038
72.3573564	375.4081421
72.4407174	312.6144409
72.5240784	252.7368622
72.6074394	246.4564819
72.6908004	214.0276489
72.7741614	220.1849823
72.8575224	320.1794128
72.9408834	320.9571838
73.0242444	367.0863953
73.1076054	407.3676453
73.1909665	407.3733826
73.2743275	407.3734131
73.3576885	424.0070496
73.4410495	354.8944397
73.5244105	288.6539612
73.6077715	210.9459381
73.6911325	187.8058472
73.7744935	216.5999298
73.8578545	263.5996094
73.9412155	306.0469360
74.0245766	295.1748657
74.1079376	306.8608704
74.1912986	307.0470886
74.2746596	347.2164307
74.3580206	348.4494934
74.4413816	300.5862427
74.5247426	287.3265686
74.6081036	231.6942444
74.6914646	189.0958099
74.7748256	262.1426392
74.8581866	308.0981140
74.9415477	325.4567261
75.0249087	363.6366882
75.1082697	386.3448792
75.1916307	386.8237000
75.2749917	416.3432007
75.3583527	350.2530518
75.4417137	341.4387817
75.5250747	298.4954834
75.6084357	203.1136627
75.6917967	185.1925812
75.7751578	194.9308929
75.8585188	237.2721100
75.9418798	311.6381836
76.0252408	336.6673889
76.1086018	372.6083069
76.1919628	372.9156189
76.2753238	389.8814697
76.3586848	381.2142944
76.4420458	318.7117004
76.5254068	289.8329163
76.6087679	206.3949280
76.6921289	218.3142853
76.7754899	224.0240021
76.8588509	251.9525299
76.9422119	247.4213715
77.0255729	275.3421021
77.1089339	290.2829895
77.1922949	290.8843689
77.2756559	290.9048462
77.3590169	322.5408325
77.4423779	307.1187439
77.5257390	234.6603699
77.6091000	271.0278015
77.6924610	259.6015930
77.7758220	273.6004944
77.8591830	273.6186523
77.9425440	271.3329468
78.0259050	307.3535767
78.1092660	337.1792297
78.1926270	337.5381775
78.2759880	345.7962341
78.3593491	332.1449280
78.4427101	328.0339050
78.5260711	274.3620911
78.6094321	210.5825348
78.6927931	228.8537140
78.7761541	192.9023438
78.8595151	222.2038116
78.9428761	334.8838501
79.0262371	335.8009338
79.1095981	370.8126526
79.1929591	370.9774170
79.2763202	370.9835205
79.3596812	385.0529785
79.4430422	329.2411804
79.5264032	278.2556763
79.6097642	200.7481537
79.6931252	184.1284790
79.7764862	188.8546448
79.8598472	237.3332672
79.9432082	256.7870483
80.0265692	281.7870178
80.1099303	296.6948853
80.1932913	296.9991455
80.2766523	349.8727417
80.3600133	337.2630615
80.4433743	318.1958618
80.5267353	278.3723145
80.6100963	195.0601044
80.6934573	207.4032135
80.7768183	199.7413483
80.8601793	219.0008850
80.9435404	320.7531128
