# time(yr)	runoff(mm/month)
0.0000000	35.3716552
0.0834028	35.6295300
0.1668057	37.5795161
0.2502085	38.6917772
0.3336113	38.5479346
0.4170142	37.5442620
0.5004170	38.9345231
0.5838198	38.5890737
0.6672227	37.5168769
0.7506255	37.8355385
0.8340284	35.0124816
0.9174312	33.6726691
1.0008340	35.3716552
1.0842369	35.6295300
1.1676397	37.5795161
1.2510425	38.6917772
1.3344454	38.5479346
1.4178482	37.5442620
1.5012510	38.9345231
1.5846539	38.5890737
1.6680567	37.5168769
1.7514595	37.8355385
1.8348624	35.0124816
1.9182652	33.6726691
2.0016681	35.3716552
2.0850709	35.6295300
2.1684737	37.5795161
2.2518766	38.6917772
2.3352794	38.5479346
2.4186822	37.5442620
2.5020851	38.9345231
2.5854879	38.5890737
2.6688907	37.5168769
2.7522936	37.8355385
2.8356964	35.0124816
2.9190992	33.6726691
3.0025021	35.3716552
3.0859049	35.6295300
3.1693078	37.5795161
3.2527106	38.6917772
3.3361134	38.5479346
3.4195163	37.5442620
3.5029191	38.9345231
3.5863219	38.5890737
3.6697248	37.5168769
3.7531276	37.8355385
3.8365304	35.0124816
3.9199333	33.6726691
4.0033361	35.3716552
4.0867389	35.6295300
4.1701418	37.5795161
4.2535446	38.6917772
4.3369475	38.5479346
4.4203503	37.5442620
4.5037531	38.9345231
4.5871560	38.5890737
4.6705588	37.5168769
4.7539616	37.8355385
4.8373645	35.0124816
4.9207673	33.6726691
5.0041701	35.3716552
5.0875730	35.6295300
5.1709758	37.5795161
5.2543786	38.6917772
5.3377815	38.5479346
5.4211843	37.5442620
5.5045872	38.9345231
5.5879900	38.5890737
5.6713928	37.5168769
5.7547957	37.8355385
5.8381985	35.0124816
5.9216013	33.6726691
6.0050042	35.3716552
6.0884070	35.6295300
6.1718098	37.5795161
6.2552127	38.6917772
6.3386155	38.5479346
6.4220183	37.5442620
6.5054212	38.9345231
6.5888240	38.5890737
6.6722269	37.5168769
6.7556297	37.8355385
6.8390325	35.0124816
6.9224354	33.6726691
7.0058382	35.3716552
7.0892410	35.6295300
7.1726439	37.5795161
7.2560467	38.6917772
7.3394495	38.5479346
7.4228524	37.5442620
7.5062552	38.9345231
7.5896580	38.5890737
7.6730609	37.5168769
7.7564637	37.8355385
7.8398666	35.0124816
7.9232694	33.6726691
8.0066722	35.3716552
8.0900751	35.6295300
8.1734779	37.5795161
8.2568807	38.6917772
8.3402836	38.5479346
8.4236864	37.5442620
8.5070892	38.9345231
8.5904921	38.5890737
8.6738949	37.5168769
8.7572977	37.8355385
8.8407006	35.0124816
8.9241034	33.6726691
9.0075063	35.3716552
9.0909091	35.6295300
9.1743119	37.5795161
9.2577148	38.6917772
9.3411176	38.5479346
9.4245204	37.5442620
9.5079233	38.9345231
9.5913261	38.5890737
9.6747289	37.5168769
9.7581318	37.8355385
9.8415346	35.0124816
9.9249374	33.6726691
10.0083403	35.3716552
10.0917431	35.6295300
10.1751460	37.5795161
10.2585488	38.6917772
10.3419516	38.5479346
10.4253545	37.5442620
10.5087573	38.9345231
10.5921601	38.5890737
10.6755630	37.5168769
10.7589658	37.8355385
10.8423686	35.0124816
10.9257715	33.6726691
11.0091743	35.3716552
11.0925771	35.6295300
11.1759800	37.5795161
11.2593828	38.6917772
11.3427857	38.5479346
11.4261885	37.5442620
11.5095913	38.9345231
11.5929942	38.5890737
11.6763970	37.5168769
11.7597998	37.8355385
11.8432027	35.0124816
11.9266055	33.6726691
12.0100083	35.3716552
12.0934112	35.6295300
12.1768140	37.5795161
12.2602168	38.6917772
12.3436197	38.5479346
12.4270225	37.5442620
12.5104254	38.9345231
12.5938282	38.5890737
12.6772310	37.5168769
12.7606339	37.8355385
12.8440367	35.0124816
12.9274395	33.6726691
13.0108424	35.3716552
13.0942452	35.6295300
13.1776480	37.5795161
13.2610509	38.6917772
13.3444537	38.5479346
13.4278565	37.5442620
13.5112594	38.9345231
13.5946622	38.5890737
13.6780651	37.5168769
13.7614679	37.8355385
13.8448707	35.0124816
13.9282736	33.6726691
14.0116764	35.3716552
14.0950792	35.6295300
14.1784821	37.5795161
14.2618849	38.6917772
14.3452877	38.5479346
14.4286906	37.5442620
14.5120934	38.9345231
14.5954962	38.5890737
14.6788991	37.5168769
14.7623019	37.8355385
14.8457048	35.0124816
14.9291076	33.6726691
15.0125104	35.3716552
15.0959133	35.6295300
15.1793161	37.5795161
15.2627189	38.6917772
15.3461218	38.5479346
15.4295246	37.5442620
15.5129274	38.9345231
15.5963303	38.5890737
15.6797331	37.5168769
15.7631359	37.8355385
15.8465388	35.0124816
15.9299416	33.6726691
16.0133445	35.3716552
16.0967473	35.6295300
16.1801501	37.5795161
16.2635530	38.6917772
16.3469558	38.5479346
16.4303586	37.5442620
16.5137615	38.9345231
16.5971643	38.5890737
16.6805671	37.5168769
16.7639700	37.8355385
16.8473728	35.0124816
16.9307756	33.6726691
17.0141785	35.3716552
17.0975813	35.6295300
17.1809842	37.5795161
17.2643870	38.6917772
17.3477898	38.5479346
17.4311927	37.5442620
17.5145955	38.9345231
17.5979983	38.5890737
17.6814012	37.5168769
17.7648040	37.8355385
17.8482068	35.0124816
17.9316097	33.6726691
18.0150125	35.3716552
18.0984153	35.6295300
18.1818182	37.5795161
18.2652210	38.6917772
18.3486239	38.5479346
18.4320267	37.5442620
18.5154295	38.9345231
18.5988324	38.5890737
18.6822352	37.5168769
18.7656380	37.8355385
18.8490409	35.0124816
18.9324437	33.6726691
19.0158465	35.3716552
19.0992494	35.6295300
19.1826522	37.5795161
19.2660550	38.6917772
19.3494579	38.5479346
19.4328607	37.5442620
19.5162636	38.9345231
19.5996664	38.5890737
19.6830692	37.5168769
19.7664721	37.8355385
19.8498749	35.0124816
19.9332777	33.6726691
20.0166806	35.3716552
20.1000834	35.6295300
20.1834862	37.5795161
20.2668891	38.6917772
20.3502919	38.5479346
20.4336947	37.5442620
20.5170976	38.9345231
20.6005004	38.5890737
20.6839033	37.5168769
20.7673061	37.8355385
20.8507089	35.0124816
20.9341118	33.6726691
21.0175146	35.3716552
21.1009174	35.6295300
21.1843203	37.5795161
21.2677231	38.6917772
21.3511259	38.5479346
21.4345288	37.5442620
21.5179316	38.9345231
21.6013344	38.5890737
21.6847373	37.5168769
21.7681401	37.8355385
21.8515430	35.0124816
21.9349458	33.6726691
22.0183486	35.3716552
22.1017515	35.6295300
22.1851543	37.5795161
22.2685571	38.6917772
22.3519600	38.5479346
22.4353628	37.5442620
22.5187656	38.9345231
22.6021685	38.5890737
22.6855713	37.5168769
22.7689741	37.8355385
22.8523770	35.0124816
22.9357798	33.6726691
23.0191827	35.3716552
23.1025855	35.6295300
23.1859883	37.5795161
23.2693912	38.6917772
23.3527940	38.5479346
23.4361968	37.5442620
23.5195997	38.9345231
23.6030025	38.5890737
23.6864053	37.5168769
23.7698082	37.8355385
23.8532110	35.0124816
23.9366138	33.6726691
24.0200167	35.3716552
24.1034195	35.6295300
24.1868224	37.5795161
24.2702252	38.6917772
24.3536280	38.5479346
24.4370309	37.5442620
24.5204337	38.9345231
24.6038365	38.5890737
24.6872394	37.5168769
24.7706422	37.8355385
24.8540450	35.0124816
24.9374479	33.6726691
25.0208507	35.3716552
25.1042535	35.6295300
25.1876564	37.5795161
25.2710592	38.6917772
25.3544621	38.5479346
25.4378649	37.5442620
25.5212677	38.9345231
25.6046706	38.5890737
25.6880734	37.5168769
25.7714762	37.8355385
25.8548791	35.0124816
25.9382819	33.6726691
26.0216847	35.3716552
26.1050876	35.6295300
26.1884904	37.5795161
26.2718932	38.6917772
26.3552961	38.5479346
26.4386989	37.5442620
26.5221018	38.9345231
26.6055046	38.5890737
26.6889074	37.5168769
26.7723103	37.8355385
26.8557131	35.0124816
26.9391159	33.6726691
27.0225188	35.3716552
27.1059216	35.6295300
27.1893244	37.5795161
27.2727273	38.6917772
27.3561301	38.5479346
27.4395329	37.5442620
27.5229358	38.9345231
27.6063386	38.5890737
27.6897415	37.5168769
27.7731443	37.8355385
27.8565471	35.0124816
27.9399500	33.6726691
28.0233528	35.3716552
28.1067556	35.6295300
28.1901585	37.5795161
28.2735613	38.6917772
28.3569641	38.5479346
28.4403670	37.5442620
28.5237698	38.9345231
28.6071726	38.5890737
28.6905755	37.5168769
28.7739783	37.8355385
28.8573812	35.0124816
28.9407840	33.6726691
29.0241868	35.3716552
29.1075897	35.6295300
29.1909925	37.5795161
29.2743953	38.6917772
29.3577982	38.5479346
29.4412010	37.5442620
29.5246038	38.9345231
29.6080067	38.5890737
29.6914095	37.5168769
29.7748123	37.8355385
29.8582152	35.0124816
29.9416180	33.6726691
30.0250209	35.3716552
30.1084237	35.6295300
30.1918265	37.5795161
30.2752294	38.6917772
30.3586322	38.5479346
30.4420350	37.5442620
30.5254379	38.9345231
30.6088407	38.5890737
30.6922435	37.5168769
30.7756464	37.8355385
30.8590492	35.0124816
30.9424520	33.6726691
31.0258549	35.3716552
31.1092577	35.6295300
31.1926606	37.5795161
31.2760634	38.6917772
31.3594662	38.5479346
31.4428691	37.5442620
31.5262719	38.9345231
31.6096747	38.5890737
31.6930776	37.5168769
31.7764804	37.8355385
31.8598832	35.0124816
31.9432861	33.6726691
32.0266889	35.3716552
32.1100917	35.6295300
32.1934946	37.5795161
32.2768974	38.6917772
32.3603003	38.5479346
32.4437031	37.5442620
32.5271059	38.9345231
32.6105088	38.5890737
32.6939116	37.5168769
32.7773144	37.8355385
32.8607173	35.0124816
32.9441201	33.6726691
33.0275229	35.3716552
33.1109258	35.6295300
33.1943286	37.5795161
33.2777314	38.6917772
33.3611343	38.5479346
33.4445371	37.5442620
33.5279399	38.9345231
33.6113428	38.5890737
33.6947456	37.5168769
33.7781485	37.8355385
33.8615513	35.0124816
33.9449541	33.6726691
34.0283570	35.3716552
34.1117598	35.6295300
34.1951626	37.5795161
34.2785655	38.6917772
34.3619683	38.5479346
34.4453711	37.5442620
34.5287740	38.9345231
34.6121768	38.5890737
34.6955796	37.5168769
34.7789825	37.8355385
34.8623853	35.0124816
34.9457882	33.6726691
35.0291910	35.3716552
35.1125938	35.6295300
35.1959967	37.5795161
35.2793995	38.6917772
35.3628023	38.5479346
35.4462052	37.5442620
35.5296080	38.9345231
35.6130108	38.5890737
35.6964137	37.5168769
35.7798165	37.8355385
35.8632193	35.0124816
35.9466222	33.6726691
36.0300250	35.3716552
36.1134279	35.6295300
36.1968307	37.5795161
36.2802335	38.6917772
36.3636364	38.5479346
36.4470392	37.5442620
36.5304420	38.9345231
36.6138449	38.5890737
36.6972477	37.5168769
36.7806505	37.8355385
36.8640534	35.0124816
36.9474562	33.6726691
37.0308590	35.3716552
37.1142619	35.6295300
37.1976647	37.5795161
37.2810676	38.6917772
37.3644704	38.5479346
37.4478732	37.5442620
37.5312761	38.9345231
37.6146789	38.5890737
37.6980817	37.5168769
37.7814846	37.8355385
37.8648874	35.0124816
37.9482902	33.6726691
38.0316931	35.3716552
38.1150959	35.6295300
38.1984987	37.5795161
38.2819016	38.6917772
38.3653044	38.5479346
38.4487073	37.5442620
38.5321101	38.9345231
38.6155129	38.5890737
38.6989158	37.5168769
38.7823186	37.8355385
38.8657214	35.0124816
38.9491243	33.6726691
39.0325271	35.3716552
39.1159299	35.6295300
39.1993328	37.5795161
39.2827356	38.6917772
39.3661384	38.5479346
39.4495413	37.5442620
39.5329441	38.9345231
39.6163470	38.5890737
39.6997498	37.5168769
39.7831526	37.8355385
39.8665555	35.0124816
39.9499583	33.6726691
40.0333611	35.3716552
40.1167640	35.6295300
40.2001668	37.5795161
40.2835696	38.6917772
40.3669725	38.5479346
40.4503753	37.5442620
40.5337781	38.9345231
40.6171810	38.5890737
40.7005838	37.5168769
40.7839867	37.8355385
40.8673895	35.0124816
40.9507923	33.6726691
41.0341952	35.3716552
41.1175980	35.6295300
41.2010008	37.5795161
41.2844037	38.6917772
41.3678065	38.5479346
41.4512093	37.5442620
41.5346122	38.9345231
41.6180150	38.5890737
41.7014178	37.5168769
41.7848207	37.8355385
41.8682235	35.0124816
41.9516264	33.6726691
42.0350292	35.3716552
42.1184320	35.6295300
42.2018349	37.5795161
42.2852377	38.6917772
42.3686405	38.5479346
42.4520434	37.5442620
42.5354462	38.9345231
42.6188490	38.5890737
42.7022519	37.5168769
42.7856547	37.8355385
42.8690575	35.0124816
42.9524604	33.6726691
43.0358632	35.3716552
43.1192661	35.6295300
43.2026689	37.5795161
43.2860717	38.6917772
43.3694746	38.5479346
43.4528774	37.5442620
43.5362802	38.9345231
43.6196831	38.5890737
43.7030859	37.5168769
43.7864887	37.8355385
43.8698916	35.0124816
43.9532944	33.6726691
44.0366972	35.3716552
44.1201001	35.6295300
44.2035029	37.5795161
44.2869058	38.6917772
44.3703086	38.5479346
44.4537114	37.5442620
44.5371143	38.9345231
44.6205171	38.5890737
44.7039199	37.5168769
44.7873228	37.8355385
44.8707256	35.0124816
44.9541284	33.6726691
45.0375313	35.3716552
45.1209341	35.6295300
45.2043369	37.5795161
45.2877398	38.6917772
45.3711426	38.5479346
45.4545455	37.5442620
45.5379483	38.9345231
45.6213511	38.5890737
45.7047540	37.5168769
45.7881568	37.8355385
45.8715596	35.0124816
45.9549625	33.6726691
46.0383653	35.3716552
46.1217681	35.6295300
46.2051710	37.5795161
46.2885738	38.6917772
46.3719766	38.5479346
46.4553795	37.5442620
46.5387823	38.9345231
46.6221852	38.5890737
46.7055880	37.5168769
46.7889908	37.8355385
46.8723937	35.0124816
46.9557965	33.6726691
47.0391993	35.3716552
47.1226022	35.6295300
47.2060050	37.5795161
47.2894078	38.6917772
47.3728107	38.5479346
47.4562135	37.5442620
47.5396163	38.9345231
47.6230192	38.5890737
47.7064220	37.5168769
47.7898249	37.8355385
47.8732277	35.0124816
47.9566305	33.6726691
48.0400334	35.3716552
48.1234362	35.6295300
48.2068390	37.5795161
48.2902419	38.6917772
48.3736447	38.5479346
48.4570475	37.5442620
48.5404504	38.9345231
48.6238532	38.5890737
48.7072560	37.5168769
48.7906589	37.8355385
48.8740617	35.0124816
48.9574646	33.6726691
49.0408674	35.3716552
49.1242702	35.6295300
49.2076731	37.5795161
49.2910759	38.6917772
49.3744787	38.5479346
49.4578816	37.5442620
49.5412844	38.9345231
49.6246872	38.5890737
49.7080901	37.5168769
49.7914929	37.8355385
49.8748957	35.0124816
49.9582986	33.6726691
50.0417014	35.3716552
50.1251043	35.6295300
50.2085071	37.5795161
50.2919099	38.6917772
50.3753128	38.5479346
50.4587156	37.5442620
50.5421184	38.9345231
50.6255213	38.5890737
50.7089241	37.5168769
50.7923269	37.8355385
50.8757298	35.0124816
50.9591326	33.6726691
51.0425354	35.3716552
51.1259383	35.6295300
51.2093411	37.5795161
51.2927440	38.6917772
51.3761468	38.5479346
51.4595496	37.5442620
51.5429525	38.9345231
51.6263553	38.5890737
51.7097581	37.5168769
51.7931610	37.8355385
51.8765638	35.0124816
51.9599666	33.6726691
52.0433695	35.3716552
52.1267723	35.6295300
52.2101751	37.5795161
52.2935780	38.6917772
52.3769808	38.5479346
52.4603837	37.5442620
52.5437865	38.9345231
52.6271893	38.5890737
52.7105922	37.5168769
52.7939950	37.8355385
52.8773978	35.0124816
52.9608007	33.6726691
53.0442035	35.3716552
53.1276063	35.6295300
53.2110092	37.5795161
53.2944120	38.6917772
53.3778148	38.5479346
53.4612177	37.5442620
53.5446205	38.9345231
53.6280234	38.5890737
53.7114262	37.5168769
53.7948290	37.8355385
53.8782319	35.0124816
53.9616347	33.6726691
54.0450375	35.3716552
54.1284404	35.6295300
54.2118432	37.5795161
54.2952460	38.6917772
54.3786489	38.5479346
54.4620517	37.5442620
54.5454545	38.9345231
54.6288574	38.5890737
54.7122602	37.5168769
54.7956631	37.8355385
54.8790659	35.0124816
54.9624687	33.6726691
55.0458716	35.3716552
55.1292744	35.6295300
55.2126772	37.5795161
55.2960801	38.6917772
55.3794829	38.5479346
55.4628857	37.5442620
55.5462886	38.9345231
55.6296914	38.5890737
55.7130942	37.5168769
55.7964971	37.8355385
55.8798999	35.0124816
55.9633028	33.6726691
56.0467056	35.3716552
56.1301084	35.6295300
56.2135113	37.5795161
56.2969141	38.6917772
56.3803169	38.5479346
56.4637198	37.5442620
56.5471226	38.9345231
56.6305254	38.5890737
56.7139283	37.5168769
56.7973311	37.8355385
56.8807339	35.0124816
56.9641368	33.6726691
57.0475396	35.3716552
57.1309425	35.6295300
57.2143453	37.5795161
57.2977481	38.6917772
57.3811510	38.5479346
57.4645538	37.5442620
57.5479566	38.9345231
57.6313595	38.5890737
57.7147623	37.5168769
57.7981651	37.8355385
57.8815680	35.0124816
57.9649708	33.6726691
58.0483736	35.3716552
58.1317765	35.6295300
58.2151793	37.5795161
58.2985822	38.6917772
58.3819850	38.5479346
58.4653878	37.5442620
58.5487907	38.9345231
58.6321935	38.5890737
58.7155963	37.5168769
58.7989992	37.8355385
58.8824020	35.0124816
58.9658048	33.6726691
59.0492077	35.3716552
59.1326105	35.6295300
59.2160133	37.5795161
59.2994162	38.6917772
59.3828190	38.5479346
59.4662219	37.5442620
59.5496247	38.9345231
59.6330275	38.5890737
59.7164304	37.5168769
59.7998332	37.8355385
59.8832360	35.0124816
59.9666389	33.6726691
60.0500417	35.3716552
60.1334445	35.6295300
60.2168474	37.5795161
60.3002502	38.6917772
60.3836530	38.5479346
60.4670559	37.5442620
60.5504587	38.9345231
60.6338616	38.5890737
60.7172644	37.5168769
60.8006672	37.8355385
60.8840701	35.0124816
60.9674729	33.6726691
61.0508757	35.3716552
61.1342786	35.6295300
61.2176814	37.5795161
61.3010842	38.6917772
61.3844871	38.5479346
61.4678899	37.5442620
61.5512927	38.9345231
61.6346956	38.5890737
61.7180984	37.5168769
61.8015013	37.8355385
61.8849041	35.0124816
61.9683069	33.6726691
62.0517098	35.3716552
62.1351126	35.6295300
62.2185154	37.5795161
62.3019183	38.6917772
62.3853211	38.5479346
62.4687239	37.5442620
62.5521268	38.9345231
62.6355296	38.5890737
62.7189324	37.5168769
62.8023353	37.8355385
62.8857381	35.0124816
62.9691410	33.6726691
63.0525438	35.3716552
63.1359466	35.6295300
63.2193495	37.5795161
63.3027523	38.6917772
63.3861551	38.5479346
63.4695580	37.5442620
63.5529608	38.9345231
63.6363636	38.5890737
63.7197665	37.5168769
63.8031693	37.8355385
63.8865721	35.0124816
63.9699750	33.6726691
64.0533778	35.3716552
64.1367807	35.6295300
64.2201835	37.5795161
64.3035863	38.6917772
64.3869892	38.5479346
64.4703920	37.5442620
64.5537948	38.9345231
64.6371977	38.5890737
64.7206005	37.5168769
64.8040033	37.8355385
64.8874062	35.0124816
64.9708090	33.6726691
65.0542118	35.3716552
65.1376147	35.6295300
65.2210175	37.5795161
65.3044204	38.6917772
65.3878232	38.5479346
65.4712260	37.5442620
65.5546289	38.9345231
65.6380317	38.5890737
65.7214345	37.5168769
65.8048374	37.8355385
65.8882402	35.0124816
65.9716430	33.6726691
66.0550459	35.3716552
66.1384487	35.6295300
66.2218515	37.5795161
66.3052544	38.6917772
66.3886572	38.5479346
66.4720601	37.5442620
66.5554629	38.9345231
66.6388657	38.5890737
66.7222686	37.5168769
66.8056714	37.8355385
66.8890742	35.0124816
66.9724771	33.6726691
67.0558799	35.3716552
67.1392827	35.6295300
67.2226856	37.5795161
67.3060884	38.6917772
67.3894912	38.5479346
67.4728941	37.5442620
67.5562969	38.9345231
67.6396997	38.5890737
67.7231026	37.5168769
67.8065054	37.8355385
67.8899083	35.0124816
67.9733111	33.6726691
68.0567139	35.3716552
68.1401168	35.6295300
68.2235196	37.5795161
68.3069224	38.6917772
68.3903253	38.5479346
68.4737281	37.5442620
68.5571309	38.9345231
68.6405338	38.5890737
68.7239366	37.5168769
68.8073394	37.8355385
68.8907423	35.0124816
68.9741451	33.6726691
69.0575480	35.3716552
69.1409508	35.6295300
69.2243536	37.5795161
69.3077565	38.6917772
69.3911593	38.5479346
69.4745621	37.5442620
69.5579650	38.9345231
69.6413678	38.5890737
69.7247706	37.5168769
69.8081735	37.8355385
69.8915763	35.0124816
69.9749791	33.6726691
70.0583820	35.3716552
70.1417848	35.6295300
70.2251877	37.5795161
70.3085905	38.6917772
70.3919933	38.5479346
70.4753962	37.5442620
70.5587990	38.9345231
70.6422018	38.5890737
70.7256047	37.5168769
70.8090075	37.8355385
70.8924103	35.0124816
70.9758132	33.6726691
71.0592160	35.3716552
71.1426188	35.6295300
71.2260217	37.5795161
71.3094245	38.6917772
71.3928274	38.5479346
71.4762302	37.5442620
71.5596330	38.9345231
71.6430359	38.5890737
71.7264387	37.5168769
71.8098415	37.8355385
71.8932444	35.0124816
71.9766472	33.6726691
72.0600500	35.3716552
72.1434529	35.6295300
72.2268557	37.5795161
72.3102585	38.6917772
72.3936614	38.5479346
72.4770642	37.5442620
72.5604671	38.9345231
72.6438699	38.5890737
72.7272727	37.5168769
72.8106756	37.8355385
72.8940784	35.0124816
72.9774812	33.6726691
73.0608841	35.3716552
73.1442869	35.6295300
73.2276897	37.5795161
73.3110926	38.6917772
73.3944954	38.5479346
73.4778982	37.5442620
73.5613011	38.9345231
73.6447039	38.5890737
73.7281068	37.5168769
73.8115096	37.8355385
73.8949124	35.0124816
73.9783153	33.6726691
74.0617181	35.3716552
74.1451209	35.6295300
74.2285238	37.5795161
74.3119266	38.6917772
74.3953294	38.5479346
74.4787323	37.5442620
74.5621351	38.9345231
74.6455379	38.5890737
74.7289408	37.5168769
74.8123436	37.8355385
74.8957465	35.0124816
74.9791493	33.6726691
75.0625521	35.3716552
75.1459550	35.6295300
75.2293578	37.5795161
75.3127606	38.6917772
75.3961635	38.5479346
75.4795663	37.5442620
75.5629691	38.9345231
75.6463720	38.5890737
75.7297748	37.5168769
75.8131776	37.8355385
75.8965805	35.0124816
75.9799833	33.6726691
76.0633862	35.3716552
76.1467890	35.6295300
76.2301918	37.5795161
76.3135947	38.6917772
76.3969975	38.5479346
76.4804003	37.5442620
76.5638032	38.9345231
76.6472060	38.5890737
76.7306088	37.5168769
76.8140117	37.8355385
76.8974145	35.0124816
76.9808173	33.6726691
77.0642202	35.3716552
77.1476230	35.6295300
77.2310259	37.5795161
77.3144287	38.6917772
77.3978315	38.5479346
77.4812344	37.5442620
77.5646372	38.9345231
77.6480400	38.5890737
77.7314429	37.5168769
77.8148457	37.8355385
77.8982485	35.0124816
77.9816514	33.6726691
78.0650542	35.3716552
78.1484570	35.6295300
78.2318599	37.5795161
78.3152627	38.6917772
78.3986656	38.5479346
78.4820684	37.5442620
78.5654712	38.9345231
78.6488741	38.5890737
78.7322769	37.5168769
78.8156797	37.8355385
78.8990826	35.0124816
78.9824854	33.6726691
79.0658882	35.3716552
79.1492911	35.6295300
79.2326939	37.5795161
79.3160967	38.6917772
79.3994996	38.5479346
79.4829024	37.5442620
79.5663053	38.9345231
79.6497081	38.5890737
79.7331109	37.5168769
79.8165138	37.8355385
79.8999166	35.0124816
79.9833194	33.6726691
80.0667223	35.3716552
80.1501251	35.6295300
80.2335279	37.5795161
80.3169308	38.6917772
80.4003336	38.5479346
80.4837364	37.5442620
80.5671393	38.9345231
80.6505421	38.5890737
80.7339450	37.5168769
80.8173478	37.8355385
80.9007506	35.0124816
80.9841535	33.6726691
81.0675563	35.3716552
81.1509591	35.6295300
81.2343620	37.5795161
81.3177648	38.6917772
81.4011676	38.5479346
81.4845705	37.5442620
81.5679733	38.9345231
81.6513761	38.5890737
81.7347790	37.5168769
81.8181818	37.8355385
81.9015847	35.0124816
81.9849875	33.6726691
82.0683903	35.3716552
82.1517932	35.6295300
82.2351960	37.5795161
82.3185988	38.6917772
82.4020017	38.5479346
82.4854045	37.5442620
82.5688073	38.9345231
82.6522102	38.5890737
82.7356130	37.5168769
82.8190158	37.8355385
82.9024187	35.0124816
82.9858215	33.6726691
83.0692244	35.3716552
83.1526272	35.6295300
83.2360300	37.5795161
83.3194329	38.6917772
83.4028357	38.5479346
83.4862385	37.5442620
83.5696414	38.9345231
83.6530442	38.5890737
83.7364470	37.5168769
83.8198499	37.8355385
83.9032527	35.0124816
83.9866555	33.6726691
84.0700584	35.3716552
84.1534612	35.6295300
84.2368641	37.5795161
84.3202669	38.6917772
84.4036697	38.5479346
84.4870726	37.5442620
84.5704754	38.9345231
84.6538782	38.5890737
84.7372811	37.5168769
84.8206839	37.8355385
84.9040867	35.0124816
84.9874896	33.6726691
85.0708924	35.3716552
85.1542952	35.6295300
85.2376981	37.5795161
85.3211009	38.6917772
85.4045038	38.5479346
85.4879066	37.5442620
85.5713094	38.9345231
85.6547123	38.5890737
85.7381151	37.5168769
85.8215179	37.8355385
85.9049208	35.0124816
85.9883236	33.6726691
86.0717264	35.3716552
86.1551293	35.6295300
86.2385321	37.5795161
86.3219349	38.6917772
86.4053378	38.5479346
86.4887406	37.5442620
86.5721435	38.9345231
86.6555463	38.5890737
86.7389491	37.5168769
86.8223520	37.8355385
86.9057548	35.0124816
86.9891576	33.6726691
87.0725605	35.3716552
87.1559633	35.6295300
87.2393661	37.5795161
87.3227690	38.6917772
87.4061718	38.5479346
87.4895746	37.5442620
87.5729775	38.9345231
87.6563803	38.5890737
87.7397832	37.5168769
87.8231860	37.8355385
87.9065888	35.0124816
87.9899917	33.6726691
88.0733945	35.3716552
88.1567973	35.6295300
88.2402002	37.5795161
88.3236030	38.6917772
88.4070058	38.5479346
88.4904087	37.5442620
88.5738115	38.9345231
88.6572143	38.5890737
88.7406172	37.5168769
88.8240200	37.8355385
88.9074229	35.0124816
88.9908257	33.6726691
89.0742285	35.3716552
89.1576314	35.6295300
89.2410342	37.5795161
89.3244370	38.6917772
89.4078399	38.5479346
89.4912427	37.5442620
89.5746455	38.9345231
89.6580484	38.5890737
89.7414512	37.5168769
89.8248540	37.8355385
89.9082569	35.0124816
89.9916597	33.6726691
90.0750626	35.3716552
90.1584654	35.6295300
90.2418682	37.5795161
90.3252711	38.6917772
90.4086739	38.5479346
90.4920767	37.5442620
90.5754796	38.9345231
90.6588824	38.5890737
90.7422852	37.5168769
90.8256881	37.8355385
90.9090909	35.0124816
90.9924937	33.6726691
91.0758966	35.3716552
91.1592994	35.6295300
91.2427023	37.5795161
91.3261051	38.6917772
91.4095079	38.5479346
91.4929108	37.5442620
91.5763136	38.9345231
91.6597164	38.5890737
91.7431193	37.5168769
91.8265221	37.8355385
91.9099249	35.0124816
91.9933278	33.6726691
92.0767306	35.3716552
92.1601334	35.6295300
92.2435363	37.5795161
92.3269391	38.6917772
92.4103420	38.5479346
92.4937448	37.5442620
92.5771476	38.9345231
92.6605505	38.5890737
92.7439533	37.5168769
92.8273561	37.8355385
92.9107590	35.0124816
92.9941618	33.6726691
93.0775646	35.3716552
93.1609675	35.6295300
93.2443703	37.5795161
93.3277731	38.6917772
93.4111760	38.5479346
93.4945788	37.5442620
93.5779817	38.9345231
93.6613845	38.5890737
93.7447873	37.5168769
93.8281902	37.8355385
93.9115930	35.0124816
93.9949958	33.6726691
94.0783987	35.3716552
94.1618015	35.6295300
94.2452043	37.5795161
94.3286072	38.6917772
94.4120100	38.5479346
94.4954128	37.5442620
94.5788157	38.9345231
94.6622185	38.5890737
94.7456214	37.5168769
94.8290242	37.8355385
94.9124270	35.0124816
94.9958299	33.6726691
95.0792327	35.3716552
95.1626355	35.6295300
95.2460384	37.5795161
95.3294412	38.6917772
95.4128440	38.5479346
95.4962469	37.5442620
95.5796497	38.9345231
95.6630525	38.5890737
95.7464554	37.5168769
95.8298582	37.8355385
95.9132611	35.0124816
95.9966639	33.6726691
96.0800667	35.3716552
96.1634696	35.6295300
96.2468724	37.5795161
96.3302752	38.6917772
96.4136781	38.5479346
96.4970809	37.5442620
96.5804837	38.9345231
96.6638866	38.5890737
96.7472894	37.5168769
96.8306922	37.8355385
96.9140951	35.0124816
96.9974979	33.6726691
97.0809008	35.3716552
97.1643036	35.6295300
97.2477064	37.5795161
97.3311093	38.6917772
97.4145121	38.5479346
97.4979149	37.5442620
97.5813178	38.9345231
97.6647206	38.5890737
97.7481234	37.5168769
97.8315263	37.8355385
97.9149291	35.0124816
97.9983319	33.6726691
98.0817348	35.3716552
98.1651376	35.6295300
98.2485405	37.5795161
98.3319433	38.6917772
98.4153461	38.5479346
98.4987490	37.5442620
98.5821518	38.9345231
98.6655546	38.5890737
98.7489575	37.5168769
98.8323603	37.8355385
98.9157631	35.0124816
98.9991660	33.6726691
99.0825688	35.3716552
99.1659716	35.6295300
99.2493745	37.5795161
99.3327773	38.6917772
99.4161802	38.5479346
99.4995830	37.5442620
99.5829858	38.9345231
99.6663887	38.5890737
99.7497915	37.5168769
99.8331943	37.8355385
99.9165972	35.0124816
100.0000000	33.6726691
