# time(yr)	T(C)
0.0000000	12.6434593
0.0834028	11.4190969
0.1668057	13.3287535
0.2502085	17.0382557
0.3336113	21.3088608
0.4170142	24.4373360
0.5004170	27.5100651
0.5838198	29.0873833
0.6672227	29.1264038
0.7506255	27.1468067
0.8340284	22.4918747
0.9174312	16.8836823
1.0008340	12.6434593
1.0842369	11.4190969
1.1676397	13.3287535
1.2510425	17.0382557
1.3344454	21.3088608
1.4178482	24.4373360
1.5012510	27.5100651
1.5846539	29.0873833
1.6680567	29.1264038
1.7514595	27.1468067
1.8348624	22.4918747
1.9182652	16.8836823
2.0016681	12.6434593
2.0850709	11.4190969
2.1684737	13.3287535
2.2518766	17.0382557
2.3352794	21.3088608
2.4186822	24.4373360
2.5020851	27.5100651
2.5854879	29.0873833
2.6688907	29.1264038
2.7522936	27.1468067
2.8356964	22.4918747
2.9190992	16.8836823
3.0025021	12.6434593
3.0859049	11.4190969
3.1693078	13.3287535
3.2527106	17.0382557
3.3361134	21.3088608
3.4195163	24.4373360
3.5029191	27.5100651
3.5863219	29.0873833
3.6697248	29.1264038
3.7531276	27.1468067
3.8365304	22.4918747
3.9199333	16.8836823
4.0033361	12.6434593
4.0867389	11.4190969
4.1701418	13.3287535
4.2535446	17.0382557
4.3369475	21.3088608
4.4203503	24.4373360
4.5037531	27.5100651
4.5871560	29.0873833
4.6705588	29.1264038
4.7539616	27.1468067
4.8373645	22.4918747
4.9207673	16.8836823
5.0041701	12.6434593
5.0875730	11.4190969
5.1709758	13.3287535
5.2543786	17.0382557
5.3377815	21.3088608
5.4211843	24.4373360
5.5045872	27.5100651
5.5879900	29.0873833
5.6713928	29.1264038
5.7547957	27.1468067
5.8381985	22.4918747
5.9216013	16.8836823
6.0050042	12.6434593
6.0884070	11.4190969
6.1718098	13.3287535
6.2552127	17.0382557
6.3386155	21.3088608
6.4220183	24.4373360
6.5054212	27.5100651
6.5888240	29.0873833
6.6722269	29.1264038
6.7556297	27.1468067
6.8390325	22.4918747
6.9224354	16.8836823
7.0058382	12.6434593
7.0892410	11.4190969
7.1726439	13.3287535
7.2560467	17.0382557
7.3394495	21.3088608
7.4228524	24.4373360
7.5062552	27.5100651
7.5896580	29.0873833
7.6730609	29.1264038
7.7564637	27.1468067
7.8398666	22.4918747
7.9232694	16.8836823
8.0066722	12.6434593
8.0900751	11.4190969
8.1734779	13.3287535
8.2568807	17.0382557
8.3402836	21.3088608
8.4236864	24.4373360
8.5070892	27.5100651
8.5904921	29.0873833
8.6738949	29.1264038
8.7572977	27.1468067
8.8407006	22.4918747
8.9241034	16.8836823
9.0075063	12.6434593
9.0909091	11.4190969
9.1743119	13.3287535
9.2577148	17.0382557
9.3411176	21.3088608
9.4245204	24.4373360
9.5079233	27.5100651
9.5913261	29.0873833
9.6747289	29.1264038
9.7581318	27.1468067
9.8415346	22.4918747
9.9249374	16.8836823
10.0083403	12.6434593
10.0917431	11.4190969
10.1751460	13.3287535
10.2585488	17.0382557
10.3419516	21.3088608
10.4253545	24.4373360
10.5087573	27.5100651
10.5921601	29.0873833
10.6755630	29.1264038
10.7589658	27.1468067
10.8423686	22.4918747
10.9257715	16.8836823
11.0091743	12.6434593
11.0925771	11.4190969
11.1759800	13.3287535
11.2593828	17.0382557
11.3427857	21.3088608
11.4261885	24.4373360
11.5095913	27.5100651
11.5929942	29.0873833
11.6763970	29.1264038
11.7597998	27.1468067
11.8432027	22.4918747
11.9266055	16.8836823
12.0100083	12.6434593
12.0934112	11.4190969
12.1768140	13.3287535
12.2602168	17.0382557
12.3436197	21.3088608
12.4270225	24.4373360
12.5104254	27.5100651
12.5938282	29.0873833
12.6772310	29.1264038
12.7606339	27.1468067
12.8440367	22.4918747
12.9274395	16.8836823
13.0108424	12.6434593
13.0942452	11.4190969
13.1776480	13.3287535
13.2610509	17.0382557
13.3444537	21.3088608
13.4278565	24.4373360
13.5112594	27.5100651
13.5946622	29.0873833
13.6780651	29.1264038
13.7614679	27.1468067
13.8448707	22.4918747
13.9282736	16.8836823
14.0116764	12.6434593
14.0950792	11.4190969
14.1784821	13.3287535
14.2618849	17.0382557
14.3452877	21.3088608
14.4286906	24.4373360
14.5120934	27.5100651
14.5954962	29.0873833
14.6788991	29.1264038
14.7623019	27.1468067
14.8457048	22.4918747
14.9291076	16.8836823
15.0125104	12.6434593
15.0959133	11.4190969
15.1793161	13.3287535
15.2627189	17.0382557
15.3461218	21.3088608
15.4295246	24.4373360
15.5129274	27.5100651
15.5963303	29.0873833
15.6797331	29.1264038
15.7631359	27.1468067
15.8465388	22.4918747
15.9299416	16.8836823
16.0133445	12.6434593
16.0967473	11.4190969
16.1801501	13.3287535
16.2635530	17.0382557
16.3469558	21.3088608
16.4303586	24.4373360
16.5137615	27.5100651
16.5971643	29.0873833
16.6805671	29.1264038
16.7639700	27.1468067
16.8473728	22.4918747
16.9307756	16.8836823
17.0141785	12.6434593
17.0975813	11.4190969
17.1809842	13.3287535
17.2643870	17.0382557
17.3477898	21.3088608
17.4311927	24.4373360
17.5145955	27.5100651
17.5979983	29.0873833
17.6814012	29.1264038
17.7648040	27.1468067
17.8482068	22.4918747
17.9316097	16.8836823
18.0150125	12.6434593
18.0984153	11.4190969
18.1818182	13.3287535
18.2652210	17.0382557
18.3486239	21.3088608
18.4320267	24.4373360
18.5154295	27.5100651
18.5988324	29.0873833
18.6822352	29.1264038
18.7656380	27.1468067
18.8490409	22.4918747
18.9324437	16.8836823
19.0158465	12.6434593
19.0992494	11.4190969
19.1826522	13.3287535
19.2660550	17.0382557
19.3494579	21.3088608
19.4328607	24.4373360
19.5162636	27.5100651
19.5996664	29.0873833
19.6830692	29.1264038
19.7664721	27.1468067
19.8498749	22.4918747
19.9332777	16.8836823
20.0166806	12.6434593
20.1000834	11.4190969
20.1834862	13.3287535
20.2668891	17.0382557
20.3502919	21.3088608
20.4336947	24.4373360
20.5170976	27.5100651
20.6005004	29.0873833
20.6839033	29.1264038
20.7673061	27.1468067
20.8507089	22.4918747
20.9341118	16.8836823
21.0175146	12.6434593
21.1009174	11.4190969
21.1843203	13.3287535
21.2677231	17.0382557
21.3511259	21.3088608
21.4345288	24.4373360
21.5179316	27.5100651
21.6013344	29.0873833
21.6847373	29.1264038
21.7681401	27.1468067
21.8515430	22.4918747
21.9349458	16.8836823
22.0183486	12.6434593
22.1017515	11.4190969
22.1851543	13.3287535
22.2685571	17.0382557
22.3519600	21.3088608
22.4353628	24.4373360
22.5187656	27.5100651
22.6021685	29.0873833
22.6855713	29.1264038
22.7689741	27.1468067
22.8523770	22.4918747
22.9357798	16.8836823
23.0191827	12.6434593
23.1025855	11.4190969
23.1859883	13.3287535
23.2693912	17.0382557
23.3527940	21.3088608
23.4361968	24.4373360
23.5195997	27.5100651
23.6030025	29.0873833
23.6864053	29.1264038
23.7698082	27.1468067
23.8532110	22.4918747
23.9366138	16.8836823
24.0200167	12.6434593
24.1034195	11.4190969
24.1868224	13.3287535
24.2702252	17.0382557
24.3536280	21.3088608
24.4370309	24.4373360
24.5204337	27.5100651
24.6038365	29.0873833
24.6872394	29.1264038
24.7706422	27.1468067
24.8540450	22.4918747
24.9374479	16.8836823
25.0208507	12.6434593
25.1042535	11.4190969
25.1876564	13.3287535
25.2710592	17.0382557
25.3544621	21.3088608
25.4378649	24.4373360
25.5212677	27.5100651
25.6046706	29.0873833
25.6880734	29.1264038
25.7714762	27.1468067
25.8548791	22.4918747
25.9382819	16.8836823
26.0216847	12.6434593
26.1050876	11.4190969
26.1884904	13.3287535
26.2718932	17.0382557
26.3552961	21.3088608
26.4386989	24.4373360
26.5221018	27.5100651
26.6055046	29.0873833
26.6889074	29.1264038
26.7723103	27.1468067
26.8557131	22.4918747
26.9391159	16.8836823
27.0225188	12.6434593
27.1059216	11.4190969
27.1893244	13.3287535
27.2727273	17.0382557
27.3561301	21.3088608
27.4395329	24.4373360
27.5229358	27.5100651
27.6063386	29.0873833
27.6897415	29.1264038
27.7731443	27.1468067
27.8565471	22.4918747
27.9399500	16.8836823
28.0233528	12.6434593
28.1067556	11.4190969
28.1901585	13.3287535
28.2735613	17.0382557
28.3569641	21.3088608
28.4403670	24.4373360
28.5237698	27.5100651
28.6071726	29.0873833
28.6905755	29.1264038
28.7739783	27.1468067
28.8573812	22.4918747
28.9407840	16.8836823
29.0241868	12.6434593
29.1075897	11.4190969
29.1909925	13.3287535
29.2743953	17.0382557
29.3577982	21.3088608
29.4412010	24.4373360
29.5246038	27.5100651
29.6080067	29.0873833
29.6914095	29.1264038
29.7748123	27.1468067
29.8582152	22.4918747
29.9416180	16.8836823
30.0250209	12.6434593
30.1084237	11.4190969
30.1918265	13.3287535
30.2752294	17.0382557
30.3586322	21.3088608
30.4420350	24.4373360
30.5254379	27.5100651
30.6088407	29.0873833
30.6922435	29.1264038
30.7756464	27.1468067
30.8590492	22.4918747
30.9424520	16.8836823
31.0258549	12.6434593
31.1092577	11.4190969
31.1926606	13.3287535
31.2760634	17.0382557
31.3594662	21.3088608
31.4428691	24.4373360
31.5262719	27.5100651
31.6096747	29.0873833
31.6930776	29.1264038
31.7764804	27.1468067
31.8598832	22.4918747
31.9432861	16.8836823
32.0266889	12.6434593
32.1100917	11.4190969
32.1934946	13.3287535
32.2768974	17.0382557
32.3603003	21.3088608
32.4437031	24.4373360
32.5271059	27.5100651
32.6105088	29.0873833
32.6939116	29.1264038
32.7773144	27.1468067
32.8607173	22.4918747
32.9441201	16.8836823
33.0275229	12.6434593
33.1109258	11.4190969
33.1943286	13.3287535
33.2777314	17.0382557
33.3611343	21.3088608
33.4445371	24.4373360
33.5279399	27.5100651
33.6113428	29.0873833
33.6947456	29.1264038
33.7781485	27.1468067
33.8615513	22.4918747
33.9449541	16.8836823
34.0283570	12.6434593
34.1117598	11.4190969
34.1951626	13.3287535
34.2785655	17.0382557
34.3619683	21.3088608
34.4453711	24.4373360
34.5287740	27.5100651
34.6121768	29.0873833
34.6955796	29.1264038
34.7789825	27.1468067
34.8623853	22.4918747
34.9457882	16.8836823
35.0291910	12.6434593
35.1125938	11.4190969
35.1959967	13.3287535
35.2793995	17.0382557
35.3628023	21.3088608
35.4462052	24.4373360
35.5296080	27.5100651
35.6130108	29.0873833
35.6964137	29.1264038
35.7798165	27.1468067
35.8632193	22.4918747
35.9466222	16.8836823
36.0300250	12.6434593
36.1134279	11.4190969
36.1968307	13.3287535
36.2802335	17.0382557
36.3636364	21.3088608
36.4470392	24.4373360
36.5304420	27.5100651
36.6138449	29.0873833
36.6972477	29.1264038
36.7806505	27.1468067
36.8640534	22.4918747
36.9474562	16.8836823
37.0308590	12.6434593
37.1142619	11.4190969
37.1976647	13.3287535
37.2810676	17.0382557
37.3644704	21.3088608
37.4478732	24.4373360
37.5312761	27.5100651
37.6146789	29.0873833
37.6980817	29.1264038
37.7814846	27.1468067
37.8648874	22.4918747
37.9482902	16.8836823
38.0316931	12.6434593
38.1150959	11.4190969
38.1984987	13.3287535
38.2819016	17.0382557
38.3653044	21.3088608
38.4487073	24.4373360
38.5321101	27.5100651
38.6155129	29.0873833
38.6989158	29.1264038
38.7823186	27.1468067
38.8657214	22.4918747
38.9491243	16.8836823
39.0325271	12.6434593
39.1159299	11.4190969
39.1993328	13.3287535
39.2827356	17.0382557
39.3661384	21.3088608
39.4495413	24.4373360
39.5329441	27.5100651
39.6163470	29.0873833
39.6997498	29.1264038
39.7831526	27.1468067
39.8665555	22.4918747
39.9499583	16.8836823
40.0333611	12.6434593
40.1167640	11.4190969
40.2001668	13.3287535
40.2835696	17.0382557
40.3669725	21.3088608
40.4503753	24.4373360
40.5337781	27.5100651
40.6171810	29.0873833
40.7005838	29.1264038
40.7839867	27.1468067
40.8673895	22.4918747
40.9507923	16.8836823
41.0341952	12.6434593
41.1175980	11.4190969
41.2010008	13.3287535
41.2844037	17.0382557
41.3678065	21.3088608
41.4512093	24.4373360
41.5346122	27.5100651
41.6180150	29.0873833
41.7014178	29.1264038
41.7848207	27.1468067
41.8682235	22.4918747
41.9516264	16.8836823
42.0350292	12.6434593
42.1184320	11.4190969
42.2018349	13.3287535
42.2852377	17.0382557
42.3686405	21.3088608
42.4520434	24.4373360
42.5354462	27.5100651
42.6188490	29.0873833
42.7022519	29.1264038
42.7856547	27.1468067
42.8690575	22.4918747
42.9524604	16.8836823
43.0358632	12.6434593
43.1192661	11.4190969
43.2026689	13.3287535
43.2860717	17.0382557
43.3694746	21.3088608
43.4528774	24.4373360
43.5362802	27.5100651
43.6196831	29.0873833
43.7030859	29.1264038
43.7864887	27.1468067
43.8698916	22.4918747
43.9532944	16.8836823
44.0366972	12.6434593
44.1201001	11.4190969
44.2035029	13.3287535
44.2869058	17.0382557
44.3703086	21.3088608
44.4537114	24.4373360
44.5371143	27.5100651
44.6205171	29.0873833
44.7039199	29.1264038
44.7873228	27.1468067
44.8707256	22.4918747
44.9541284	16.8836823
45.0375313	12.6434593
45.1209341	11.4190969
45.2043369	13.3287535
45.2877398	17.0382557
45.3711426	21.3088608
45.4545455	24.4373360
45.5379483	27.5100651
45.6213511	29.0873833
45.7047540	29.1264038
45.7881568	27.1468067
45.8715596	22.4918747
45.9549625	16.8836823
46.0383653	12.6434593
46.1217681	11.4190969
46.2051710	13.3287535
46.2885738	17.0382557
46.3719766	21.3088608
46.4553795	24.4373360
46.5387823	27.5100651
46.6221852	29.0873833
46.7055880	29.1264038
46.7889908	27.1468067
46.8723937	22.4918747
46.9557965	16.8836823
47.0391993	12.6434593
47.1226022	11.4190969
47.2060050	13.3287535
47.2894078	17.0382557
47.3728107	21.3088608
47.4562135	24.4373360
47.5396163	27.5100651
47.6230192	29.0873833
47.7064220	29.1264038
47.7898249	27.1468067
47.8732277	22.4918747
47.9566305	16.8836823
48.0400334	12.6434593
48.1234362	11.4190969
48.2068390	13.3287535
48.2902419	17.0382557
48.3736447	21.3088608
48.4570475	24.4373360
48.5404504	27.5100651
48.6238532	29.0873833
48.7072560	29.1264038
48.7906589	27.1468067
48.8740617	22.4918747
48.9574646	16.8836823
49.0408674	12.6434593
49.1242702	11.4190969
49.2076731	13.3287535
49.2910759	17.0382557
49.3744787	21.3088608
49.4578816	24.4373360
49.5412844	27.5100651
49.6246872	29.0873833
49.7080901	29.1264038
49.7914929	27.1468067
49.8748957	22.4918747
49.9582986	16.8836823
50.0417014	12.6434593
50.1251043	11.4190969
50.2085071	13.3287535
50.2919099	17.0382557
50.3753128	21.3088608
50.4587156	24.4373360
50.5421184	27.5100651
50.6255213	29.0873833
50.7089241	29.1264038
50.7923269	27.1468067
50.8757298	22.4918747
50.9591326	16.8836823
51.0425354	12.6434593
51.1259383	11.4190969
51.2093411	13.3287535
51.2927440	17.0382557
51.3761468	21.3088608
51.4595496	24.4373360
51.5429525	27.5100651
51.6263553	29.0873833
51.7097581	29.1264038
51.7931610	27.1468067
51.8765638	22.4918747
51.9599666	16.8836823
52.0433695	12.6434593
52.1267723	11.4190969
52.2101751	13.3287535
52.2935780	17.0382557
52.3769808	21.3088608
52.4603837	24.4373360
52.5437865	27.5100651
52.6271893	29.0873833
52.7105922	29.1264038
52.7939950	27.1468067
52.8773978	22.4918747
52.9608007	16.8836823
53.0442035	12.6434593
53.1276063	11.4190969
53.2110092	13.3287535
53.2944120	17.0382557
53.3778148	21.3088608
53.4612177	24.4373360
53.5446205	27.5100651
53.6280234	29.0873833
53.7114262	29.1264038
53.7948290	27.1468067
53.8782319	22.4918747
53.9616347	16.8836823
54.0450375	12.6434593
54.1284404	11.4190969
54.2118432	13.3287535
54.2952460	17.0382557
54.3786489	21.3088608
54.4620517	24.4373360
54.5454545	27.5100651
54.6288574	29.0873833
54.7122602	29.1264038
54.7956631	27.1468067
54.8790659	22.4918747
54.9624687	16.8836823
55.0458716	12.6434593
55.1292744	11.4190969
55.2126772	13.3287535
55.2960801	17.0382557
55.3794829	21.3088608
55.4628857	24.4373360
55.5462886	27.5100651
55.6296914	29.0873833
55.7130942	29.1264038
55.7964971	27.1468067
55.8798999	22.4918747
55.9633028	16.8836823
56.0467056	12.6434593
56.1301084	11.4190969
56.2135113	13.3287535
56.2969141	17.0382557
56.3803169	21.3088608
56.4637198	24.4373360
56.5471226	27.5100651
56.6305254	29.0873833
56.7139283	29.1264038
56.7973311	27.1468067
56.8807339	22.4918747
56.9641368	16.8836823
57.0475396	12.6434593
57.1309425	11.4190969
57.2143453	13.3287535
57.2977481	17.0382557
57.3811510	21.3088608
57.4645538	24.4373360
57.5479566	27.5100651
57.6313595	29.0873833
57.7147623	29.1264038
57.7981651	27.1468067
57.8815680	22.4918747
57.9649708	16.8836823
58.0483736	12.6434593
58.1317765	11.4190969
58.2151793	13.3287535
58.2985822	17.0382557
58.3819850	21.3088608
58.4653878	24.4373360
58.5487907	27.5100651
58.6321935	29.0873833
58.7155963	29.1264038
58.7989992	27.1468067
58.8824020	22.4918747
58.9658048	16.8836823
59.0492077	12.6434593
59.1326105	11.4190969
59.2160133	13.3287535
59.2994162	17.0382557
59.3828190	21.3088608
59.4662219	24.4373360
59.5496247	27.5100651
59.6330275	29.0873833
59.7164304	29.1264038
59.7998332	27.1468067
59.8832360	22.4918747
59.9666389	16.8836823
60.0500417	12.6434593
60.1334445	11.4190969
60.2168474	13.3287535
60.3002502	17.0382557
60.3836530	21.3088608
60.4670559	24.4373360
60.5504587	27.5100651
60.6338616	29.0873833
60.7172644	29.1264038
60.8006672	27.1468067
60.8840701	22.4918747
60.9674729	16.8836823
61.0508757	12.6434593
61.1342786	11.4190969
61.2176814	13.3287535
61.3010842	17.0382557
61.3844871	21.3088608
61.4678899	24.4373360
61.5512927	27.5100651
61.6346956	29.0873833
61.7180984	29.1264038
61.8015013	27.1468067
61.8849041	22.4918747
61.9683069	16.8836823
62.0517098	12.6434593
62.1351126	11.4190969
62.2185154	13.3287535
62.3019183	17.0382557
62.3853211	21.3088608
62.4687239	24.4373360
62.5521268	27.5100651
62.6355296	29.0873833
62.7189324	29.1264038
62.8023353	27.1468067
62.8857381	22.4918747
62.9691410	16.8836823
63.0525438	12.6434593
63.1359466	11.4190969
63.2193495	13.3287535
63.3027523	17.0382557
63.3861551	21.3088608
63.4695580	24.4373360
63.5529608	27.5100651
63.6363636	29.0873833
63.7197665	29.1264038
63.8031693	27.1468067
63.8865721	22.4918747
63.9699750	16.8836823
64.0533778	12.6434593
64.1367807	11.4190969
64.2201835	13.3287535
64.3035863	17.0382557
64.3869892	21.3088608
64.4703920	24.4373360
64.5537948	27.5100651
64.6371977	29.0873833
64.7206005	29.1264038
64.8040033	27.1468067
64.8874062	22.4918747
64.9708090	16.8836823
65.0542118	12.6434593
65.1376147	11.4190969
65.2210175	13.3287535
65.3044204	17.0382557
65.3878232	21.3088608
65.4712260	24.4373360
65.5546289	27.5100651
65.6380317	29.0873833
65.7214345	29.1264038
65.8048374	27.1468067
65.8882402	22.4918747
65.9716430	16.8836823
66.0550459	12.6434593
66.1384487	11.4190969
66.2218515	13.3287535
66.3052544	17.0382557
66.3886572	21.3088608
66.4720601	24.4373360
66.5554629	27.5100651
66.6388657	29.0873833
66.7222686	29.1264038
66.8056714	27.1468067
66.8890742	22.4918747
66.9724771	16.8836823
67.0558799	12.6434593
67.1392827	11.4190969
67.2226856	13.3287535
67.3060884	17.0382557
67.3894912	21.3088608
67.4728941	24.4373360
67.5562969	27.5100651
67.6396997	29.0873833
67.7231026	29.1264038
67.8065054	27.1468067
67.8899083	22.4918747
67.9733111	16.8836823
68.0567139	12.6434593
68.1401168	11.4190969
68.2235196	13.3287535
68.3069224	17.0382557
68.3903253	21.3088608
68.4737281	24.4373360
68.5571309	27.5100651
68.6405338	29.0873833
68.7239366	29.1264038
68.8073394	27.1468067
68.8907423	22.4918747
68.9741451	16.8836823
69.0575480	12.6434593
69.1409508	11.4190969
69.2243536	13.3287535
69.3077565	17.0382557
69.3911593	21.3088608
69.4745621	24.4373360
69.5579650	27.5100651
69.6413678	29.0873833
69.7247706	29.1264038
69.8081735	27.1468067
69.8915763	22.4918747
69.9749791	16.8836823
70.0583820	12.6434593
70.1417848	11.4190969
70.2251877	13.3287535
70.3085905	17.0382557
70.3919933	21.3088608
70.4753962	24.4373360
70.5587990	27.5100651
70.6422018	29.0873833
70.7256047	29.1264038
70.8090075	27.1468067
70.8924103	22.4918747
70.9758132	16.8836823
71.0592160	12.6434593
71.1426188	11.4190969
71.2260217	13.3287535
71.3094245	17.0382557
71.3928274	21.3088608
71.4762302	24.4373360
71.5596330	27.5100651
71.6430359	29.0873833
71.7264387	29.1264038
71.8098415	27.1468067
71.8932444	22.4918747
71.9766472	16.8836823
72.0600500	12.6434593
72.1434529	11.4190969
72.2268557	13.3287535
72.3102585	17.0382557
72.3936614	21.3088608
72.4770642	24.4373360
72.5604671	27.5100651
72.6438699	29.0873833
72.7272727	29.1264038
72.8106756	27.1468067
72.8940784	22.4918747
72.9774812	16.8836823
73.0608841	12.6434593
73.1442869	11.4190969
73.2276897	13.3287535
73.3110926	17.0382557
73.3944954	21.3088608
73.4778982	24.4373360
73.5613011	27.5100651
73.6447039	29.0873833
73.7281068	29.1264038
73.8115096	27.1468067
73.8949124	22.4918747
73.9783153	16.8836823
74.0617181	12.6434593
74.1451209	11.4190969
74.2285238	13.3287535
74.3119266	17.0382557
74.3953294	21.3088608
74.4787323	24.4373360
74.5621351	27.5100651
74.6455379	29.0873833
74.7289408	29.1264038
74.8123436	27.1468067
74.8957465	22.4918747
74.9791493	16.8836823
75.0625521	12.6434593
75.1459550	11.4190969
75.2293578	13.3287535
75.3127606	17.0382557
75.3961635	21.3088608
75.4795663	24.4373360
75.5629691	27.5100651
75.6463720	29.0873833
75.7297748	29.1264038
75.8131776	27.1468067
75.8965805	22.4918747
75.9799833	16.8836823
76.0633862	12.6434593
76.1467890	11.4190969
76.2301918	13.3287535
76.3135947	17.0382557
76.3969975	21.3088608
76.4804003	24.4373360
76.5638032	27.5100651
76.6472060	29.0873833
76.7306088	29.1264038
76.8140117	27.1468067
76.8974145	22.4918747
76.9808173	16.8836823
77.0642202	12.6434593
77.1476230	11.4190969
77.2310259	13.3287535
77.3144287	17.0382557
77.3978315	21.3088608
77.4812344	24.4373360
77.5646372	27.5100651
77.6480400	29.0873833
77.7314429	29.1264038
77.8148457	27.1468067
77.8982485	22.4918747
77.9816514	16.8836823
78.0650542	12.6434593
78.1484570	11.4190969
78.2318599	13.3287535
78.3152627	17.0382557
78.3986656	21.3088608
78.4820684	24.4373360
78.5654712	27.5100651
78.6488741	29.0873833
78.7322769	29.1264038
78.8156797	27.1468067
78.8990826	22.4918747
78.9824854	16.8836823
79.0658882	12.6434593
79.1492911	11.4190969
79.2326939	13.3287535
79.3160967	17.0382557
79.3994996	21.3088608
79.4829024	24.4373360
79.5663053	27.5100651
79.6497081	29.0873833
79.7331109	29.1264038
79.8165138	27.1468067
79.8999166	22.4918747
79.9833194	16.8836823
80.0667223	12.6434593
80.1501251	11.4190969
80.2335279	13.3287535
80.3169308	17.0382557
80.4003336	21.3088608
80.4837364	24.4373360
80.5671393	27.5100651
80.6505421	29.0873833
80.7339450	29.1264038
80.8173478	27.1468067
80.9007506	22.4918747
80.9841535	16.8836823
81.0675563	12.6434593
81.1509591	11.4190969
81.2343620	13.3287535
81.3177648	17.0382557
81.4011676	21.3088608
81.4845705	24.4373360
81.5679733	27.5100651
81.6513761	29.0873833
81.7347790	29.1264038
81.8181818	27.1468067
81.9015847	22.4918747
81.9849875	16.8836823
82.0683903	12.6434593
82.1517932	11.4190969
82.2351960	13.3287535
82.3185988	17.0382557
82.4020017	21.3088608
82.4854045	24.4373360
82.5688073	27.5100651
82.6522102	29.0873833
82.7356130	29.1264038
82.8190158	27.1468067
82.9024187	22.4918747
82.9858215	16.8836823
83.0692244	12.6434593
83.1526272	11.4190969
83.2360300	13.3287535
83.3194329	17.0382557
83.4028357	21.3088608
83.4862385	24.4373360
83.5696414	27.5100651
83.6530442	29.0873833
83.7364470	29.1264038
83.8198499	27.1468067
83.9032527	22.4918747
83.9866555	16.8836823
84.0700584	12.6434593
84.1534612	11.4190969
84.2368641	13.3287535
84.3202669	17.0382557
84.4036697	21.3088608
84.4870726	24.4373360
84.5704754	27.5100651
84.6538782	29.0873833
84.7372811	29.1264038
84.8206839	27.1468067
84.9040867	22.4918747
84.9874896	16.8836823
85.0708924	12.6434593
85.1542952	11.4190969
85.2376981	13.3287535
85.3211009	17.0382557
85.4045038	21.3088608
85.4879066	24.4373360
85.5713094	27.5100651
85.6547123	29.0873833
85.7381151	29.1264038
85.8215179	27.1468067
85.9049208	22.4918747
85.9883236	16.8836823
86.0717264	12.6434593
86.1551293	11.4190969
86.2385321	13.3287535
86.3219349	17.0382557
86.4053378	21.3088608
86.4887406	24.4373360
86.5721435	27.5100651
86.6555463	29.0873833
86.7389491	29.1264038
86.8223520	27.1468067
86.9057548	22.4918747
86.9891576	16.8836823
87.0725605	12.6434593
87.1559633	11.4190969
87.2393661	13.3287535
87.3227690	17.0382557
87.4061718	21.3088608
87.4895746	24.4373360
87.5729775	27.5100651
87.6563803	29.0873833
87.7397832	29.1264038
87.8231860	27.1468067
87.9065888	22.4918747
87.9899917	16.8836823
88.0733945	12.6434593
88.1567973	11.4190969
88.2402002	13.3287535
88.3236030	17.0382557
88.4070058	21.3088608
88.4904087	24.4373360
88.5738115	27.5100651
88.6572143	29.0873833
88.7406172	29.1264038
88.8240200	27.1468067
88.9074229	22.4918747
88.9908257	16.8836823
89.0742285	12.6434593
89.1576314	11.4190969
89.2410342	13.3287535
89.3244370	17.0382557
89.4078399	21.3088608
89.4912427	24.4373360
89.5746455	27.5100651
89.6580484	29.0873833
89.7414512	29.1264038
89.8248540	27.1468067
89.9082569	22.4918747
89.9916597	16.8836823
90.0750626	12.6434593
90.1584654	11.4190969
90.2418682	13.3287535
90.3252711	17.0382557
90.4086739	21.3088608
90.4920767	24.4373360
90.5754796	27.5100651
90.6588824	29.0873833
90.7422852	29.1264038
90.8256881	27.1468067
90.9090909	22.4918747
90.9924937	16.8836823
91.0758966	12.6434593
91.1592994	11.4190969
91.2427023	13.3287535
91.3261051	17.0382557
91.4095079	21.3088608
91.4929108	24.4373360
91.5763136	27.5100651
91.6597164	29.0873833
91.7431193	29.1264038
91.8265221	27.1468067
91.9099249	22.4918747
91.9933278	16.8836823
92.0767306	12.6434593
92.1601334	11.4190969
92.2435363	13.3287535
92.3269391	17.0382557
92.4103420	21.3088608
92.4937448	24.4373360
92.5771476	27.5100651
92.6605505	29.0873833
92.7439533	29.1264038
92.8273561	27.1468067
92.9107590	22.4918747
92.9941618	16.8836823
93.0775646	12.6434593
93.1609675	11.4190969
93.2443703	13.3287535
93.3277731	17.0382557
93.4111760	21.3088608
93.4945788	24.4373360
93.5779817	27.5100651
93.6613845	29.0873833
93.7447873	29.1264038
93.8281902	27.1468067
93.9115930	22.4918747
93.9949958	16.8836823
94.0783987	12.6434593
94.1618015	11.4190969
94.2452043	13.3287535
94.3286072	17.0382557
94.4120100	21.3088608
94.4954128	24.4373360
94.5788157	27.5100651
94.6622185	29.0873833
94.7456214	29.1264038
94.8290242	27.1468067
94.9124270	22.4918747
94.9958299	16.8836823
95.0792327	12.6434593
95.1626355	11.4190969
95.2460384	13.3287535
95.3294412	17.0382557
95.4128440	21.3088608
95.4962469	24.4373360
95.5796497	27.5100651
95.6630525	29.0873833
95.7464554	29.1264038
95.8298582	27.1468067
95.9132611	22.4918747
95.9966639	16.8836823
96.0800667	12.6434593
96.1634696	11.4190969
96.2468724	13.3287535
96.3302752	17.0382557
96.4136781	21.3088608
96.4970809	24.4373360
96.5804837	27.5100651
96.6638866	29.0873833
96.7472894	29.1264038
96.8306922	27.1468067
96.9140951	22.4918747
96.9974979	16.8836823
97.0809008	12.6434593
97.1643036	11.4190969
97.2477064	13.3287535
97.3311093	17.0382557
97.4145121	21.3088608
97.4979149	24.4373360
97.5813178	27.5100651
97.6647206	29.0873833
97.7481234	29.1264038
97.8315263	27.1468067
97.9149291	22.4918747
97.9983319	16.8836823
98.0817348	12.6434593
98.1651376	11.4190969
98.2485405	13.3287535
98.3319433	17.0382557
98.4153461	21.3088608
98.4987490	24.4373360
98.5821518	27.5100651
98.6655546	29.0873833
98.7489575	29.1264038
98.8323603	27.1468067
98.9157631	22.4918747
98.9991660	16.8836823
99.0825688	12.6434593
99.1659716	11.4190969
99.2493745	13.3287535
99.3327773	17.0382557
99.4161802	21.3088608
99.4995830	24.4373360
99.5829858	27.5100651
99.6663887	29.0873833
99.7497915	29.1264038
99.8331943	27.1468067
99.9165972	22.4918747
100.0000000	16.8836823
