# time(yr)	moisture(mm/m)
0.0000000	314.3674316
0.0834028	318.9860840
0.1668057	316.4224548
0.2502085	310.7678833
0.3336113	293.3357544
0.4170142	265.2789307
0.5004170	261.2199097
0.5838198	272.3309631
0.6672227	275.8395691
0.7506255	285.6266479
0.8340284	291.5550537
0.9174312	295.1944275
1.0008340	314.3674316
1.0842369	318.9860840
1.1676397	316.4224548
1.2510425	310.7678833
1.3344454	293.3357544
1.4178482	265.2789307
1.5012510	261.2199097
1.5846539	272.3309631
1.6680567	275.8395691
1.7514595	285.6266479
1.8348624	291.5550537
1.9182652	295.1944275
2.0016681	314.3674316
2.0850709	318.9860840
2.1684737	316.4224548
2.2518766	310.7678833
2.3352794	293.3357544
2.4186822	265.2789307
2.5020851	261.2199097
2.5854879	272.3309631
2.6688907	275.8395691
2.7522936	285.6266479
2.8356964	291.5550537
2.9190992	295.1944275
3.0025021	314.3674316
3.0859049	318.9860840
3.1693078	316.4224548
3.2527106	310.7678833
3.3361134	293.3357544
3.4195163	265.2789307
3.5029191	261.2199097
3.5863219	272.3309631
3.6697248	275.8395691
3.7531276	285.6266479
3.8365304	291.5550537
3.9199333	295.1944275
4.0033361	314.3674316
4.0867389	318.9860840
4.1701418	316.4224548
4.2535446	310.7678833
4.3369475	293.3357544
4.4203503	265.2789307
4.5037531	261.2199097
4.5871560	272.3309631
4.6705588	275.8395691
4.7539616	285.6266479
4.8373645	291.5550537
4.9207673	295.1944275
5.0041701	314.3674316
5.0875730	318.9860840
5.1709758	316.4224548
5.2543786	310.7678833
5.3377815	293.3357544
5.4211843	265.2789307
5.5045872	261.2199097
5.5879900	272.3309631
5.6713928	275.8395691
5.7547957	285.6266479
5.8381985	291.5550537
5.9216013	295.1944275
6.0050042	314.3674316
6.0884070	318.9860840
6.1718098	316.4224548
6.2552127	310.7678833
6.3386155	293.3357544
6.4220183	265.2789307
6.5054212	261.2199097
6.5888240	272.3309631
6.6722269	275.8395691
6.7556297	285.6266479
6.8390325	291.5550537
6.9224354	295.1944275
7.0058382	314.3674316
7.0892410	318.9860840
7.1726439	316.4224548
7.2560467	310.7678833
7.3394495	293.3357544
7.4228524	265.2789307
7.5062552	261.2199097
7.5896580	272.3309631
7.6730609	275.8395691
7.7564637	285.6266479
7.8398666	291.5550537
7.9232694	295.1944275
8.0066722	314.3674316
8.0900751	318.9860840
8.1734779	316.4224548
8.2568807	310.7678833
8.3402836	293.3357544
8.4236864	265.2789307
8.5070892	261.2199097
8.5904921	272.3309631
8.6738949	275.8395691
8.7572977	285.6266479
8.8407006	291.5550537
8.9241034	295.1944275
9.0075063	314.3674316
9.0909091	318.9860840
9.1743119	316.4224548
9.2577148	310.7678833
9.3411176	293.3357544
9.4245204	265.2789307
9.5079233	261.2199097
9.5913261	272.3309631
9.6747289	275.8395691
9.7581318	285.6266479
9.8415346	291.5550537
9.9249374	295.1944275
10.0083403	314.3674316
10.0917431	318.9860840
10.1751460	316.4224548
10.2585488	310.7678833
10.3419516	293.3357544
10.4253545	265.2789307
10.5087573	261.2199097
10.5921601	272.3309631
10.6755630	275.8395691
10.7589658	285.6266479
10.8423686	291.5550537
10.9257715	295.1944275
11.0091743	314.3674316
11.0925771	318.9860840
11.1759800	316.4224548
11.2593828	310.7678833
11.3427857	293.3357544
11.4261885	265.2789307
11.5095913	261.2199097
11.5929942	272.3309631
11.6763970	275.8395691
11.7597998	285.6266479
11.8432027	291.5550537
11.9266055	295.1944275
12.0100083	314.3674316
12.0934112	318.9860840
12.1768140	316.4224548
12.2602168	310.7678833
12.3436197	293.3357544
12.4270225	265.2789307
12.5104254	261.2199097
12.5938282	272.3309631
12.6772310	275.8395691
12.7606339	285.6266479
12.8440367	291.5550537
12.9274395	295.1944275
13.0108424	314.3674316
13.0942452	318.9860840
13.1776480	316.4224548
13.2610509	310.7678833
13.3444537	293.3357544
13.4278565	265.2789307
13.5112594	261.2199097
13.5946622	272.3309631
13.6780651	275.8395691
13.7614679	285.6266479
13.8448707	291.5550537
13.9282736	295.1944275
14.0116764	314.3674316
14.0950792	318.9860840
14.1784821	316.4224548
14.2618849	310.7678833
14.3452877	293.3357544
14.4286906	265.2789307
14.5120934	261.2199097
14.5954962	272.3309631
14.6788991	275.8395691
14.7623019	285.6266479
14.8457048	291.5550537
14.9291076	295.1944275
15.0125104	314.3674316
15.0959133	318.9860840
15.1793161	316.4224548
15.2627189	310.7678833
15.3461218	293.3357544
15.4295246	265.2789307
15.5129274	261.2199097
15.5963303	272.3309631
15.6797331	275.8395691
15.7631359	285.6266479
15.8465388	291.5550537
15.9299416	295.1944275
16.0133445	314.3674316
16.0967473	318.9860840
16.1801501	316.4224548
16.2635530	310.7678833
16.3469558	293.3357544
16.4303586	265.2789307
16.5137615	261.2199097
16.5971643	272.3309631
16.6805671	275.8395691
16.7639700	285.6266479
16.8473728	291.5550537
16.9307756	295.1944275
17.0141785	314.3674316
17.0975813	318.9860840
17.1809842	316.4224548
17.2643870	310.7678833
17.3477898	293.3357544
17.4311927	265.2789307
17.5145955	261.2199097
17.5979983	272.3309631
17.6814012	275.8395691
17.7648040	285.6266479
17.8482068	291.5550537
17.9316097	295.1944275
18.0150125	314.3674316
18.0984153	318.9860840
18.1818182	316.4224548
18.2652210	310.7678833
18.3486239	293.3357544
18.4320267	265.2789307
18.5154295	261.2199097
18.5988324	272.3309631
18.6822352	275.8395691
18.7656380	285.6266479
18.8490409	291.5550537
18.9324437	295.1944275
19.0158465	314.3674316
19.0992494	318.9860840
19.1826522	316.4224548
19.2660550	310.7678833
19.3494579	293.3357544
19.4328607	265.2789307
19.5162636	261.2199097
19.5996664	272.3309631
19.6830692	275.8395691
19.7664721	285.6266479
19.8498749	291.5550537
19.9332777	295.1944275
20.0166806	314.3674316
20.1000834	318.9860840
20.1834862	316.4224548
20.2668891	310.7678833
20.3502919	293.3357544
20.4336947	265.2789307
20.5170976	261.2199097
20.6005004	272.3309631
20.6839033	275.8395691
20.7673061	285.6266479
20.8507089	291.5550537
20.9341118	295.1944275
21.0175146	314.3674316
21.1009174	318.9860840
21.1843203	316.4224548
21.2677231	310.7678833
21.3511259	293.3357544
21.4345288	265.2789307
21.5179316	261.2199097
21.6013344	272.3309631
21.6847373	275.8395691
21.7681401	285.6266479
21.8515430	291.5550537
21.9349458	295.1944275
22.0183486	314.3674316
22.1017515	318.9860840
22.1851543	316.4224548
22.2685571	310.7678833
22.3519600	293.3357544
22.4353628	265.2789307
22.5187656	261.2199097
22.6021685	272.3309631
22.6855713	275.8395691
22.7689741	285.6266479
22.8523770	291.5550537
22.9357798	295.1944275
23.0191827	314.3674316
23.1025855	318.9860840
23.1859883	316.4224548
23.2693912	310.7678833
23.3527940	293.3357544
23.4361968	265.2789307
23.5195997	261.2199097
23.6030025	272.3309631
23.6864053	275.8395691
23.7698082	285.6266479
23.8532110	291.5550537
23.9366138	295.1944275
24.0200167	314.3674316
24.1034195	318.9860840
24.1868224	316.4224548
24.2702252	310.7678833
24.3536280	293.3357544
24.4370309	265.2789307
24.5204337	261.2199097
24.6038365	272.3309631
24.6872394	275.8395691
24.7706422	285.6266479
24.8540450	291.5550537
24.9374479	295.1944275
25.0208507	314.3674316
25.1042535	318.9860840
25.1876564	316.4224548
25.2710592	310.7678833
25.3544621	293.3357544
25.4378649	265.2789307
25.5212677	261.2199097
25.6046706	272.3309631
25.6880734	275.8395691
25.7714762	285.6266479
25.8548791	291.5550537
25.9382819	295.1944275
26.0216847	314.3674316
26.1050876	318.9860840
26.1884904	316.4224548
26.2718932	310.7678833
26.3552961	293.3357544
26.4386989	265.2789307
26.5221018	261.2199097
26.6055046	272.3309631
26.6889074	275.8395691
26.7723103	285.6266479
26.8557131	291.5550537
26.9391159	295.1944275
27.0225188	314.3674316
27.1059216	318.9860840
27.1893244	316.4224548
27.2727273	310.7678833
27.3561301	293.3357544
27.4395329	265.2789307
27.5229358	261.2199097
27.6063386	272.3309631
27.6897415	275.8395691
27.7731443	285.6266479
27.8565471	291.5550537
27.9399500	295.1944275
28.0233528	314.3674316
28.1067556	318.9860840
28.1901585	316.4224548
28.2735613	310.7678833
28.3569641	293.3357544
28.4403670	265.2789307
28.5237698	261.2199097
28.6071726	272.3309631
28.6905755	275.8395691
28.7739783	285.6266479
28.8573812	291.5550537
28.9407840	295.1944275
29.0241868	314.3674316
29.1075897	318.9860840
29.1909925	316.4224548
29.2743953	310.7678833
29.3577982	293.3357544
29.4412010	265.2789307
29.5246038	261.2199097
29.6080067	272.3309631
29.6914095	275.8395691
29.7748123	285.6266479
29.8582152	291.5550537
29.9416180	295.1944275
30.0250209	314.3674316
30.1084237	318.9860840
30.1918265	316.4224548
30.2752294	310.7678833
30.3586322	293.3357544
30.4420350	265.2789307
30.5254379	261.2199097
30.6088407	272.3309631
30.6922435	275.8395691
30.7756464	285.6266479
30.8590492	291.5550537
30.9424520	295.1944275
31.0258549	314.3674316
31.1092577	318.9860840
31.1926606	316.4224548
31.2760634	310.7678833
31.3594662	293.3357544
31.4428691	265.2789307
31.5262719	261.2199097
31.6096747	272.3309631
31.6930776	275.8395691
31.7764804	285.6266479
31.8598832	291.5550537
31.9432861	295.1944275
32.0266889	314.3674316
32.1100917	318.9860840
32.1934946	316.4224548
32.2768974	310.7678833
32.3603003	293.3357544
32.4437031	265.2789307
32.5271059	261.2199097
32.6105088	272.3309631
32.6939116	275.8395691
32.7773144	285.6266479
32.8607173	291.5550537
32.9441201	295.1944275
33.0275229	314.3674316
33.1109258	318.9860840
33.1943286	316.4224548
33.2777314	310.7678833
33.3611343	293.3357544
33.4445371	265.2789307
33.5279399	261.2199097
33.6113428	272.3309631
33.6947456	275.8395691
33.7781485	285.6266479
33.8615513	291.5550537
33.9449541	295.1944275
34.0283570	314.3674316
34.1117598	318.9860840
34.1951626	316.4224548
34.2785655	310.7678833
34.3619683	293.3357544
34.4453711	265.2789307
34.5287740	261.2199097
34.6121768	272.3309631
34.6955796	275.8395691
34.7789825	285.6266479
34.8623853	291.5550537
34.9457882	295.1944275
35.0291910	314.3674316
35.1125938	318.9860840
35.1959967	316.4224548
35.2793995	310.7678833
35.3628023	293.3357544
35.4462052	265.2789307
35.5296080	261.2199097
35.6130108	272.3309631
35.6964137	275.8395691
35.7798165	285.6266479
35.8632193	291.5550537
35.9466222	295.1944275
36.0300250	314.3674316
36.1134279	318.9860840
36.1968307	316.4224548
36.2802335	310.7678833
36.3636364	293.3357544
36.4470392	265.2789307
36.5304420	261.2199097
36.6138449	272.3309631
36.6972477	275.8395691
36.7806505	285.6266479
36.8640534	291.5550537
36.9474562	295.1944275
37.0308590	314.3674316
37.1142619	318.9860840
37.1976647	316.4224548
37.2810676	310.7678833
37.3644704	293.3357544
37.4478732	265.2789307
37.5312761	261.2199097
37.6146789	272.3309631
37.6980817	275.8395691
37.7814846	285.6266479
37.8648874	291.5550537
37.9482902	295.1944275
38.0316931	314.3674316
38.1150959	318.9860840
38.1984987	316.4224548
38.2819016	310.7678833
38.3653044	293.3357544
38.4487073	265.2789307
38.5321101	261.2199097
38.6155129	272.3309631
38.6989158	275.8395691
38.7823186	285.6266479
38.8657214	291.5550537
38.9491243	295.1944275
39.0325271	314.3674316
39.1159299	318.9860840
39.1993328	316.4224548
39.2827356	310.7678833
39.3661384	293.3357544
39.4495413	265.2789307
39.5329441	261.2199097
39.6163470	272.3309631
39.6997498	275.8395691
39.7831526	285.6266479
39.8665555	291.5550537
39.9499583	295.1944275
40.0333611	314.3674316
40.1167640	318.9860840
40.2001668	316.4224548
40.2835696	310.7678833
40.3669725	293.3357544
40.4503753	265.2789307
40.5337781	261.2199097
40.6171810	272.3309631
40.7005838	275.8395691
40.7839867	285.6266479
40.8673895	291.5550537
40.9507923	295.1944275
41.0341952	314.3674316
41.1175980	318.9860840
41.2010008	316.4224548
41.2844037	310.7678833
41.3678065	293.3357544
41.4512093	265.2789307
41.5346122	261.2199097
41.6180150	272.3309631
41.7014178	275.8395691
41.7848207	285.6266479
41.8682235	291.5550537
41.9516264	295.1944275
42.0350292	314.3674316
42.1184320	318.9860840
42.2018349	316.4224548
42.2852377	310.7678833
42.3686405	293.3357544
42.4520434	265.2789307
42.5354462	261.2199097
42.6188490	272.3309631
42.7022519	275.8395691
42.7856547	285.6266479
42.8690575	291.5550537
42.9524604	295.1944275
43.0358632	314.3674316
43.1192661	318.9860840
43.2026689	316.4224548
43.2860717	310.7678833
43.3694746	293.3357544
43.4528774	265.2789307
43.5362802	261.2199097
43.6196831	272.3309631
43.7030859	275.8395691
43.7864887	285.6266479
43.8698916	291.5550537
43.9532944	295.1944275
44.0366972	314.3674316
44.1201001	318.9860840
44.2035029	316.4224548
44.2869058	310.7678833
44.3703086	293.3357544
44.4537114	265.2789307
44.5371143	261.2199097
44.6205171	272.3309631
44.7039199	275.8395691
44.7873228	285.6266479
44.8707256	291.5550537
44.9541284	295.1944275
45.0375313	314.3674316
45.1209341	318.9860840
45.2043369	316.4224548
45.2877398	310.7678833
45.3711426	293.3357544
45.4545455	265.2789307
45.5379483	261.2199097
45.6213511	272.3309631
45.7047540	275.8395691
45.7881568	285.6266479
45.8715596	291.5550537
45.9549625	295.1944275
46.0383653	314.3674316
46.1217681	318.9860840
46.2051710	316.4224548
46.2885738	310.7678833
46.3719766	293.3357544
46.4553795	265.2789307
46.5387823	261.2199097
46.6221852	272.3309631
46.7055880	275.8395691
46.7889908	285.6266479
46.8723937	291.5550537
46.9557965	295.1944275
47.0391993	314.3674316
47.1226022	318.9860840
47.2060050	316.4224548
47.2894078	310.7678833
47.3728107	293.3357544
47.4562135	265.2789307
47.5396163	261.2199097
47.6230192	272.3309631
47.7064220	275.8395691
47.7898249	285.6266479
47.8732277	291.5550537
47.9566305	295.1944275
48.0400334	314.3674316
48.1234362	318.9860840
48.2068390	316.4224548
48.2902419	310.7678833
48.3736447	293.3357544
48.4570475	265.2789307
48.5404504	261.2199097
48.6238532	272.3309631
48.7072560	275.8395691
48.7906589	285.6266479
48.8740617	291.5550537
48.9574646	295.1944275
49.0408674	314.3674316
49.1242702	318.9860840
49.2076731	316.4224548
49.2910759	310.7678833
49.3744787	293.3357544
49.4578816	265.2789307
49.5412844	261.2199097
49.6246872	272.3309631
49.7080901	275.8395691
49.7914929	285.6266479
49.8748957	291.5550537
49.9582986	295.1944275
50.0417014	314.3674316
50.1251043	318.9860840
50.2085071	316.4224548
50.2919099	310.7678833
50.3753128	293.3357544
50.4587156	265.2789307
50.5421184	261.2199097
50.6255213	272.3309631
50.7089241	275.8395691
50.7923269	285.6266479
50.8757298	291.5550537
50.9591326	295.1944275
51.0425354	314.3674316
51.1259383	318.9860840
51.2093411	316.4224548
51.2927440	310.7678833
51.3761468	293.3357544
51.4595496	265.2789307
51.5429525	261.2199097
51.6263553	272.3309631
51.7097581	275.8395691
51.7931610	285.6266479
51.8765638	291.5550537
51.9599666	295.1944275
52.0433695	314.3674316
52.1267723	318.9860840
52.2101751	316.4224548
52.2935780	310.7678833
52.3769808	293.3357544
52.4603837	265.2789307
52.5437865	261.2199097
52.6271893	272.3309631
52.7105922	275.8395691
52.7939950	285.6266479
52.8773978	291.5550537
52.9608007	295.1944275
53.0442035	314.3674316
53.1276063	318.9860840
53.2110092	316.4224548
53.2944120	310.7678833
53.3778148	293.3357544
53.4612177	265.2789307
53.5446205	261.2199097
53.6280234	272.3309631
53.7114262	275.8395691
53.7948290	285.6266479
53.8782319	291.5550537
53.9616347	295.1944275
54.0450375	314.3674316
54.1284404	318.9860840
54.2118432	316.4224548
54.2952460	310.7678833
54.3786489	293.3357544
54.4620517	265.2789307
54.5454545	261.2199097
54.6288574	272.3309631
54.7122602	275.8395691
54.7956631	285.6266479
54.8790659	291.5550537
54.9624687	295.1944275
55.0458716	314.3674316
55.1292744	318.9860840
55.2126772	316.4224548
55.2960801	310.7678833
55.3794829	293.3357544
55.4628857	265.2789307
55.5462886	261.2199097
55.6296914	272.3309631
55.7130942	275.8395691
55.7964971	285.6266479
55.8798999	291.5550537
55.9633028	295.1944275
56.0467056	314.3674316
56.1301084	318.9860840
56.2135113	316.4224548
56.2969141	310.7678833
56.3803169	293.3357544
56.4637198	265.2789307
56.5471226	261.2199097
56.6305254	272.3309631
56.7139283	275.8395691
56.7973311	285.6266479
56.8807339	291.5550537
56.9641368	295.1944275
57.0475396	314.3674316
57.1309425	318.9860840
57.2143453	316.4224548
57.2977481	310.7678833
57.3811510	293.3357544
57.4645538	265.2789307
57.5479566	261.2199097
57.6313595	272.3309631
57.7147623	275.8395691
57.7981651	285.6266479
57.8815680	291.5550537
57.9649708	295.1944275
58.0483736	314.3674316
58.1317765	318.9860840
58.2151793	316.4224548
58.2985822	310.7678833
58.3819850	293.3357544
58.4653878	265.2789307
58.5487907	261.2199097
58.6321935	272.3309631
58.7155963	275.8395691
58.7989992	285.6266479
58.8824020	291.5550537
58.9658048	295.1944275
59.0492077	314.3674316
59.1326105	318.9860840
59.2160133	316.4224548
59.2994162	310.7678833
59.3828190	293.3357544
59.4662219	265.2789307
59.5496247	261.2199097
59.6330275	272.3309631
59.7164304	275.8395691
59.7998332	285.6266479
59.8832360	291.5550537
59.9666389	295.1944275
60.0500417	314.3674316
60.1334445	318.9860840
60.2168474	316.4224548
60.3002502	310.7678833
60.3836530	293.3357544
60.4670559	265.2789307
60.5504587	261.2199097
60.6338616	272.3309631
60.7172644	275.8395691
60.8006672	285.6266479
60.8840701	291.5550537
60.9674729	295.1944275
61.0508757	314.3674316
61.1342786	318.9860840
61.2176814	316.4224548
61.3010842	310.7678833
61.3844871	293.3357544
61.4678899	265.2789307
61.5512927	261.2199097
61.6346956	272.3309631
61.7180984	275.8395691
61.8015013	285.6266479
61.8849041	291.5550537
61.9683069	295.1944275
62.0517098	314.3674316
62.1351126	318.9860840
62.2185154	316.4224548
62.3019183	310.7678833
62.3853211	293.3357544
62.4687239	265.2789307
62.5521268	261.2199097
62.6355296	272.3309631
62.7189324	275.8395691
62.8023353	285.6266479
62.8857381	291.5550537
62.9691410	295.1944275
63.0525438	314.3674316
63.1359466	318.9860840
63.2193495	316.4224548
63.3027523	310.7678833
63.3861551	293.3357544
63.4695580	265.2789307
63.5529608	261.2199097
63.6363636	272.3309631
63.7197665	275.8395691
63.8031693	285.6266479
63.8865721	291.5550537
63.9699750	295.1944275
64.0533778	314.3674316
64.1367807	318.9860840
64.2201835	316.4224548
64.3035863	310.7678833
64.3869892	293.3357544
64.4703920	265.2789307
64.5537948	261.2199097
64.6371977	272.3309631
64.7206005	275.8395691
64.8040033	285.6266479
64.8874062	291.5550537
64.9708090	295.1944275
65.0542118	314.3674316
65.1376147	318.9860840
65.2210175	316.4224548
65.3044204	310.7678833
65.3878232	293.3357544
65.4712260	265.2789307
65.5546289	261.2199097
65.6380317	272.3309631
65.7214345	275.8395691
65.8048374	285.6266479
65.8882402	291.5550537
65.9716430	295.1944275
66.0550459	314.3674316
66.1384487	318.9860840
66.2218515	316.4224548
66.3052544	310.7678833
66.3886572	293.3357544
66.4720601	265.2789307
66.5554629	261.2199097
66.6388657	272.3309631
66.7222686	275.8395691
66.8056714	285.6266479
66.8890742	291.5550537
66.9724771	295.1944275
67.0558799	314.3674316
67.1392827	318.9860840
67.2226856	316.4224548
67.3060884	310.7678833
67.3894912	293.3357544
67.4728941	265.2789307
67.5562969	261.2199097
67.6396997	272.3309631
67.7231026	275.8395691
67.8065054	285.6266479
67.8899083	291.5550537
67.9733111	295.1944275
68.0567139	314.3674316
68.1401168	318.9860840
68.2235196	316.4224548
68.3069224	310.7678833
68.3903253	293.3357544
68.4737281	265.2789307
68.5571309	261.2199097
68.6405338	272.3309631
68.7239366	275.8395691
68.8073394	285.6266479
68.8907423	291.5550537
68.9741451	295.1944275
69.0575480	314.3674316
69.1409508	318.9860840
69.2243536	316.4224548
69.3077565	310.7678833
69.3911593	293.3357544
69.4745621	265.2789307
69.5579650	261.2199097
69.6413678	272.3309631
69.7247706	275.8395691
69.8081735	285.6266479
69.8915763	291.5550537
69.9749791	295.1944275
70.0583820	314.3674316
70.1417848	318.9860840
70.2251877	316.4224548
70.3085905	310.7678833
70.3919933	293.3357544
70.4753962	265.2789307
70.5587990	261.2199097
70.6422018	272.3309631
70.7256047	275.8395691
70.8090075	285.6266479
70.8924103	291.5550537
70.9758132	295.1944275
71.0592160	314.3674316
71.1426188	318.9860840
71.2260217	316.4224548
71.3094245	310.7678833
71.3928274	293.3357544
71.4762302	265.2789307
71.5596330	261.2199097
71.6430359	272.3309631
71.7264387	275.8395691
71.8098415	285.6266479
71.8932444	291.5550537
71.9766472	295.1944275
72.0600500	314.3674316
72.1434529	318.9860840
72.2268557	316.4224548
72.3102585	310.7678833
72.3936614	293.3357544
72.4770642	265.2789307
72.5604671	261.2199097
72.6438699	272.3309631
72.7272727	275.8395691
72.8106756	285.6266479
72.8940784	291.5550537
72.9774812	295.1944275
73.0608841	314.3674316
73.1442869	318.9860840
73.2276897	316.4224548
73.3110926	310.7678833
73.3944954	293.3357544
73.4778982	265.2789307
73.5613011	261.2199097
73.6447039	272.3309631
73.7281068	275.8395691
73.8115096	285.6266479
73.8949124	291.5550537
73.9783153	295.1944275
74.0617181	314.3674316
74.1451209	318.9860840
74.2285238	316.4224548
74.3119266	310.7678833
74.3953294	293.3357544
74.4787323	265.2789307
74.5621351	261.2199097
74.6455379	272.3309631
74.7289408	275.8395691
74.8123436	285.6266479
74.8957465	291.5550537
74.9791493	295.1944275
75.0625521	314.3674316
75.1459550	318.9860840
75.2293578	316.4224548
75.3127606	310.7678833
75.3961635	293.3357544
75.4795663	265.2789307
75.5629691	261.2199097
75.6463720	272.3309631
75.7297748	275.8395691
75.8131776	285.6266479
75.8965805	291.5550537
75.9799833	295.1944275
76.0633862	314.3674316
76.1467890	318.9860840
76.2301918	316.4224548
76.3135947	310.7678833
76.3969975	293.3357544
76.4804003	265.2789307
76.5638032	261.2199097
76.6472060	272.3309631
76.7306088	275.8395691
76.8140117	285.6266479
76.8974145	291.5550537
76.9808173	295.1944275
77.0642202	314.3674316
77.1476230	318.9860840
77.2310259	316.4224548
77.3144287	310.7678833
77.3978315	293.3357544
77.4812344	265.2789307
77.5646372	261.2199097
77.6480400	272.3309631
77.7314429	275.8395691
77.8148457	285.6266479
77.8982485	291.5550537
77.9816514	295.1944275
78.0650542	314.3674316
78.1484570	318.9860840
78.2318599	316.4224548
78.3152627	310.7678833
78.3986656	293.3357544
78.4820684	265.2789307
78.5654712	261.2199097
78.6488741	272.3309631
78.7322769	275.8395691
78.8156797	285.6266479
78.8990826	291.5550537
78.9824854	295.1944275
79.0658882	314.3674316
79.1492911	318.9860840
79.2326939	316.4224548
79.3160967	310.7678833
79.3994996	293.3357544
79.4829024	265.2789307
79.5663053	261.2199097
79.6497081	272.3309631
79.7331109	275.8395691
79.8165138	285.6266479
79.8999166	291.5550537
79.9833194	295.1944275
80.0667223	314.3674316
80.1501251	318.9860840
80.2335279	316.4224548
80.3169308	310.7678833
80.4003336	293.3357544
80.4837364	265.2789307
80.5671393	261.2199097
80.6505421	272.3309631
80.7339450	275.8395691
80.8173478	285.6266479
80.9007506	291.5550537
80.9841535	295.1944275
81.0675563	314.3674316
81.1509591	318.9860840
81.2343620	316.4224548
81.3177648	310.7678833
81.4011676	293.3357544
81.4845705	265.2789307
81.5679733	261.2199097
81.6513761	272.3309631
81.7347790	275.8395691
81.8181818	285.6266479
81.9015847	291.5550537
81.9849875	295.1944275
82.0683903	314.3674316
82.1517932	318.9860840
82.2351960	316.4224548
82.3185988	310.7678833
82.4020017	293.3357544
82.4854045	265.2789307
82.5688073	261.2199097
82.6522102	272.3309631
82.7356130	275.8395691
82.8190158	285.6266479
82.9024187	291.5550537
82.9858215	295.1944275
83.0692244	314.3674316
83.1526272	318.9860840
83.2360300	316.4224548
83.3194329	310.7678833
83.4028357	293.3357544
83.4862385	265.2789307
83.5696414	261.2199097
83.6530442	272.3309631
83.7364470	275.8395691
83.8198499	285.6266479
83.9032527	291.5550537
83.9866555	295.1944275
84.0700584	314.3674316
84.1534612	318.9860840
84.2368641	316.4224548
84.3202669	310.7678833
84.4036697	293.3357544
84.4870726	265.2789307
84.5704754	261.2199097
84.6538782	272.3309631
84.7372811	275.8395691
84.8206839	285.6266479
84.9040867	291.5550537
84.9874896	295.1944275
85.0708924	314.3674316
85.1542952	318.9860840
85.2376981	316.4224548
85.3211009	310.7678833
85.4045038	293.3357544
85.4879066	265.2789307
85.5713094	261.2199097
85.6547123	272.3309631
85.7381151	275.8395691
85.8215179	285.6266479
85.9049208	291.5550537
85.9883236	295.1944275
86.0717264	314.3674316
86.1551293	318.9860840
86.2385321	316.4224548
86.3219349	310.7678833
86.4053378	293.3357544
86.4887406	265.2789307
86.5721435	261.2199097
86.6555463	272.3309631
86.7389491	275.8395691
86.8223520	285.6266479
86.9057548	291.5550537
86.9891576	295.1944275
87.0725605	314.3674316
87.1559633	318.9860840
87.2393661	316.4224548
87.3227690	310.7678833
87.4061718	293.3357544
87.4895746	265.2789307
87.5729775	261.2199097
87.6563803	272.3309631
87.7397832	275.8395691
87.8231860	285.6266479
87.9065888	291.5550537
87.9899917	295.1944275
88.0733945	314.3674316
88.1567973	318.9860840
88.2402002	316.4224548
88.3236030	310.7678833
88.4070058	293.3357544
88.4904087	265.2789307
88.5738115	261.2199097
88.6572143	272.3309631
88.7406172	275.8395691
88.8240200	285.6266479
88.9074229	291.5550537
88.9908257	295.1944275
89.0742285	314.3674316
89.1576314	318.9860840
89.2410342	316.4224548
89.3244370	310.7678833
89.4078399	293.3357544
89.4912427	265.2789307
89.5746455	261.2199097
89.6580484	272.3309631
89.7414512	275.8395691
89.8248540	285.6266479
89.9082569	291.5550537
89.9916597	295.1944275
90.0750626	314.3674316
90.1584654	318.9860840
90.2418682	316.4224548
90.3252711	310.7678833
90.4086739	293.3357544
90.4920767	265.2789307
90.5754796	261.2199097
90.6588824	272.3309631
90.7422852	275.8395691
90.8256881	285.6266479
90.9090909	291.5550537
90.9924937	295.1944275
91.0758966	314.3674316
91.1592994	318.9860840
91.2427023	316.4224548
91.3261051	310.7678833
91.4095079	293.3357544
91.4929108	265.2789307
91.5763136	261.2199097
91.6597164	272.3309631
91.7431193	275.8395691
91.8265221	285.6266479
91.9099249	291.5550537
91.9933278	295.1944275
92.0767306	314.3674316
92.1601334	318.9860840
92.2435363	316.4224548
92.3269391	310.7678833
92.4103420	293.3357544
92.4937448	265.2789307
92.5771476	261.2199097
92.6605505	272.3309631
92.7439533	275.8395691
92.8273561	285.6266479
92.9107590	291.5550537
92.9941618	295.1944275
93.0775646	314.3674316
93.1609675	318.9860840
93.2443703	316.4224548
93.3277731	310.7678833
93.4111760	293.3357544
93.4945788	265.2789307
93.5779817	261.2199097
93.6613845	272.3309631
93.7447873	275.8395691
93.8281902	285.6266479
93.9115930	291.5550537
93.9949958	295.1944275
94.0783987	314.3674316
94.1618015	318.9860840
94.2452043	316.4224548
94.3286072	310.7678833
94.4120100	293.3357544
94.4954128	265.2789307
94.5788157	261.2199097
94.6622185	272.3309631
94.7456214	275.8395691
94.8290242	285.6266479
94.9124270	291.5550537
94.9958299	295.1944275
95.0792327	314.3674316
95.1626355	318.9860840
95.2460384	316.4224548
95.3294412	310.7678833
95.4128440	293.3357544
95.4962469	265.2789307
95.5796497	261.2199097
95.6630525	272.3309631
95.7464554	275.8395691
95.8298582	285.6266479
95.9132611	291.5550537
95.9966639	295.1944275
96.0800667	314.3674316
96.1634696	318.9860840
96.2468724	316.4224548
96.3302752	310.7678833
96.4136781	293.3357544
96.4970809	265.2789307
96.5804837	261.2199097
96.6638866	272.3309631
96.7472894	275.8395691
96.8306922	285.6266479
96.9140951	291.5550537
96.9974979	295.1944275
97.0809008	314.3674316
97.1643036	318.9860840
97.2477064	316.4224548
97.3311093	310.7678833
97.4145121	293.3357544
97.4979149	265.2789307
97.5813178	261.2199097
97.6647206	272.3309631
97.7481234	275.8395691
97.8315263	285.6266479
97.9149291	291.5550537
97.9983319	295.1944275
98.0817348	314.3674316
98.1651376	318.9860840
98.2485405	316.4224548
98.3319433	310.7678833
98.4153461	293.3357544
98.4987490	265.2789307
98.5821518	261.2199097
98.6655546	272.3309631
98.7489575	275.8395691
98.8323603	285.6266479
98.9157631	291.5550537
98.9991660	295.1944275
99.0825688	314.3674316
99.1659716	318.9860840
99.2493745	316.4224548
99.3327773	310.7678833
99.4161802	293.3357544
99.4995830	265.2789307
99.5829858	261.2199097
99.6663887	272.3309631
99.7497915	275.8395691
99.8331943	285.6266479
99.9165972	291.5550537
100.0000000	295.1944275
