# time(yr)	runoff(mm/month)
0.0000000	52.7622343
0.0834028	51.4544995
0.1668057	65.8728455
0.2502085	63.5950368
0.3336113	67.7111624
0.4170142	54.9937638
0.5004170	55.0147321
0.5838198	51.0594542
0.6672227	51.0147624
0.7506255	50.6030784
0.8340284	47.4679842
0.9174312	50.8961353
1.0008340	52.7622343
1.0842369	51.4544995
1.1676397	65.8728455
1.2510425	63.5950368
1.3344454	67.7111624
1.4178482	54.9937638
1.5012510	55.0147321
1.5846539	51.0594542
1.6680567	51.0147624
1.7514595	50.6030784
1.8348624	47.4679842
1.9182652	50.8961353
2.0016681	52.7622343
2.0850709	51.4544995
2.1684737	65.8728455
2.2518766	63.5950368
2.3352794	67.7111624
2.4186822	54.9937638
2.5020851	55.0147321
2.5854879	51.0594542
2.6688907	51.0147624
2.7522936	50.6030784
2.8356964	47.4679842
2.9190992	50.8961353
3.0025021	52.7622343
3.0859049	51.4544995
3.1693078	65.8728455
3.2527106	63.5950368
3.3361134	67.7111624
3.4195163	54.9937638
3.5029191	55.0147321
3.5863219	51.0594542
3.6697248	51.0147624
3.7531276	50.6030784
3.8365304	47.4679842
3.9199333	50.8961353
4.0033361	52.7622343
4.0867389	51.4544995
4.1701418	65.8728455
4.2535446	63.5950368
4.3369475	67.7111624
4.4203503	54.9937638
4.5037531	55.0147321
4.5871560	51.0594542
4.6705588	51.0147624
4.7539616	50.6030784
4.8373645	47.4679842
4.9207673	50.8961353
5.0041701	52.7622343
5.0875730	51.4544995
5.1709758	65.8728455
5.2543786	63.5950368
5.3377815	67.7111624
5.4211843	54.9937638
5.5045872	55.0147321
5.5879900	51.0594542
5.6713928	51.0147624
5.7547957	50.6030784
5.8381985	47.4679842
5.9216013	50.8961353
6.0050042	52.7622343
6.0884070	51.4544995
6.1718098	65.8728455
6.2552127	63.5950368
6.3386155	67.7111624
6.4220183	54.9937638
6.5054212	55.0147321
6.5888240	51.0594542
6.6722269	51.0147624
6.7556297	50.6030784
6.8390325	47.4679842
6.9224354	50.8961353
7.0058382	52.7622343
7.0892410	51.4544995
7.1726439	65.8728455
7.2560467	63.5950368
7.3394495	67.7111624
7.4228524	54.9937638
7.5062552	55.0147321
7.5896580	51.0594542
7.6730609	51.0147624
7.7564637	50.6030784
7.8398666	47.4679842
7.9232694	50.8961353
8.0066722	52.7622343
8.0900751	51.4544995
8.1734779	65.8728455
8.2568807	63.5950368
8.3402836	67.7111624
8.4236864	54.9937638
8.5070892	55.0147321
8.5904921	51.0594542
8.6738949	51.0147624
8.7572977	50.6030784
8.8407006	47.4679842
8.9241034	50.8961353
9.0075063	52.7622343
9.0909091	51.4544995
9.1743119	65.8728455
9.2577148	63.5950368
9.3411176	67.7111624
9.4245204	54.9937638
9.5079233	55.0147321
9.5913261	51.0594542
9.6747289	51.0147624
9.7581318	50.6030784
9.8415346	47.4679842
9.9249374	50.8961353
10.0083403	52.7622343
10.0917431	51.4544995
10.1751460	65.8728455
10.2585488	63.5950368
10.3419516	67.7111624
10.4253545	54.9937638
10.5087573	55.0147321
10.5921601	51.0594542
10.6755630	51.0147624
10.7589658	50.6030784
10.8423686	47.4679842
10.9257715	50.8961353
11.0091743	52.7622343
11.0925771	51.4544995
11.1759800	65.8728455
11.2593828	63.5950368
11.3427857	67.7111624
11.4261885	54.9937638
11.5095913	55.0147321
11.5929942	51.0594542
11.6763970	51.0147624
11.7597998	50.6030784
11.8432027	47.4679842
11.9266055	50.8961353
12.0100083	52.7622343
12.0934112	51.4544995
12.1768140	65.8728455
12.2602168	63.5950368
12.3436197	67.7111624
12.4270225	54.9937638
12.5104254	55.0147321
12.5938282	51.0594542
12.6772310	51.0147624
12.7606339	50.6030784
12.8440367	47.4679842
12.9274395	50.8961353
13.0108424	52.7622343
13.0942452	51.4544995
13.1776480	65.8728455
13.2610509	63.5950368
13.3444537	67.7111624
13.4278565	54.9937638
13.5112594	55.0147321
13.5946622	51.0594542
13.6780651	51.0147624
13.7614679	50.6030784
13.8448707	47.4679842
13.9282736	50.8961353
14.0116764	52.7622343
14.0950792	51.4544995
14.1784821	65.8728455
14.2618849	63.5950368
14.3452877	67.7111624
14.4286906	54.9937638
14.5120934	55.0147321
14.5954962	51.0594542
14.6788991	51.0147624
14.7623019	50.6030784
14.8457048	47.4679842
14.9291076	50.8961353
15.0125104	52.7622343
15.0959133	51.4544995
15.1793161	65.8728455
15.2627189	63.5950368
15.3461218	67.7111624
15.4295246	54.9937638
15.5129274	55.0147321
15.5963303	51.0594542
15.6797331	51.0147624
15.7631359	50.6030784
15.8465388	47.4679842
15.9299416	50.8961353
16.0133445	52.7622343
16.0967473	51.4544995
16.1801501	65.8728455
16.2635530	63.5950368
16.3469558	67.7111624
16.4303586	54.9937638
16.5137615	55.0147321
16.5971643	51.0594542
16.6805671	51.0147624
16.7639700	50.6030784
16.8473728	47.4679842
16.9307756	50.8961353
17.0141785	52.7622343
17.0975813	51.4544995
17.1809842	65.8728455
17.2643870	63.5950368
17.3477898	67.7111624
17.4311927	54.9937638
17.5145955	55.0147321
17.5979983	51.0594542
17.6814012	51.0147624
17.7648040	50.6030784
17.8482068	47.4679842
17.9316097	50.8961353
18.0150125	52.7622343
18.0984153	51.4544995
18.1818182	65.8728455
18.2652210	63.5950368
18.3486239	67.7111624
18.4320267	54.9937638
18.5154295	55.0147321
18.5988324	51.0594542
18.6822352	51.0147624
18.7656380	50.6030784
18.8490409	47.4679842
18.9324437	50.8961353
19.0158465	52.7622343
19.0992494	51.4544995
19.1826522	65.8728455
19.2660550	63.5950368
19.3494579	67.7111624
19.4328607	54.9937638
19.5162636	55.0147321
19.5996664	51.0594542
19.6830692	51.0147624
19.7664721	50.6030784
19.8498749	47.4679842
19.9332777	50.8961353
20.0166806	52.7622343
20.1000834	51.4544995
20.1834862	65.8728455
20.2668891	63.5950368
20.3502919	67.7111624
20.4336947	54.9937638
20.5170976	55.0147321
20.6005004	51.0594542
20.6839033	51.0147624
20.7673061	50.6030784
20.8507089	47.4679842
20.9341118	50.8961353
21.0175146	52.7622343
21.1009174	51.4544995
21.1843203	65.8728455
21.2677231	63.5950368
21.3511259	67.7111624
21.4345288	54.9937638
21.5179316	55.0147321
21.6013344	51.0594542
21.6847373	51.0147624
21.7681401	50.6030784
21.8515430	47.4679842
21.9349458	50.8961353
22.0183486	52.7622343
22.1017515	51.4544995
22.1851543	65.8728455
22.2685571	63.5950368
22.3519600	67.7111624
22.4353628	54.9937638
22.5187656	55.0147321
22.6021685	51.0594542
22.6855713	51.0147624
22.7689741	50.6030784
22.8523770	47.4679842
22.9357798	50.8961353
23.0191827	52.7622343
23.1025855	51.4544995
23.1859883	65.8728455
23.2693912	63.5950368
23.3527940	67.7111624
23.4361968	54.9937638
23.5195997	55.0147321
23.6030025	51.0594542
23.6864053	51.0147624
23.7698082	50.6030784
23.8532110	47.4679842
23.9366138	50.8961353
24.0200167	52.7622343
24.1034195	51.4544995
24.1868224	65.8728455
24.2702252	63.5950368
24.3536280	67.7111624
24.4370309	54.9937638
24.5204337	55.0147321
24.6038365	51.0594542
24.6872394	51.0147624
24.7706422	50.6030784
24.8540450	47.4679842
24.9374479	50.8961353
25.0208507	52.7622343
25.1042535	51.4544995
25.1876564	65.8728455
25.2710592	63.5950368
25.3544621	67.7111624
25.4378649	54.9937638
25.5212677	55.0147321
25.6046706	51.0594542
25.6880734	51.0147624
25.7714762	50.6030784
25.8548791	47.4679842
25.9382819	50.8961353
26.0216847	52.7622343
26.1050876	51.4544995
26.1884904	65.8728455
26.2718932	63.5950368
26.3552961	67.7111624
26.4386989	54.9937638
26.5221018	55.0147321
26.6055046	51.0594542
26.6889074	51.0147624
26.7723103	50.6030784
26.8557131	47.4679842
26.9391159	50.8961353
27.0225188	52.7622343
27.1059216	51.4544995
27.1893244	65.8728455
27.2727273	63.5950368
27.3561301	67.7111624
27.4395329	54.9937638
27.5229358	55.0147321
27.6063386	51.0594542
27.6897415	51.0147624
27.7731443	50.6030784
27.8565471	47.4679842
27.9399500	50.8961353
28.0233528	52.7622343
28.1067556	51.4544995
28.1901585	65.8728455
28.2735613	63.5950368
28.3569641	67.7111624
28.4403670	54.9937638
28.5237698	55.0147321
28.6071726	51.0594542
28.6905755	51.0147624
28.7739783	50.6030784
28.8573812	47.4679842
28.9407840	50.8961353
29.0241868	52.7622343
29.1075897	51.4544995
29.1909925	65.8728455
29.2743953	63.5950368
29.3577982	67.7111624
29.4412010	54.9937638
29.5246038	55.0147321
29.6080067	51.0594542
29.6914095	51.0147624
29.7748123	50.6030784
29.8582152	47.4679842
29.9416180	50.8961353
30.0250209	52.7622343
30.1084237	51.4544995
30.1918265	65.8728455
30.2752294	63.5950368
30.3586322	67.7111624
30.4420350	54.9937638
30.5254379	55.0147321
30.6088407	51.0594542
30.6922435	51.0147624
30.7756464	50.6030784
30.8590492	47.4679842
30.9424520	50.8961353
31.0258549	52.7622343
31.1092577	51.4544995
31.1926606	65.8728455
31.2760634	63.5950368
31.3594662	67.7111624
31.4428691	54.9937638
31.5262719	55.0147321
31.6096747	51.0594542
31.6930776	51.0147624
31.7764804	50.6030784
31.8598832	47.4679842
31.9432861	50.8961353
32.0266889	52.7622343
32.1100917	51.4544995
32.1934946	65.8728455
32.2768974	63.5950368
32.3603003	67.7111624
32.4437031	54.9937638
32.5271059	55.0147321
32.6105088	51.0594542
32.6939116	51.0147624
32.7773144	50.6030784
32.8607173	47.4679842
32.9441201	50.8961353
33.0275229	52.7622343
33.1109258	51.4544995
33.1943286	65.8728455
33.2777314	63.5950368
33.3611343	67.7111624
33.4445371	54.9937638
33.5279399	55.0147321
33.6113428	51.0594542
33.6947456	51.0147624
33.7781485	50.6030784
33.8615513	47.4679842
33.9449541	50.8961353
34.0283570	52.7622343
34.1117598	51.4544995
34.1951626	65.8728455
34.2785655	63.5950368
34.3619683	67.7111624
34.4453711	54.9937638
34.5287740	55.0147321
34.6121768	51.0594542
34.6955796	51.0147624
34.7789825	50.6030784
34.8623853	47.4679842
34.9457882	50.8961353
35.0291910	52.7622343
35.1125938	51.4544995
35.1959967	65.8728455
35.2793995	63.5950368
35.3628023	67.7111624
35.4462052	54.9937638
35.5296080	55.0147321
35.6130108	51.0594542
35.6964137	51.0147624
35.7798165	50.6030784
35.8632193	47.4679842
35.9466222	50.8961353
36.0300250	52.7622343
36.1134279	51.4544995
36.1968307	65.8728455
36.2802335	63.5950368
36.3636364	67.7111624
36.4470392	54.9937638
36.5304420	55.0147321
36.6138449	51.0594542
36.6972477	51.0147624
36.7806505	50.6030784
36.8640534	47.4679842
36.9474562	50.8961353
37.0308590	52.7622343
37.1142619	51.4544995
37.1976647	65.8728455
37.2810676	63.5950368
37.3644704	67.7111624
37.4478732	54.9937638
37.5312761	55.0147321
37.6146789	51.0594542
37.6980817	51.0147624
37.7814846	50.6030784
37.8648874	47.4679842
37.9482902	50.8961353
38.0316931	52.7622343
38.1150959	51.4544995
38.1984987	65.8728455
38.2819016	63.5950368
38.3653044	67.7111624
38.4487073	54.9937638
38.5321101	55.0147321
38.6155129	51.0594542
38.6989158	51.0147624
38.7823186	50.6030784
38.8657214	47.4679842
38.9491243	50.8961353
39.0325271	52.7622343
39.1159299	51.4544995
39.1993328	65.8728455
39.2827356	63.5950368
39.3661384	67.7111624
39.4495413	54.9937638
39.5329441	55.0147321
39.6163470	51.0594542
39.6997498	51.0147624
39.7831526	50.6030784
39.8665555	47.4679842
39.9499583	50.8961353
40.0333611	52.7622343
40.1167640	51.4544995
40.2001668	65.8728455
40.2835696	63.5950368
40.3669725	67.7111624
40.4503753	54.9937638
40.5337781	55.0147321
40.6171810	51.0594542
40.7005838	51.0147624
40.7839867	50.6030784
40.8673895	47.4679842
40.9507923	50.8961353
41.0341952	52.7622343
41.1175980	51.4544995
41.2010008	65.8728455
41.2844037	63.5950368
41.3678065	67.7111624
41.4512093	54.9937638
41.5346122	55.0147321
41.6180150	51.0594542
41.7014178	51.0147624
41.7848207	50.6030784
41.8682235	47.4679842
41.9516264	50.8961353
42.0350292	52.7622343
42.1184320	51.4544995
42.2018349	65.8728455
42.2852377	63.5950368
42.3686405	67.7111624
42.4520434	54.9937638
42.5354462	55.0147321
42.6188490	51.0594542
42.7022519	51.0147624
42.7856547	50.6030784
42.8690575	47.4679842
42.9524604	50.8961353
43.0358632	52.7622343
43.1192661	51.4544995
43.2026689	65.8728455
43.2860717	63.5950368
43.3694746	67.7111624
43.4528774	54.9937638
43.5362802	55.0147321
43.6196831	51.0594542
43.7030859	51.0147624
43.7864887	50.6030784
43.8698916	47.4679842
43.9532944	50.8961353
44.0366972	52.7622343
44.1201001	51.4544995
44.2035029	65.8728455
44.2869058	63.5950368
44.3703086	67.7111624
44.4537114	54.9937638
44.5371143	55.0147321
44.6205171	51.0594542
44.7039199	51.0147624
44.7873228	50.6030784
44.8707256	47.4679842
44.9541284	50.8961353
45.0375313	52.7622343
45.1209341	51.4544995
45.2043369	65.8728455
45.2877398	63.5950368
45.3711426	67.7111624
45.4545455	54.9937638
45.5379483	55.0147321
45.6213511	51.0594542
45.7047540	51.0147624
45.7881568	50.6030784
45.8715596	47.4679842
45.9549625	50.8961353
46.0383653	52.7622343
46.1217681	51.4544995
46.2051710	65.8728455
46.2885738	63.5950368
46.3719766	67.7111624
46.4553795	54.9937638
46.5387823	55.0147321
46.6221852	51.0594542
46.7055880	51.0147624
46.7889908	50.6030784
46.8723937	47.4679842
46.9557965	50.8961353
47.0391993	52.7622343
47.1226022	51.4544995
47.2060050	65.8728455
47.2894078	63.5950368
47.3728107	67.7111624
47.4562135	54.9937638
47.5396163	55.0147321
47.6230192	51.0594542
47.7064220	51.0147624
47.7898249	50.6030784
47.8732277	47.4679842
47.9566305	50.8961353
48.0400334	52.7622343
48.1234362	51.4544995
48.2068390	65.8728455
48.2902419	63.5950368
48.3736447	67.7111624
48.4570475	54.9937638
48.5404504	55.0147321
48.6238532	51.0594542
48.7072560	51.0147624
48.7906589	50.6030784
48.8740617	47.4679842
48.9574646	50.8961353
49.0408674	52.7622343
49.1242702	51.4544995
49.2076731	65.8728455
49.2910759	63.5950368
49.3744787	67.7111624
49.4578816	54.9937638
49.5412844	55.0147321
49.6246872	51.0594542
49.7080901	51.0147624
49.7914929	50.6030784
49.8748957	47.4679842
49.9582986	50.8961353
50.0417014	52.7622343
50.1251043	51.4544995
50.2085071	65.8728455
50.2919099	63.5950368
50.3753128	67.7111624
50.4587156	54.9937638
50.5421184	55.0147321
50.6255213	51.0594542
50.7089241	51.0147624
50.7923269	50.6030784
50.8757298	47.4679842
50.9591326	50.8961353
51.0425354	52.7622343
51.1259383	51.4544995
51.2093411	65.8728455
51.2927440	63.5950368
51.3761468	67.7111624
51.4595496	54.9937638
51.5429525	55.0147321
51.6263553	51.0594542
51.7097581	51.0147624
51.7931610	50.6030784
51.8765638	47.4679842
51.9599666	50.8961353
52.0433695	52.7622343
52.1267723	51.4544995
52.2101751	65.8728455
52.2935780	63.5950368
52.3769808	67.7111624
52.4603837	54.9937638
52.5437865	55.0147321
52.6271893	51.0594542
52.7105922	51.0147624
52.7939950	50.6030784
52.8773978	47.4679842
52.9608007	50.8961353
53.0442035	52.7622343
53.1276063	51.4544995
53.2110092	65.8728455
53.2944120	63.5950368
53.3778148	67.7111624
53.4612177	54.9937638
53.5446205	55.0147321
53.6280234	51.0594542
53.7114262	51.0147624
53.7948290	50.6030784
53.8782319	47.4679842
53.9616347	50.8961353
54.0450375	52.7622343
54.1284404	51.4544995
54.2118432	65.8728455
54.2952460	63.5950368
54.3786489	67.7111624
54.4620517	54.9937638
54.5454545	55.0147321
54.6288574	51.0594542
54.7122602	51.0147624
54.7956631	50.6030784
54.8790659	47.4679842
54.9624687	50.8961353
55.0458716	52.7622343
55.1292744	51.4544995
55.2126772	65.8728455
55.2960801	63.5950368
55.3794829	67.7111624
55.4628857	54.9937638
55.5462886	55.0147321
55.6296914	51.0594542
55.7130942	51.0147624
55.7964971	50.6030784
55.8798999	47.4679842
55.9633028	50.8961353
56.0467056	52.7622343
56.1301084	51.4544995
56.2135113	65.8728455
56.2969141	63.5950368
56.3803169	67.7111624
56.4637198	54.9937638
56.5471226	55.0147321
56.6305254	51.0594542
56.7139283	51.0147624
56.7973311	50.6030784
56.8807339	47.4679842
56.9641368	50.8961353
57.0475396	52.7622343
57.1309425	51.4544995
57.2143453	65.8728455
57.2977481	63.5950368
57.3811510	67.7111624
57.4645538	54.9937638
57.5479566	55.0147321
57.6313595	51.0594542
57.7147623	51.0147624
57.7981651	50.6030784
57.8815680	47.4679842
57.9649708	50.8961353
58.0483736	52.7622343
58.1317765	51.4544995
58.2151793	65.8728455
58.2985822	63.5950368
58.3819850	67.7111624
58.4653878	54.9937638
58.5487907	55.0147321
58.6321935	51.0594542
58.7155963	51.0147624
58.7989992	50.6030784
58.8824020	47.4679842
58.9658048	50.8961353
59.0492077	52.7622343
59.1326105	51.4544995
59.2160133	65.8728455
59.2994162	63.5950368
59.3828190	67.7111624
59.4662219	54.9937638
59.5496247	55.0147321
59.6330275	51.0594542
59.7164304	51.0147624
59.7998332	50.6030784
59.8832360	47.4679842
59.9666389	50.8961353
60.0500417	52.7622343
60.1334445	51.4544995
60.2168474	65.8728455
60.3002502	63.5950368
60.3836530	67.7111624
60.4670559	54.9937638
60.5504587	55.0147321
60.6338616	51.0594542
60.7172644	51.0147624
60.8006672	50.6030784
60.8840701	47.4679842
60.9674729	50.8961353
61.0508757	52.7622343
61.1342786	51.4544995
61.2176814	65.8728455
61.3010842	63.5950368
61.3844871	67.7111624
61.4678899	54.9937638
61.5512927	55.0147321
61.6346956	51.0594542
61.7180984	51.0147624
61.8015013	50.6030784
61.8849041	47.4679842
61.9683069	50.8961353
62.0517098	52.7622343
62.1351126	51.4544995
62.2185154	65.8728455
62.3019183	63.5950368
62.3853211	67.7111624
62.4687239	54.9937638
62.5521268	55.0147321
62.6355296	51.0594542
62.7189324	51.0147624
62.8023353	50.6030784
62.8857381	47.4679842
62.9691410	50.8961353
63.0525438	52.7622343
63.1359466	51.4544995
63.2193495	65.8728455
63.3027523	63.5950368
63.3861551	67.7111624
63.4695580	54.9937638
63.5529608	55.0147321
63.6363636	51.0594542
63.7197665	51.0147624
63.8031693	50.6030784
63.8865721	47.4679842
63.9699750	50.8961353
64.0533778	52.7622343
64.1367807	51.4544995
64.2201835	65.8728455
64.3035863	63.5950368
64.3869892	67.7111624
64.4703920	54.9937638
64.5537948	55.0147321
64.6371977	51.0594542
64.7206005	51.0147624
64.8040033	50.6030784
64.8874062	47.4679842
64.9708090	50.8961353
65.0542118	52.7622343
65.1376147	51.4544995
65.2210175	65.8728455
65.3044204	63.5950368
65.3878232	67.7111624
65.4712260	54.9937638
65.5546289	55.0147321
65.6380317	51.0594542
65.7214345	51.0147624
65.8048374	50.6030784
65.8882402	47.4679842
65.9716430	50.8961353
66.0550459	52.7622343
66.1384487	51.4544995
66.2218515	65.8728455
66.3052544	63.5950368
66.3886572	67.7111624
66.4720601	54.9937638
66.5554629	55.0147321
66.6388657	51.0594542
66.7222686	51.0147624
66.8056714	50.6030784
66.8890742	47.4679842
66.9724771	50.8961353
67.0558799	52.7622343
67.1392827	51.4544995
67.2226856	65.8728455
67.3060884	63.5950368
67.3894912	67.7111624
67.4728941	54.9937638
67.5562969	55.0147321
67.6396997	51.0594542
67.7231026	51.0147624
67.8065054	50.6030784
67.8899083	47.4679842
67.9733111	50.8961353
68.0567139	52.7622343
68.1401168	51.4544995
68.2235196	65.8728455
68.3069224	63.5950368
68.3903253	67.7111624
68.4737281	54.9937638
68.5571309	55.0147321
68.6405338	51.0594542
68.7239366	51.0147624
68.8073394	50.6030784
68.8907423	47.4679842
68.9741451	50.8961353
69.0575480	52.7622343
69.1409508	51.4544995
69.2243536	65.8728455
69.3077565	63.5950368
69.3911593	67.7111624
69.4745621	54.9937638
69.5579650	55.0147321
69.6413678	51.0594542
69.7247706	51.0147624
69.8081735	50.6030784
69.8915763	47.4679842
69.9749791	50.8961353
70.0583820	52.7622343
70.1417848	51.4544995
70.2251877	65.8728455
70.3085905	63.5950368
70.3919933	67.7111624
70.4753962	54.9937638
70.5587990	55.0147321
70.6422018	51.0594542
70.7256047	51.0147624
70.8090075	50.6030784
70.8924103	47.4679842
70.9758132	50.8961353
71.0592160	52.7622343
71.1426188	51.4544995
71.2260217	65.8728455
71.3094245	63.5950368
71.3928274	67.7111624
71.4762302	54.9937638
71.5596330	55.0147321
71.6430359	51.0594542
71.7264387	51.0147624
71.8098415	50.6030784
71.8932444	47.4679842
71.9766472	50.8961353
72.0600500	52.7622343
72.1434529	51.4544995
72.2268557	65.8728455
72.3102585	63.5950368
72.3936614	67.7111624
72.4770642	54.9937638
72.5604671	55.0147321
72.6438699	51.0594542
72.7272727	51.0147624
72.8106756	50.6030784
72.8940784	47.4679842
72.9774812	50.8961353
73.0608841	52.7622343
73.1442869	51.4544995
73.2276897	65.8728455
73.3110926	63.5950368
73.3944954	67.7111624
73.4778982	54.9937638
73.5613011	55.0147321
73.6447039	51.0594542
73.7281068	51.0147624
73.8115096	50.6030784
73.8949124	47.4679842
73.9783153	50.8961353
74.0617181	52.7622343
74.1451209	51.4544995
74.2285238	65.8728455
74.3119266	63.5950368
74.3953294	67.7111624
74.4787323	54.9937638
74.5621351	55.0147321
74.6455379	51.0594542
74.7289408	51.0147624
74.8123436	50.6030784
74.8957465	47.4679842
74.9791493	50.8961353
75.0625521	52.7622343
75.1459550	51.4544995
75.2293578	65.8728455
75.3127606	63.5950368
75.3961635	67.7111624
75.4795663	54.9937638
75.5629691	55.0147321
75.6463720	51.0594542
75.7297748	51.0147624
75.8131776	50.6030784
75.8965805	47.4679842
75.9799833	50.8961353
76.0633862	52.7622343
76.1467890	51.4544995
76.2301918	65.8728455
76.3135947	63.5950368
76.3969975	67.7111624
76.4804003	54.9937638
76.5638032	55.0147321
76.6472060	51.0594542
76.7306088	51.0147624
76.8140117	50.6030784
76.8974145	47.4679842
76.9808173	50.8961353
77.0642202	52.7622343
77.1476230	51.4544995
77.2310259	65.8728455
77.3144287	63.5950368
77.3978315	67.7111624
77.4812344	54.9937638
77.5646372	55.0147321
77.6480400	51.0594542
77.7314429	51.0147624
77.8148457	50.6030784
77.8982485	47.4679842
77.9816514	50.8961353
78.0650542	52.7622343
78.1484570	51.4544995
78.2318599	65.8728455
78.3152627	63.5950368
78.3986656	67.7111624
78.4820684	54.9937638
78.5654712	55.0147321
78.6488741	51.0594542
78.7322769	51.0147624
78.8156797	50.6030784
78.8990826	47.4679842
78.9824854	50.8961353
79.0658882	52.7622343
79.1492911	51.4544995
79.2326939	65.8728455
79.3160967	63.5950368
79.3994996	67.7111624
79.4829024	54.9937638
79.5663053	55.0147321
79.6497081	51.0594542
79.7331109	51.0147624
79.8165138	50.6030784
79.8999166	47.4679842
79.9833194	50.8961353
80.0667223	52.7622343
80.1501251	51.4544995
80.2335279	65.8728455
80.3169308	63.5950368
80.4003336	67.7111624
80.4837364	54.9937638
80.5671393	55.0147321
80.6505421	51.0594542
80.7339450	51.0147624
80.8173478	50.6030784
80.9007506	47.4679842
80.9841535	50.8961353
81.0675563	52.7622343
81.1509591	51.4544995
81.2343620	65.8728455
81.3177648	63.5950368
81.4011676	67.7111624
81.4845705	54.9937638
81.5679733	55.0147321
81.6513761	51.0594542
81.7347790	51.0147624
81.8181818	50.6030784
81.9015847	47.4679842
81.9849875	50.8961353
82.0683903	52.7622343
82.1517932	51.4544995
82.2351960	65.8728455
82.3185988	63.5950368
82.4020017	67.7111624
82.4854045	54.9937638
82.5688073	55.0147321
82.6522102	51.0594542
82.7356130	51.0147624
82.8190158	50.6030784
82.9024187	47.4679842
82.9858215	50.8961353
83.0692244	52.7622343
83.1526272	51.4544995
83.2360300	65.8728455
83.3194329	63.5950368
83.4028357	67.7111624
83.4862385	54.9937638
83.5696414	55.0147321
83.6530442	51.0594542
83.7364470	51.0147624
83.8198499	50.6030784
83.9032527	47.4679842
83.9866555	50.8961353
84.0700584	52.7622343
84.1534612	51.4544995
84.2368641	65.8728455
84.3202669	63.5950368
84.4036697	67.7111624
84.4870726	54.9937638
84.5704754	55.0147321
84.6538782	51.0594542
84.7372811	51.0147624
84.8206839	50.6030784
84.9040867	47.4679842
84.9874896	50.8961353
85.0708924	52.7622343
85.1542952	51.4544995
85.2376981	65.8728455
85.3211009	63.5950368
85.4045038	67.7111624
85.4879066	54.9937638
85.5713094	55.0147321
85.6547123	51.0594542
85.7381151	51.0147624
85.8215179	50.6030784
85.9049208	47.4679842
85.9883236	50.8961353
86.0717264	52.7622343
86.1551293	51.4544995
86.2385321	65.8728455
86.3219349	63.5950368
86.4053378	67.7111624
86.4887406	54.9937638
86.5721435	55.0147321
86.6555463	51.0594542
86.7389491	51.0147624
86.8223520	50.6030784
86.9057548	47.4679842
86.9891576	50.8961353
87.0725605	52.7622343
87.1559633	51.4544995
87.2393661	65.8728455
87.3227690	63.5950368
87.4061718	67.7111624
87.4895746	54.9937638
87.5729775	55.0147321
87.6563803	51.0594542
87.7397832	51.0147624
87.8231860	50.6030784
87.9065888	47.4679842
87.9899917	50.8961353
88.0733945	52.7622343
88.1567973	51.4544995
88.2402002	65.8728455
88.3236030	63.5950368
88.4070058	67.7111624
88.4904087	54.9937638
88.5738115	55.0147321
88.6572143	51.0594542
88.7406172	51.0147624
88.8240200	50.6030784
88.9074229	47.4679842
88.9908257	50.8961353
89.0742285	52.7622343
89.1576314	51.4544995
89.2410342	65.8728455
89.3244370	63.5950368
89.4078399	67.7111624
89.4912427	54.9937638
89.5746455	55.0147321
89.6580484	51.0594542
89.7414512	51.0147624
89.8248540	50.6030784
89.9082569	47.4679842
89.9916597	50.8961353
90.0750626	52.7622343
90.1584654	51.4544995
90.2418682	65.8728455
90.3252711	63.5950368
90.4086739	67.7111624
90.4920767	54.9937638
90.5754796	55.0147321
90.6588824	51.0594542
90.7422852	51.0147624
90.8256881	50.6030784
90.9090909	47.4679842
90.9924937	50.8961353
91.0758966	52.7622343
91.1592994	51.4544995
91.2427023	65.8728455
91.3261051	63.5950368
91.4095079	67.7111624
91.4929108	54.9937638
91.5763136	55.0147321
91.6597164	51.0594542
91.7431193	51.0147624
91.8265221	50.6030784
91.9099249	47.4679842
91.9933278	50.8961353
92.0767306	52.7622343
92.1601334	51.4544995
92.2435363	65.8728455
92.3269391	63.5950368
92.4103420	67.7111624
92.4937448	54.9937638
92.5771476	55.0147321
92.6605505	51.0594542
92.7439533	51.0147624
92.8273561	50.6030784
92.9107590	47.4679842
92.9941618	50.8961353
93.0775646	52.7622343
93.1609675	51.4544995
93.2443703	65.8728455
93.3277731	63.5950368
93.4111760	67.7111624
93.4945788	54.9937638
93.5779817	55.0147321
93.6613845	51.0594542
93.7447873	51.0147624
93.8281902	50.6030784
93.9115930	47.4679842
93.9949958	50.8961353
94.0783987	52.7622343
94.1618015	51.4544995
94.2452043	65.8728455
94.3286072	63.5950368
94.4120100	67.7111624
94.4954128	54.9937638
94.5788157	55.0147321
94.6622185	51.0594542
94.7456214	51.0147624
94.8290242	50.6030784
94.9124270	47.4679842
94.9958299	50.8961353
95.0792327	52.7622343
95.1626355	51.4544995
95.2460384	65.8728455
95.3294412	63.5950368
95.4128440	67.7111624
95.4962469	54.9937638
95.5796497	55.0147321
95.6630525	51.0594542
95.7464554	51.0147624
95.8298582	50.6030784
95.9132611	47.4679842
95.9966639	50.8961353
96.0800667	52.7622343
96.1634696	51.4544995
96.2468724	65.8728455
96.3302752	63.5950368
96.4136781	67.7111624
96.4970809	54.9937638
96.5804837	55.0147321
96.6638866	51.0594542
96.7472894	51.0147624
96.8306922	50.6030784
96.9140951	47.4679842
96.9974979	50.8961353
97.0809008	52.7622343
97.1643036	51.4544995
97.2477064	65.8728455
97.3311093	63.5950368
97.4145121	67.7111624
97.4979149	54.9937638
97.5813178	55.0147321
97.6647206	51.0594542
97.7481234	51.0147624
97.8315263	50.6030784
97.9149291	47.4679842
97.9983319	50.8961353
98.0817348	52.7622343
98.1651376	51.4544995
98.2485405	65.8728455
98.3319433	63.5950368
98.4153461	67.7111624
98.4987490	54.9937638
98.5821518	55.0147321
98.6655546	51.0594542
98.7489575	51.0147624
98.8323603	50.6030784
98.9157631	47.4679842
98.9991660	50.8961353
99.0825688	52.7622343
99.1659716	51.4544995
99.2493745	65.8728455
99.3327773	63.5950368
99.4161802	67.7111624
99.4995830	54.9937638
99.5829858	55.0147321
99.6663887	51.0594542
99.7497915	51.0147624
99.8331943	50.6030784
99.9165972	47.4679842
100.0000000	50.8961353
