# time(yr)	T(C)
0.0000000	16.8747368
0.0834028	14.8413858
0.1668057	17.1812019
0.2502085	20.5703354
0.3336113	25.6126232
0.4170142	28.4229488
0.5004170	32.3282166
0.5838198	34.8535728
0.6672227	34.8780708
0.7506255	32.9033203
0.8340284	28.2840347
0.9174312	22.1088619
1.0008340	16.8747368
1.0842369	14.8413858
1.1676397	17.1812019
1.2510425	20.5703354
1.3344454	25.6126232
1.4178482	28.4229488
1.5012510	32.3282166
1.5846539	34.8535728
1.6680567	34.8780708
1.7514595	32.9033203
1.8348624	28.2840347
1.9182652	22.1088619
2.0016681	16.8747368
2.0850709	14.8413858
2.1684737	17.1812019
2.2518766	20.5703354
2.3352794	25.6126232
2.4186822	28.4229488
2.5020851	32.3282166
2.5854879	34.8535728
2.6688907	34.8780708
2.7522936	32.9033203
2.8356964	28.2840347
2.9190992	22.1088619
3.0025021	16.8747368
3.0859049	14.8413858
3.1693078	17.1812019
3.2527106	20.5703354
3.3361134	25.6126232
3.4195163	28.4229488
3.5029191	32.3282166
3.5863219	34.8535728
3.6697248	34.8780708
3.7531276	32.9033203
3.8365304	28.2840347
3.9199333	22.1088619
4.0033361	16.8747368
4.0867389	14.8413858
4.1701418	17.1812019
4.2535446	20.5703354
4.3369475	25.6126232
4.4203503	28.4229488
4.5037531	32.3282166
4.5871560	34.8535728
4.6705588	34.8780708
4.7539616	32.9033203
4.8373645	28.2840347
4.9207673	22.1088619
5.0041701	16.8747368
5.0875730	14.8413858
5.1709758	17.1812019
5.2543786	20.5703354
5.3377815	25.6126232
5.4211843	28.4229488
5.5045872	32.3282166
5.5879900	34.8535728
5.6713928	34.8780708
5.7547957	32.9033203
5.8381985	28.2840347
5.9216013	22.1088619
6.0050042	16.8747368
6.0884070	14.8413858
6.1718098	17.1812019
6.2552127	20.5703354
6.3386155	25.6126232
6.4220183	28.4229488
6.5054212	32.3282166
6.5888240	34.8535728
6.6722269	34.8780708
6.7556297	32.9033203
6.8390325	28.2840347
6.9224354	22.1088619
7.0058382	16.8747368
7.0892410	14.8413858
7.1726439	17.1812019
7.2560467	20.5703354
7.3394495	25.6126232
7.4228524	28.4229488
7.5062552	32.3282166
7.5896580	34.8535728
7.6730609	34.8780708
7.7564637	32.9033203
7.8398666	28.2840347
7.9232694	22.1088619
8.0066722	16.8747368
8.0900751	14.8413858
8.1734779	17.1812019
8.2568807	20.5703354
8.3402836	25.6126232
8.4236864	28.4229488
8.5070892	32.3282166
8.5904921	34.8535728
8.6738949	34.8780708
8.7572977	32.9033203
8.8407006	28.2840347
8.9241034	22.1088619
9.0075063	16.8747368
9.0909091	14.8413858
9.1743119	17.1812019
9.2577148	20.5703354
9.3411176	25.6126232
9.4245204	28.4229488
9.5079233	32.3282166
9.5913261	34.8535728
9.6747289	34.8780708
9.7581318	32.9033203
9.8415346	28.2840347
9.9249374	22.1088619
10.0083403	16.8747368
10.0917431	14.8413858
10.1751460	17.1812019
10.2585488	20.5703354
10.3419516	25.6126232
10.4253545	28.4229488
10.5087573	32.3282166
10.5921601	34.8535728
10.6755630	34.8780708
10.7589658	32.9033203
10.8423686	28.2840347
10.9257715	22.1088619
11.0091743	16.8747368
11.0925771	14.8413858
11.1759800	17.1812019
11.2593828	20.5703354
11.3427857	25.6126232
11.4261885	28.4229488
11.5095913	32.3282166
11.5929942	34.8535728
11.6763970	34.8780708
11.7597998	32.9033203
11.8432027	28.2840347
11.9266055	22.1088619
12.0100083	16.8747368
12.0934112	14.8413858
12.1768140	17.1812019
12.2602168	20.5703354
12.3436197	25.6126232
12.4270225	28.4229488
12.5104254	32.3282166
12.5938282	34.8535728
12.6772310	34.8780708
12.7606339	32.9033203
12.8440367	28.2840347
12.9274395	22.1088619
13.0108424	16.8747368
13.0942452	14.8413858
13.1776480	17.1812019
13.2610509	20.5703354
13.3444537	25.6126232
13.4278565	28.4229488
13.5112594	32.3282166
13.5946622	34.8535728
13.6780651	34.8780708
13.7614679	32.9033203
13.8448707	28.2840347
13.9282736	22.1088619
14.0116764	16.8747368
14.0950792	14.8413858
14.1784821	17.1812019
14.2618849	20.5703354
14.3452877	25.6126232
14.4286906	28.4229488
14.5120934	32.3282166
14.5954962	34.8535728
14.6788991	34.8780708
14.7623019	32.9033203
14.8457048	28.2840347
14.9291076	22.1088619
15.0125104	16.8747368
15.0959133	14.8413858
15.1793161	17.1812019
15.2627189	20.5703354
15.3461218	25.6126232
15.4295246	28.4229488
15.5129274	32.3282166
15.5963303	34.8535728
15.6797331	34.8780708
15.7631359	32.9033203
15.8465388	28.2840347
15.9299416	22.1088619
16.0133445	16.8747368
16.0967473	14.8413858
16.1801501	17.1812019
16.2635530	20.5703354
16.3469558	25.6126232
16.4303586	28.4229488
16.5137615	32.3282166
16.5971643	34.8535728
16.6805671	34.8780708
16.7639700	32.9033203
16.8473728	28.2840347
16.9307756	22.1088619
17.0141785	16.8747368
17.0975813	14.8413858
17.1809842	17.1812019
17.2643870	20.5703354
17.3477898	25.6126232
17.4311927	28.4229488
17.5145955	32.3282166
17.5979983	34.8535728
17.6814012	34.8780708
17.7648040	32.9033203
17.8482068	28.2840347
17.9316097	22.1088619
18.0150125	16.8747368
18.0984153	14.8413858
18.1818182	17.1812019
18.2652210	20.5703354
18.3486239	25.6126232
18.4320267	28.4229488
18.5154295	32.3282166
18.5988324	34.8535728
18.6822352	34.8780708
18.7656380	32.9033203
18.8490409	28.2840347
18.9324437	22.1088619
19.0158465	16.8747368
19.0992494	14.8413858
19.1826522	17.1812019
19.2660550	20.5703354
19.3494579	25.6126232
19.4328607	28.4229488
19.5162636	32.3282166
19.5996664	34.8535728
19.6830692	34.8780708
19.7664721	32.9033203
19.8498749	28.2840347
19.9332777	22.1088619
20.0166806	16.8747368
20.1000834	14.8413858
20.1834862	17.1812019
20.2668891	20.5703354
20.3502919	25.6126232
20.4336947	28.4229488
20.5170976	32.3282166
20.6005004	34.8535728
20.6839033	34.8780708
20.7673061	32.9033203
20.8507089	28.2840347
20.9341118	22.1088619
21.0175146	16.8747368
21.1009174	14.8413858
21.1843203	17.1812019
21.2677231	20.5703354
21.3511259	25.6126232
21.4345288	28.4229488
21.5179316	32.3282166
21.6013344	34.8535728
21.6847373	34.8780708
21.7681401	32.9033203
21.8515430	28.2840347
21.9349458	22.1088619
22.0183486	16.8747368
22.1017515	14.8413858
22.1851543	17.1812019
22.2685571	20.5703354
22.3519600	25.6126232
22.4353628	28.4229488
22.5187656	32.3282166
22.6021685	34.8535728
22.6855713	34.8780708
22.7689741	32.9033203
22.8523770	28.2840347
22.9357798	22.1088619
23.0191827	16.8747368
23.1025855	14.8413858
23.1859883	17.1812019
23.2693912	20.5703354
23.3527940	25.6126232
23.4361968	28.4229488
23.5195997	32.3282166
23.6030025	34.8535728
23.6864053	34.8780708
23.7698082	32.9033203
23.8532110	28.2840347
23.9366138	22.1088619
24.0200167	16.8747368
24.1034195	14.8413858
24.1868224	17.1812019
24.2702252	20.5703354
24.3536280	25.6126232
24.4370309	28.4229488
24.5204337	32.3282166
24.6038365	34.8535728
24.6872394	34.8780708
24.7706422	32.9033203
24.8540450	28.2840347
24.9374479	22.1088619
25.0208507	16.8747368
25.1042535	14.8413858
25.1876564	17.1812019
25.2710592	20.5703354
25.3544621	25.6126232
25.4378649	28.4229488
25.5212677	32.3282166
25.6046706	34.8535728
25.6880734	34.8780708
25.7714762	32.9033203
25.8548791	28.2840347
25.9382819	22.1088619
26.0216847	16.8747368
26.1050876	14.8413858
26.1884904	17.1812019
26.2718932	20.5703354
26.3552961	25.6126232
26.4386989	28.4229488
26.5221018	32.3282166
26.6055046	34.8535728
26.6889074	34.8780708
26.7723103	32.9033203
26.8557131	28.2840347
26.9391159	22.1088619
27.0225188	16.8747368
27.1059216	14.8413858
27.1893244	17.1812019
27.2727273	20.5703354
27.3561301	25.6126232
27.4395329	28.4229488
27.5229358	32.3282166
27.6063386	34.8535728
27.6897415	34.8780708
27.7731443	32.9033203
27.8565471	28.2840347
27.9399500	22.1088619
28.0233528	16.8747368
28.1067556	14.8413858
28.1901585	17.1812019
28.2735613	20.5703354
28.3569641	25.6126232
28.4403670	28.4229488
28.5237698	32.3282166
28.6071726	34.8535728
28.6905755	34.8780708
28.7739783	32.9033203
28.8573812	28.2840347
28.9407840	22.1088619
29.0241868	16.8747368
29.1075897	14.8413858
29.1909925	17.1812019
29.2743953	20.5703354
29.3577982	25.6126232
29.4412010	28.4229488
29.5246038	32.3282166
29.6080067	34.8535728
29.6914095	34.8780708
29.7748123	32.9033203
29.8582152	28.2840347
29.9416180	22.1088619
30.0250209	16.8747368
30.1084237	14.8413858
30.1918265	17.1812019
30.2752294	20.5703354
30.3586322	25.6126232
30.4420350	28.4229488
30.5254379	32.3282166
30.6088407	34.8535728
30.6922435	34.8780708
30.7756464	32.9033203
30.8590492	28.2840347
30.9424520	22.1088619
31.0258549	16.8747368
31.1092577	14.8413858
31.1926606	17.1812019
31.2760634	20.5703354
31.3594662	25.6126232
31.4428691	28.4229488
31.5262719	32.3282166
31.6096747	34.8535728
31.6930776	34.8780708
31.7764804	32.9033203
31.8598832	28.2840347
31.9432861	22.1088619
32.0266889	16.8747368
32.1100917	14.8413858
32.1934946	17.1812019
32.2768974	20.5703354
32.3603003	25.6126232
32.4437031	28.4229488
32.5271059	32.3282166
32.6105088	34.8535728
32.6939116	34.8780708
32.7773144	32.9033203
32.8607173	28.2840347
32.9441201	22.1088619
33.0275229	16.8747368
33.1109258	14.8413858
33.1943286	17.1812019
33.2777314	20.5703354
33.3611343	25.6126232
33.4445371	28.4229488
33.5279399	32.3282166
33.6113428	34.8535728
33.6947456	34.8780708
33.7781485	32.9033203
33.8615513	28.2840347
33.9449541	22.1088619
34.0283570	16.8747368
34.1117598	14.8413858
34.1951626	17.1812019
34.2785655	20.5703354
34.3619683	25.6126232
34.4453711	28.4229488
34.5287740	32.3282166
34.6121768	34.8535728
34.6955796	34.8780708
34.7789825	32.9033203
34.8623853	28.2840347
34.9457882	22.1088619
35.0291910	16.8747368
35.1125938	14.8413858
35.1959967	17.1812019
35.2793995	20.5703354
35.3628023	25.6126232
35.4462052	28.4229488
35.5296080	32.3282166
35.6130108	34.8535728
35.6964137	34.8780708
35.7798165	32.9033203
35.8632193	28.2840347
35.9466222	22.1088619
36.0300250	16.8747368
36.1134279	14.8413858
36.1968307	17.1812019
36.2802335	20.5703354
36.3636364	25.6126232
36.4470392	28.4229488
36.5304420	32.3282166
36.6138449	34.8535728
36.6972477	34.8780708
36.7806505	32.9033203
36.8640534	28.2840347
36.9474562	22.1088619
37.0308590	16.8747368
37.1142619	14.8413858
37.1976647	17.1812019
37.2810676	20.5703354
37.3644704	25.6126232
37.4478732	28.4229488
37.5312761	32.3282166
37.6146789	34.8535728
37.6980817	34.8780708
37.7814846	32.9033203
37.8648874	28.2840347
37.9482902	22.1088619
38.0316931	16.8747368
38.1150959	14.8413858
38.1984987	17.1812019
38.2819016	20.5703354
38.3653044	25.6126232
38.4487073	28.4229488
38.5321101	32.3282166
38.6155129	34.8535728
38.6989158	34.8780708
38.7823186	32.9033203
38.8657214	28.2840347
38.9491243	22.1088619
39.0325271	16.8747368
39.1159299	14.8413858
39.1993328	17.1812019
39.2827356	20.5703354
39.3661384	25.6126232
39.4495413	28.4229488
39.5329441	32.3282166
39.6163470	34.8535728
39.6997498	34.8780708
39.7831526	32.9033203
39.8665555	28.2840347
39.9499583	22.1088619
40.0333611	16.8747368
40.1167640	14.8413858
40.2001668	17.1812019
40.2835696	20.5703354
40.3669725	25.6126232
40.4503753	28.4229488
40.5337781	32.3282166
40.6171810	34.8535728
40.7005838	34.8780708
40.7839867	32.9033203
40.8673895	28.2840347
40.9507923	22.1088619
41.0341952	16.8747368
41.1175980	14.8413858
41.2010008	17.1812019
41.2844037	20.5703354
41.3678065	25.6126232
41.4512093	28.4229488
41.5346122	32.3282166
41.6180150	34.8535728
41.7014178	34.8780708
41.7848207	32.9033203
41.8682235	28.2840347
41.9516264	22.1088619
42.0350292	16.8747368
42.1184320	14.8413858
42.2018349	17.1812019
42.2852377	20.5703354
42.3686405	25.6126232
42.4520434	28.4229488
42.5354462	32.3282166
42.6188490	34.8535728
42.7022519	34.8780708
42.7856547	32.9033203
42.8690575	28.2840347
42.9524604	22.1088619
43.0358632	16.8747368
43.1192661	14.8413858
43.2026689	17.1812019
43.2860717	20.5703354
43.3694746	25.6126232
43.4528774	28.4229488
43.5362802	32.3282166
43.6196831	34.8535728
43.7030859	34.8780708
43.7864887	32.9033203
43.8698916	28.2840347
43.9532944	22.1088619
44.0366972	16.8747368
44.1201001	14.8413858
44.2035029	17.1812019
44.2869058	20.5703354
44.3703086	25.6126232
44.4537114	28.4229488
44.5371143	32.3282166
44.6205171	34.8535728
44.7039199	34.8780708
44.7873228	32.9033203
44.8707256	28.2840347
44.9541284	22.1088619
45.0375313	16.8747368
45.1209341	14.8413858
45.2043369	17.1812019
45.2877398	20.5703354
45.3711426	25.6126232
45.4545455	28.4229488
45.5379483	32.3282166
45.6213511	34.8535728
45.7047540	34.8780708
45.7881568	32.9033203
45.8715596	28.2840347
45.9549625	22.1088619
46.0383653	16.8747368
46.1217681	14.8413858
46.2051710	17.1812019
46.2885738	20.5703354
46.3719766	25.6126232
46.4553795	28.4229488
46.5387823	32.3282166
46.6221852	34.8535728
46.7055880	34.8780708
46.7889908	32.9033203
46.8723937	28.2840347
46.9557965	22.1088619
47.0391993	16.8747368
47.1226022	14.8413858
47.2060050	17.1812019
47.2894078	20.5703354
47.3728107	25.6126232
47.4562135	28.4229488
47.5396163	32.3282166
47.6230192	34.8535728
47.7064220	34.8780708
47.7898249	32.9033203
47.8732277	28.2840347
47.9566305	22.1088619
48.0400334	16.8747368
48.1234362	14.8413858
48.2068390	17.1812019
48.2902419	20.5703354
48.3736447	25.6126232
48.4570475	28.4229488
48.5404504	32.3282166
48.6238532	34.8535728
48.7072560	34.8780708
48.7906589	32.9033203
48.8740617	28.2840347
48.9574646	22.1088619
49.0408674	16.8747368
49.1242702	14.8413858
49.2076731	17.1812019
49.2910759	20.5703354
49.3744787	25.6126232
49.4578816	28.4229488
49.5412844	32.3282166
49.6246872	34.8535728
49.7080901	34.8780708
49.7914929	32.9033203
49.8748957	28.2840347
49.9582986	22.1088619
50.0417014	16.8747368
50.1251043	14.8413858
50.2085071	17.1812019
50.2919099	20.5703354
50.3753128	25.6126232
50.4587156	28.4229488
50.5421184	32.3282166
50.6255213	34.8535728
50.7089241	34.8780708
50.7923269	32.9033203
50.8757298	28.2840347
50.9591326	22.1088619
51.0425354	16.8747368
51.1259383	14.8413858
51.2093411	17.1812019
51.2927440	20.5703354
51.3761468	25.6126232
51.4595496	28.4229488
51.5429525	32.3282166
51.6263553	34.8535728
51.7097581	34.8780708
51.7931610	32.9033203
51.8765638	28.2840347
51.9599666	22.1088619
52.0433695	16.8747368
52.1267723	14.8413858
52.2101751	17.1812019
52.2935780	20.5703354
52.3769808	25.6126232
52.4603837	28.4229488
52.5437865	32.3282166
52.6271893	34.8535728
52.7105922	34.8780708
52.7939950	32.9033203
52.8773978	28.2840347
52.9608007	22.1088619
53.0442035	16.8747368
53.1276063	14.8413858
53.2110092	17.1812019
53.2944120	20.5703354
53.3778148	25.6126232
53.4612177	28.4229488
53.5446205	32.3282166
53.6280234	34.8535728
53.7114262	34.8780708
53.7948290	32.9033203
53.8782319	28.2840347
53.9616347	22.1088619
54.0450375	16.8747368
54.1284404	14.8413858
54.2118432	17.1812019
54.2952460	20.5703354
54.3786489	25.6126232
54.4620517	28.4229488
54.5454545	32.3282166
54.6288574	34.8535728
54.7122602	34.8780708
54.7956631	32.9033203
54.8790659	28.2840347
54.9624687	22.1088619
55.0458716	16.8747368
55.1292744	14.8413858
55.2126772	17.1812019
55.2960801	20.5703354
55.3794829	25.6126232
55.4628857	28.4229488
55.5462886	32.3282166
55.6296914	34.8535728
55.7130942	34.8780708
55.7964971	32.9033203
55.8798999	28.2840347
55.9633028	22.1088619
56.0467056	16.8747368
56.1301084	14.8413858
56.2135113	17.1812019
56.2969141	20.5703354
56.3803169	25.6126232
56.4637198	28.4229488
56.5471226	32.3282166
56.6305254	34.8535728
56.7139283	34.8780708
56.7973311	32.9033203
56.8807339	28.2840347
56.9641368	22.1088619
57.0475396	16.8747368
57.1309425	14.8413858
57.2143453	17.1812019
57.2977481	20.5703354
57.3811510	25.6126232
57.4645538	28.4229488
57.5479566	32.3282166
57.6313595	34.8535728
57.7147623	34.8780708
57.7981651	32.9033203
57.8815680	28.2840347
57.9649708	22.1088619
58.0483736	16.8747368
58.1317765	14.8413858
58.2151793	17.1812019
58.2985822	20.5703354
58.3819850	25.6126232
58.4653878	28.4229488
58.5487907	32.3282166
58.6321935	34.8535728
58.7155963	34.8780708
58.7989992	32.9033203
58.8824020	28.2840347
58.9658048	22.1088619
59.0492077	16.8747368
59.1326105	14.8413858
59.2160133	17.1812019
59.2994162	20.5703354
59.3828190	25.6126232
59.4662219	28.4229488
59.5496247	32.3282166
59.6330275	34.8535728
59.7164304	34.8780708
59.7998332	32.9033203
59.8832360	28.2840347
59.9666389	22.1088619
60.0500417	16.8747368
60.1334445	14.8413858
60.2168474	17.1812019
60.3002502	20.5703354
60.3836530	25.6126232
60.4670559	28.4229488
60.5504587	32.3282166
60.6338616	34.8535728
60.7172644	34.8780708
60.8006672	32.9033203
60.8840701	28.2840347
60.9674729	22.1088619
61.0508757	16.8747368
61.1342786	14.8413858
61.2176814	17.1812019
61.3010842	20.5703354
61.3844871	25.6126232
61.4678899	28.4229488
61.5512927	32.3282166
61.6346956	34.8535728
61.7180984	34.8780708
61.8015013	32.9033203
61.8849041	28.2840347
61.9683069	22.1088619
62.0517098	16.8747368
62.1351126	14.8413858
62.2185154	17.1812019
62.3019183	20.5703354
62.3853211	25.6126232
62.4687239	28.4229488
62.5521268	32.3282166
62.6355296	34.8535728
62.7189324	34.8780708
62.8023353	32.9033203
62.8857381	28.2840347
62.9691410	22.1088619
63.0525438	16.8747368
63.1359466	14.8413858
63.2193495	17.1812019
63.3027523	20.5703354
63.3861551	25.6126232
63.4695580	28.4229488
63.5529608	32.3282166
63.6363636	34.8535728
63.7197665	34.8780708
63.8031693	32.9033203
63.8865721	28.2840347
63.9699750	22.1088619
64.0533778	16.8747368
64.1367807	14.8413858
64.2201835	17.1812019
64.3035863	20.5703354
64.3869892	25.6126232
64.4703920	28.4229488
64.5537948	32.3282166
64.6371977	34.8535728
64.7206005	34.8780708
64.8040033	32.9033203
64.8874062	28.2840347
64.9708090	22.1088619
65.0542118	16.8747368
65.1376147	14.8413858
65.2210175	17.1812019
65.3044204	20.5703354
65.3878232	25.6126232
65.4712260	28.4229488
65.5546289	32.3282166
65.6380317	34.8535728
65.7214345	34.8780708
65.8048374	32.9033203
65.8882402	28.2840347
65.9716430	22.1088619
66.0550459	16.8747368
66.1384487	14.8413858
66.2218515	17.1812019
66.3052544	20.5703354
66.3886572	25.6126232
66.4720601	28.4229488
66.5554629	32.3282166
66.6388657	34.8535728
66.7222686	34.8780708
66.8056714	32.9033203
66.8890742	28.2840347
66.9724771	22.1088619
67.0558799	16.8747368
67.1392827	14.8413858
67.2226856	17.1812019
67.3060884	20.5703354
67.3894912	25.6126232
67.4728941	28.4229488
67.5562969	32.3282166
67.6396997	34.8535728
67.7231026	34.8780708
67.8065054	32.9033203
67.8899083	28.2840347
67.9733111	22.1088619
68.0567139	16.8747368
68.1401168	14.8413858
68.2235196	17.1812019
68.3069224	20.5703354
68.3903253	25.6126232
68.4737281	28.4229488
68.5571309	32.3282166
68.6405338	34.8535728
68.7239366	34.8780708
68.8073394	32.9033203
68.8907423	28.2840347
68.9741451	22.1088619
69.0575480	16.8747368
69.1409508	14.8413858
69.2243536	17.1812019
69.3077565	20.5703354
69.3911593	25.6126232
69.4745621	28.4229488
69.5579650	32.3282166
69.6413678	34.8535728
69.7247706	34.8780708
69.8081735	32.9033203
69.8915763	28.2840347
69.9749791	22.1088619
70.0583820	16.8747368
70.1417848	14.8413858
70.2251877	17.1812019
70.3085905	20.5703354
70.3919933	25.6126232
70.4753962	28.4229488
70.5587990	32.3282166
70.6422018	34.8535728
70.7256047	34.8780708
70.8090075	32.9033203
70.8924103	28.2840347
70.9758132	22.1088619
71.0592160	16.8747368
71.1426188	14.8413858
71.2260217	17.1812019
71.3094245	20.5703354
71.3928274	25.6126232
71.4762302	28.4229488
71.5596330	32.3282166
71.6430359	34.8535728
71.7264387	34.8780708
71.8098415	32.9033203
71.8932444	28.2840347
71.9766472	22.1088619
72.0600500	16.8747368
72.1434529	14.8413858
72.2268557	17.1812019
72.3102585	20.5703354
72.3936614	25.6126232
72.4770642	28.4229488
72.5604671	32.3282166
72.6438699	34.8535728
72.7272727	34.8780708
72.8106756	32.9033203
72.8940784	28.2840347
72.9774812	22.1088619
73.0608841	16.8747368
73.1442869	14.8413858
73.2276897	17.1812019
73.3110926	20.5703354
73.3944954	25.6126232
73.4778982	28.4229488
73.5613011	32.3282166
73.6447039	34.8535728
73.7281068	34.8780708
73.8115096	32.9033203
73.8949124	28.2840347
73.9783153	22.1088619
74.0617181	16.8747368
74.1451209	14.8413858
74.2285238	17.1812019
74.3119266	20.5703354
74.3953294	25.6126232
74.4787323	28.4229488
74.5621351	32.3282166
74.6455379	34.8535728
74.7289408	34.8780708
74.8123436	32.9033203
74.8957465	28.2840347
74.9791493	22.1088619
75.0625521	16.8747368
75.1459550	14.8413858
75.2293578	17.1812019
75.3127606	20.5703354
75.3961635	25.6126232
75.4795663	28.4229488
75.5629691	32.3282166
75.6463720	34.8535728
75.7297748	34.8780708
75.8131776	32.9033203
75.8965805	28.2840347
75.9799833	22.1088619
76.0633862	16.8747368
76.1467890	14.8413858
76.2301918	17.1812019
76.3135947	20.5703354
76.3969975	25.6126232
76.4804003	28.4229488
76.5638032	32.3282166
76.6472060	34.8535728
76.7306088	34.8780708
76.8140117	32.9033203
76.8974145	28.2840347
76.9808173	22.1088619
77.0642202	16.8747368
77.1476230	14.8413858
77.2310259	17.1812019
77.3144287	20.5703354
77.3978315	25.6126232
77.4812344	28.4229488
77.5646372	32.3282166
77.6480400	34.8535728
77.7314429	34.8780708
77.8148457	32.9033203
77.8982485	28.2840347
77.9816514	22.1088619
78.0650542	16.8747368
78.1484570	14.8413858
78.2318599	17.1812019
78.3152627	20.5703354
78.3986656	25.6126232
78.4820684	28.4229488
78.5654712	32.3282166
78.6488741	34.8535728
78.7322769	34.8780708
78.8156797	32.9033203
78.8990826	28.2840347
78.9824854	22.1088619
79.0658882	16.8747368
79.1492911	14.8413858
79.2326939	17.1812019
79.3160967	20.5703354
79.3994996	25.6126232
79.4829024	28.4229488
79.5663053	32.3282166
79.6497081	34.8535728
79.7331109	34.8780708
79.8165138	32.9033203
79.8999166	28.2840347
79.9833194	22.1088619
80.0667223	16.8747368
80.1501251	14.8413858
80.2335279	17.1812019
80.3169308	20.5703354
80.4003336	25.6126232
80.4837364	28.4229488
80.5671393	32.3282166
80.6505421	34.8535728
80.7339450	34.8780708
80.8173478	32.9033203
80.9007506	28.2840347
80.9841535	22.1088619
81.0675563	16.8747368
81.1509591	14.8413858
81.2343620	17.1812019
81.3177648	20.5703354
81.4011676	25.6126232
81.4845705	28.4229488
81.5679733	32.3282166
81.6513761	34.8535728
81.7347790	34.8780708
81.8181818	32.9033203
81.9015847	28.2840347
81.9849875	22.1088619
82.0683903	16.8747368
82.1517932	14.8413858
82.2351960	17.1812019
82.3185988	20.5703354
82.4020017	25.6126232
82.4854045	28.4229488
82.5688073	32.3282166
82.6522102	34.8535728
82.7356130	34.8780708
82.8190158	32.9033203
82.9024187	28.2840347
82.9858215	22.1088619
83.0692244	16.8747368
83.1526272	14.8413858
83.2360300	17.1812019
83.3194329	20.5703354
83.4028357	25.6126232
83.4862385	28.4229488
83.5696414	32.3282166
83.6530442	34.8535728
83.7364470	34.8780708
83.8198499	32.9033203
83.9032527	28.2840347
83.9866555	22.1088619
84.0700584	16.8747368
84.1534612	14.8413858
84.2368641	17.1812019
84.3202669	20.5703354
84.4036697	25.6126232
84.4870726	28.4229488
84.5704754	32.3282166
84.6538782	34.8535728
84.7372811	34.8780708
84.8206839	32.9033203
84.9040867	28.2840347
84.9874896	22.1088619
85.0708924	16.8747368
85.1542952	14.8413858
85.2376981	17.1812019
85.3211009	20.5703354
85.4045038	25.6126232
85.4879066	28.4229488
85.5713094	32.3282166
85.6547123	34.8535728
85.7381151	34.8780708
85.8215179	32.9033203
85.9049208	28.2840347
85.9883236	22.1088619
86.0717264	16.8747368
86.1551293	14.8413858
86.2385321	17.1812019
86.3219349	20.5703354
86.4053378	25.6126232
86.4887406	28.4229488
86.5721435	32.3282166
86.6555463	34.8535728
86.7389491	34.8780708
86.8223520	32.9033203
86.9057548	28.2840347
86.9891576	22.1088619
87.0725605	16.8747368
87.1559633	14.8413858
87.2393661	17.1812019
87.3227690	20.5703354
87.4061718	25.6126232
87.4895746	28.4229488
87.5729775	32.3282166
87.6563803	34.8535728
87.7397832	34.8780708
87.8231860	32.9033203
87.9065888	28.2840347
87.9899917	22.1088619
88.0733945	16.8747368
88.1567973	14.8413858
88.2402002	17.1812019
88.3236030	20.5703354
88.4070058	25.6126232
88.4904087	28.4229488
88.5738115	32.3282166
88.6572143	34.8535728
88.7406172	34.8780708
88.8240200	32.9033203
88.9074229	28.2840347
88.9908257	22.1088619
89.0742285	16.8747368
89.1576314	14.8413858
89.2410342	17.1812019
89.3244370	20.5703354
89.4078399	25.6126232
89.4912427	28.4229488
89.5746455	32.3282166
89.6580484	34.8535728
89.7414512	34.8780708
89.8248540	32.9033203
89.9082569	28.2840347
89.9916597	22.1088619
90.0750626	16.8747368
90.1584654	14.8413858
90.2418682	17.1812019
90.3252711	20.5703354
90.4086739	25.6126232
90.4920767	28.4229488
90.5754796	32.3282166
90.6588824	34.8535728
90.7422852	34.8780708
90.8256881	32.9033203
90.9090909	28.2840347
90.9924937	22.1088619
91.0758966	16.8747368
91.1592994	14.8413858
91.2427023	17.1812019
91.3261051	20.5703354
91.4095079	25.6126232
91.4929108	28.4229488
91.5763136	32.3282166
91.6597164	34.8535728
91.7431193	34.8780708
91.8265221	32.9033203
91.9099249	28.2840347
91.9933278	22.1088619
92.0767306	16.8747368
92.1601334	14.8413858
92.2435363	17.1812019
92.3269391	20.5703354
92.4103420	25.6126232
92.4937448	28.4229488
92.5771476	32.3282166
92.6605505	34.8535728
92.7439533	34.8780708
92.8273561	32.9033203
92.9107590	28.2840347
92.9941618	22.1088619
93.0775646	16.8747368
93.1609675	14.8413858
93.2443703	17.1812019
93.3277731	20.5703354
93.4111760	25.6126232
93.4945788	28.4229488
93.5779817	32.3282166
93.6613845	34.8535728
93.7447873	34.8780708
93.8281902	32.9033203
93.9115930	28.2840347
93.9949958	22.1088619
94.0783987	16.8747368
94.1618015	14.8413858
94.2452043	17.1812019
94.3286072	20.5703354
94.4120100	25.6126232
94.4954128	28.4229488
94.5788157	32.3282166
94.6622185	34.8535728
94.7456214	34.8780708
94.8290242	32.9033203
94.9124270	28.2840347
94.9958299	22.1088619
95.0792327	16.8747368
95.1626355	14.8413858
95.2460384	17.1812019
95.3294412	20.5703354
95.4128440	25.6126232
95.4962469	28.4229488
95.5796497	32.3282166
95.6630525	34.8535728
95.7464554	34.8780708
95.8298582	32.9033203
95.9132611	28.2840347
95.9966639	22.1088619
96.0800667	16.8747368
96.1634696	14.8413858
96.2468724	17.1812019
96.3302752	20.5703354
96.4136781	25.6126232
96.4970809	28.4229488
96.5804837	32.3282166
96.6638866	34.8535728
96.7472894	34.8780708
96.8306922	32.9033203
96.9140951	28.2840347
96.9974979	22.1088619
97.0809008	16.8747368
97.1643036	14.8413858
97.2477064	17.1812019
97.3311093	20.5703354
97.4145121	25.6126232
97.4979149	28.4229488
97.5813178	32.3282166
97.6647206	34.8535728
97.7481234	34.8780708
97.8315263	32.9033203
97.9149291	28.2840347
97.9983319	22.1088619
98.0817348	16.8747368
98.1651376	14.8413858
98.2485405	17.1812019
98.3319433	20.5703354
98.4153461	25.6126232
98.4987490	28.4229488
98.5821518	32.3282166
98.6655546	34.8535728
98.7489575	34.8780708
98.8323603	32.9033203
98.9157631	28.2840347
98.9991660	22.1088619
99.0825688	16.8747368
99.1659716	14.8413858
99.2493745	17.1812019
99.3327773	20.5703354
99.4161802	25.6126232
99.4995830	28.4229488
99.5829858	32.3282166
99.6663887	34.8535728
99.7497915	34.8780708
99.8331943	32.9033203
99.9165972	28.2840347
100.0000000	22.1088619
