# time(yr)	moisture(mm/m)
0.0000000	321.9636230
0.0834028	322.3007812
0.1668057	326.5115051
0.2502085	318.8907166
0.3336113	310.2331238
0.4170142	272.8299561
0.5004170	273.2942200
0.5838198	270.7912903
0.6672227	270.6750488
0.7506255	285.1975708
0.8340284	293.2189636
0.9174312	313.8823242
1.0008340	321.9636230
1.0842369	322.3007812
1.1676397	326.5115051
1.2510425	318.8907166
1.3344454	310.2331238
1.4178482	272.8299561
1.5012510	273.2942200
1.5846539	270.7912903
1.6680567	270.6750488
1.7514595	285.1975708
1.8348624	293.2189636
1.9182652	313.8823242
2.0016681	321.9636230
2.0850709	322.3007812
2.1684737	326.5115051
2.2518766	318.8907166
2.3352794	310.2331238
2.4186822	272.8299561
2.5020851	273.2942200
2.5854879	270.7912903
2.6688907	270.6750488
2.7522936	285.1975708
2.8356964	293.2189636
2.9190992	313.8823242
3.0025021	321.9636230
3.0859049	322.3007812
3.1693078	326.5115051
3.2527106	318.8907166
3.3361134	310.2331238
3.4195163	272.8299561
3.5029191	273.2942200
3.5863219	270.7912903
3.6697248	270.6750488
3.7531276	285.1975708
3.8365304	293.2189636
3.9199333	313.8823242
4.0033361	321.9636230
4.0867389	322.3007812
4.1701418	326.5115051
4.2535446	318.8907166
4.3369475	310.2331238
4.4203503	272.8299561
4.5037531	273.2942200
4.5871560	270.7912903
4.6705588	270.6750488
4.7539616	285.1975708
4.8373645	293.2189636
4.9207673	313.8823242
5.0041701	321.9636230
5.0875730	322.3007812
5.1709758	326.5115051
5.2543786	318.8907166
5.3377815	310.2331238
5.4211843	272.8299561
5.5045872	273.2942200
5.5879900	270.7912903
5.6713928	270.6750488
5.7547957	285.1975708
5.8381985	293.2189636
5.9216013	313.8823242
6.0050042	321.9636230
6.0884070	322.3007812
6.1718098	326.5115051
6.2552127	318.8907166
6.3386155	310.2331238
6.4220183	272.8299561
6.5054212	273.2942200
6.5888240	270.7912903
6.6722269	270.6750488
6.7556297	285.1975708
6.8390325	293.2189636
6.9224354	313.8823242
7.0058382	321.9636230
7.0892410	322.3007812
7.1726439	326.5115051
7.2560467	318.8907166
7.3394495	310.2331238
7.4228524	272.8299561
7.5062552	273.2942200
7.5896580	270.7912903
7.6730609	270.6750488
7.7564637	285.1975708
7.8398666	293.2189636
7.9232694	313.8823242
8.0066722	321.9636230
8.0900751	322.3007812
8.1734779	326.5115051
8.2568807	318.8907166
8.3402836	310.2331238
8.4236864	272.8299561
8.5070892	273.2942200
8.5904921	270.7912903
8.6738949	270.6750488
8.7572977	285.1975708
8.8407006	293.2189636
8.9241034	313.8823242
9.0075063	321.9636230
9.0909091	322.3007812
9.1743119	326.5115051
9.2577148	318.8907166
9.3411176	310.2331238
9.4245204	272.8299561
9.5079233	273.2942200
9.5913261	270.7912903
9.6747289	270.6750488
9.7581318	285.1975708
9.8415346	293.2189636
9.9249374	313.8823242
10.0083403	321.9636230
10.0917431	322.3007812
10.1751460	326.5115051
10.2585488	318.8907166
10.3419516	310.2331238
10.4253545	272.8299561
10.5087573	273.2942200
10.5921601	270.7912903
10.6755630	270.6750488
10.7589658	285.1975708
10.8423686	293.2189636
10.9257715	313.8823242
11.0091743	321.9636230
11.0925771	322.3007812
11.1759800	326.5115051
11.2593828	318.8907166
11.3427857	310.2331238
11.4261885	272.8299561
11.5095913	273.2942200
11.5929942	270.7912903
11.6763970	270.6750488
11.7597998	285.1975708
11.8432027	293.2189636
11.9266055	313.8823242
12.0100083	321.9636230
12.0934112	322.3007812
12.1768140	326.5115051
12.2602168	318.8907166
12.3436197	310.2331238
12.4270225	272.8299561
12.5104254	273.2942200
12.5938282	270.7912903
12.6772310	270.6750488
12.7606339	285.1975708
12.8440367	293.2189636
12.9274395	313.8823242
13.0108424	321.9636230
13.0942452	322.3007812
13.1776480	326.5115051
13.2610509	318.8907166
13.3444537	310.2331238
13.4278565	272.8299561
13.5112594	273.2942200
13.5946622	270.7912903
13.6780651	270.6750488
13.7614679	285.1975708
13.8448707	293.2189636
13.9282736	313.8823242
14.0116764	321.9636230
14.0950792	322.3007812
14.1784821	326.5115051
14.2618849	318.8907166
14.3452877	310.2331238
14.4286906	272.8299561
14.5120934	273.2942200
14.5954962	270.7912903
14.6788991	270.6750488
14.7623019	285.1975708
14.8457048	293.2189636
14.9291076	313.8823242
15.0125104	321.9636230
15.0959133	322.3007812
15.1793161	326.5115051
15.2627189	318.8907166
15.3461218	310.2331238
15.4295246	272.8299561
15.5129274	273.2942200
15.5963303	270.7912903
15.6797331	270.6750488
15.7631359	285.1975708
15.8465388	293.2189636
15.9299416	313.8823242
16.0133445	321.9636230
16.0967473	322.3007812
16.1801501	326.5115051
16.2635530	318.8907166
16.3469558	310.2331238
16.4303586	272.8299561
16.5137615	273.2942200
16.5971643	270.7912903
16.6805671	270.6750488
16.7639700	285.1975708
16.8473728	293.2189636
16.9307756	313.8823242
17.0141785	321.9636230
17.0975813	322.3007812
17.1809842	326.5115051
17.2643870	318.8907166
17.3477898	310.2331238
17.4311927	272.8299561
17.5145955	273.2942200
17.5979983	270.7912903
17.6814012	270.6750488
17.7648040	285.1975708
17.8482068	293.2189636
17.9316097	313.8823242
18.0150125	321.9636230
18.0984153	322.3007812
18.1818182	326.5115051
18.2652210	318.8907166
18.3486239	310.2331238
18.4320267	272.8299561
18.5154295	273.2942200
18.5988324	270.7912903
18.6822352	270.6750488
18.7656380	285.1975708
18.8490409	293.2189636
18.9324437	313.8823242
19.0158465	321.9636230
19.0992494	322.3007812
19.1826522	326.5115051
19.2660550	318.8907166
19.3494579	310.2331238
19.4328607	272.8299561
19.5162636	273.2942200
19.5996664	270.7912903
19.6830692	270.6750488
19.7664721	285.1975708
19.8498749	293.2189636
19.9332777	313.8823242
20.0166806	321.9636230
20.1000834	322.3007812
20.1834862	326.5115051
20.2668891	318.8907166
20.3502919	310.2331238
20.4336947	272.8299561
20.5170976	273.2942200
20.6005004	270.7912903
20.6839033	270.6750488
20.7673061	285.1975708
20.8507089	293.2189636
20.9341118	313.8823242
21.0175146	321.9636230
21.1009174	322.3007812
21.1843203	326.5115051
21.2677231	318.8907166
21.3511259	310.2331238
21.4345288	272.8299561
21.5179316	273.2942200
21.6013344	270.7912903
21.6847373	270.6750488
21.7681401	285.1975708
21.8515430	293.2189636
21.9349458	313.8823242
22.0183486	321.9636230
22.1017515	322.3007812
22.1851543	326.5115051
22.2685571	318.8907166
22.3519600	310.2331238
22.4353628	272.8299561
22.5187656	273.2942200
22.6021685	270.7912903
22.6855713	270.6750488
22.7689741	285.1975708
22.8523770	293.2189636
22.9357798	313.8823242
23.0191827	321.9636230
23.1025855	322.3007812
23.1859883	326.5115051
23.2693912	318.8907166
23.3527940	310.2331238
23.4361968	272.8299561
23.5195997	273.2942200
23.6030025	270.7912903
23.6864053	270.6750488
23.7698082	285.1975708
23.8532110	293.2189636
23.9366138	313.8823242
24.0200167	321.9636230
24.1034195	322.3007812
24.1868224	326.5115051
24.2702252	318.8907166
24.3536280	310.2331238
24.4370309	272.8299561
24.5204337	273.2942200
24.6038365	270.7912903
24.6872394	270.6750488
24.7706422	285.1975708
24.8540450	293.2189636
24.9374479	313.8823242
25.0208507	321.9636230
25.1042535	322.3007812
25.1876564	326.5115051
25.2710592	318.8907166
25.3544621	310.2331238
25.4378649	272.8299561
25.5212677	273.2942200
25.6046706	270.7912903
25.6880734	270.6750488
25.7714762	285.1975708
25.8548791	293.2189636
25.9382819	313.8823242
26.0216847	321.9636230
26.1050876	322.3007812
26.1884904	326.5115051
26.2718932	318.8907166
26.3552961	310.2331238
26.4386989	272.8299561
26.5221018	273.2942200
26.6055046	270.7912903
26.6889074	270.6750488
26.7723103	285.1975708
26.8557131	293.2189636
26.9391159	313.8823242
27.0225188	321.9636230
27.1059216	322.3007812
27.1893244	326.5115051
27.2727273	318.8907166
27.3561301	310.2331238
27.4395329	272.8299561
27.5229358	273.2942200
27.6063386	270.7912903
27.6897415	270.6750488
27.7731443	285.1975708
27.8565471	293.2189636
27.9399500	313.8823242
28.0233528	321.9636230
28.1067556	322.3007812
28.1901585	326.5115051
28.2735613	318.8907166
28.3569641	310.2331238
28.4403670	272.8299561
28.5237698	273.2942200
28.6071726	270.7912903
28.6905755	270.6750488
28.7739783	285.1975708
28.8573812	293.2189636
28.9407840	313.8823242
29.0241868	321.9636230
29.1075897	322.3007812
29.1909925	326.5115051
29.2743953	318.8907166
29.3577982	310.2331238
29.4412010	272.8299561
29.5246038	273.2942200
29.6080067	270.7912903
29.6914095	270.6750488
29.7748123	285.1975708
29.8582152	293.2189636
29.9416180	313.8823242
30.0250209	321.9636230
30.1084237	322.3007812
30.1918265	326.5115051
30.2752294	318.8907166
30.3586322	310.2331238
30.4420350	272.8299561
30.5254379	273.2942200
30.6088407	270.7912903
30.6922435	270.6750488
30.7756464	285.1975708
30.8590492	293.2189636
30.9424520	313.8823242
31.0258549	321.9636230
31.1092577	322.3007812
31.1926606	326.5115051
31.2760634	318.8907166
31.3594662	310.2331238
31.4428691	272.8299561
31.5262719	273.2942200
31.6096747	270.7912903
31.6930776	270.6750488
31.7764804	285.1975708
31.8598832	293.2189636
31.9432861	313.8823242
32.0266889	321.9636230
32.1100917	322.3007812
32.1934946	326.5115051
32.2768974	318.8907166
32.3603003	310.2331238
32.4437031	272.8299561
32.5271059	273.2942200
32.6105088	270.7912903
32.6939116	270.6750488
32.7773144	285.1975708
32.8607173	293.2189636
32.9441201	313.8823242
33.0275229	321.9636230
33.1109258	322.3007812
33.1943286	326.5115051
33.2777314	318.8907166
33.3611343	310.2331238
33.4445371	272.8299561
33.5279399	273.2942200
33.6113428	270.7912903
33.6947456	270.6750488
33.7781485	285.1975708
33.8615513	293.2189636
33.9449541	313.8823242
34.0283570	321.9636230
34.1117598	322.3007812
34.1951626	326.5115051
34.2785655	318.8907166
34.3619683	310.2331238
34.4453711	272.8299561
34.5287740	273.2942200
34.6121768	270.7912903
34.6955796	270.6750488
34.7789825	285.1975708
34.8623853	293.2189636
34.9457882	313.8823242
35.0291910	321.9636230
35.1125938	322.3007812
35.1959967	326.5115051
35.2793995	318.8907166
35.3628023	310.2331238
35.4462052	272.8299561
35.5296080	273.2942200
35.6130108	270.7912903
35.6964137	270.6750488
35.7798165	285.1975708
35.8632193	293.2189636
35.9466222	313.8823242
36.0300250	321.9636230
36.1134279	322.3007812
36.1968307	326.5115051
36.2802335	318.8907166
36.3636364	310.2331238
36.4470392	272.8299561
36.5304420	273.2942200
36.6138449	270.7912903
36.6972477	270.6750488
36.7806505	285.1975708
36.8640534	293.2189636
36.9474562	313.8823242
37.0308590	321.9636230
37.1142619	322.3007812
37.1976647	326.5115051
37.2810676	318.8907166
37.3644704	310.2331238
37.4478732	272.8299561
37.5312761	273.2942200
37.6146789	270.7912903
37.6980817	270.6750488
37.7814846	285.1975708
37.8648874	293.2189636
37.9482902	313.8823242
38.0316931	321.9636230
38.1150959	322.3007812
38.1984987	326.5115051
38.2819016	318.8907166
38.3653044	310.2331238
38.4487073	272.8299561
38.5321101	273.2942200
38.6155129	270.7912903
38.6989158	270.6750488
38.7823186	285.1975708
38.8657214	293.2189636
38.9491243	313.8823242
39.0325271	321.9636230
39.1159299	322.3007812
39.1993328	326.5115051
39.2827356	318.8907166
39.3661384	310.2331238
39.4495413	272.8299561
39.5329441	273.2942200
39.6163470	270.7912903
39.6997498	270.6750488
39.7831526	285.1975708
39.8665555	293.2189636
39.9499583	313.8823242
40.0333611	321.9636230
40.1167640	322.3007812
40.2001668	326.5115051
40.2835696	318.8907166
40.3669725	310.2331238
40.4503753	272.8299561
40.5337781	273.2942200
40.6171810	270.7912903
40.7005838	270.6750488
40.7839867	285.1975708
40.8673895	293.2189636
40.9507923	313.8823242
41.0341952	321.9636230
41.1175980	322.3007812
41.2010008	326.5115051
41.2844037	318.8907166
41.3678065	310.2331238
41.4512093	272.8299561
41.5346122	273.2942200
41.6180150	270.7912903
41.7014178	270.6750488
41.7848207	285.1975708
41.8682235	293.2189636
41.9516264	313.8823242
42.0350292	321.9636230
42.1184320	322.3007812
42.2018349	326.5115051
42.2852377	318.8907166
42.3686405	310.2331238
42.4520434	272.8299561
42.5354462	273.2942200
42.6188490	270.7912903
42.7022519	270.6750488
42.7856547	285.1975708
42.8690575	293.2189636
42.9524604	313.8823242
43.0358632	321.9636230
43.1192661	322.3007812
43.2026689	326.5115051
43.2860717	318.8907166
43.3694746	310.2331238
43.4528774	272.8299561
43.5362802	273.2942200
43.6196831	270.7912903
43.7030859	270.6750488
43.7864887	285.1975708
43.8698916	293.2189636
43.9532944	313.8823242
44.0366972	321.9636230
44.1201001	322.3007812
44.2035029	326.5115051
44.2869058	318.8907166
44.3703086	310.2331238
44.4537114	272.8299561
44.5371143	273.2942200
44.6205171	270.7912903
44.7039199	270.6750488
44.7873228	285.1975708
44.8707256	293.2189636
44.9541284	313.8823242
45.0375313	321.9636230
45.1209341	322.3007812
45.2043369	326.5115051
45.2877398	318.8907166
45.3711426	310.2331238
45.4545455	272.8299561
45.5379483	273.2942200
45.6213511	270.7912903
45.7047540	270.6750488
45.7881568	285.1975708
45.8715596	293.2189636
45.9549625	313.8823242
46.0383653	321.9636230
46.1217681	322.3007812
46.2051710	326.5115051
46.2885738	318.8907166
46.3719766	310.2331238
46.4553795	272.8299561
46.5387823	273.2942200
46.6221852	270.7912903
46.7055880	270.6750488
46.7889908	285.1975708
46.8723937	293.2189636
46.9557965	313.8823242
47.0391993	321.9636230
47.1226022	322.3007812
47.2060050	326.5115051
47.2894078	318.8907166
47.3728107	310.2331238
47.4562135	272.8299561
47.5396163	273.2942200
47.6230192	270.7912903
47.7064220	270.6750488
47.7898249	285.1975708
47.8732277	293.2189636
47.9566305	313.8823242
48.0400334	321.9636230
48.1234362	322.3007812
48.2068390	326.5115051
48.2902419	318.8907166
48.3736447	310.2331238
48.4570475	272.8299561
48.5404504	273.2942200
48.6238532	270.7912903
48.7072560	270.6750488
48.7906589	285.1975708
48.8740617	293.2189636
48.9574646	313.8823242
49.0408674	321.9636230
49.1242702	322.3007812
49.2076731	326.5115051
49.2910759	318.8907166
49.3744787	310.2331238
49.4578816	272.8299561
49.5412844	273.2942200
49.6246872	270.7912903
49.7080901	270.6750488
49.7914929	285.1975708
49.8748957	293.2189636
49.9582986	313.8823242
50.0417014	321.9636230
50.1251043	322.3007812
50.2085071	326.5115051
50.2919099	318.8907166
50.3753128	310.2331238
50.4587156	272.8299561
50.5421184	273.2942200
50.6255213	270.7912903
50.7089241	270.6750488
50.7923269	285.1975708
50.8757298	293.2189636
50.9591326	313.8823242
51.0425354	321.9636230
51.1259383	322.3007812
51.2093411	326.5115051
51.2927440	318.8907166
51.3761468	310.2331238
51.4595496	272.8299561
51.5429525	273.2942200
51.6263553	270.7912903
51.7097581	270.6750488
51.7931610	285.1975708
51.8765638	293.2189636
51.9599666	313.8823242
52.0433695	321.9636230
52.1267723	322.3007812
52.2101751	326.5115051
52.2935780	318.8907166
52.3769808	310.2331238
52.4603837	272.8299561
52.5437865	273.2942200
52.6271893	270.7912903
52.7105922	270.6750488
52.7939950	285.1975708
52.8773978	293.2189636
52.9608007	313.8823242
53.0442035	321.9636230
53.1276063	322.3007812
53.2110092	326.5115051
53.2944120	318.8907166
53.3778148	310.2331238
53.4612177	272.8299561
53.5446205	273.2942200
53.6280234	270.7912903
53.7114262	270.6750488
53.7948290	285.1975708
53.8782319	293.2189636
53.9616347	313.8823242
54.0450375	321.9636230
54.1284404	322.3007812
54.2118432	326.5115051
54.2952460	318.8907166
54.3786489	310.2331238
54.4620517	272.8299561
54.5454545	273.2942200
54.6288574	270.7912903
54.7122602	270.6750488
54.7956631	285.1975708
54.8790659	293.2189636
54.9624687	313.8823242
55.0458716	321.9636230
55.1292744	322.3007812
55.2126772	326.5115051
55.2960801	318.8907166
55.3794829	310.2331238
55.4628857	272.8299561
55.5462886	273.2942200
55.6296914	270.7912903
55.7130942	270.6750488
55.7964971	285.1975708
55.8798999	293.2189636
55.9633028	313.8823242
56.0467056	321.9636230
56.1301084	322.3007812
56.2135113	326.5115051
56.2969141	318.8907166
56.3803169	310.2331238
56.4637198	272.8299561
56.5471226	273.2942200
56.6305254	270.7912903
56.7139283	270.6750488
56.7973311	285.1975708
56.8807339	293.2189636
56.9641368	313.8823242
57.0475396	321.9636230
57.1309425	322.3007812
57.2143453	326.5115051
57.2977481	318.8907166
57.3811510	310.2331238
57.4645538	272.8299561
57.5479566	273.2942200
57.6313595	270.7912903
57.7147623	270.6750488
57.7981651	285.1975708
57.8815680	293.2189636
57.9649708	313.8823242
58.0483736	321.9636230
58.1317765	322.3007812
58.2151793	326.5115051
58.2985822	318.8907166
58.3819850	310.2331238
58.4653878	272.8299561
58.5487907	273.2942200
58.6321935	270.7912903
58.7155963	270.6750488
58.7989992	285.1975708
58.8824020	293.2189636
58.9658048	313.8823242
59.0492077	321.9636230
59.1326105	322.3007812
59.2160133	326.5115051
59.2994162	318.8907166
59.3828190	310.2331238
59.4662219	272.8299561
59.5496247	273.2942200
59.6330275	270.7912903
59.7164304	270.6750488
59.7998332	285.1975708
59.8832360	293.2189636
59.9666389	313.8823242
60.0500417	321.9636230
60.1334445	322.3007812
60.2168474	326.5115051
60.3002502	318.8907166
60.3836530	310.2331238
60.4670559	272.8299561
60.5504587	273.2942200
60.6338616	270.7912903
60.7172644	270.6750488
60.8006672	285.1975708
60.8840701	293.2189636
60.9674729	313.8823242
61.0508757	321.9636230
61.1342786	322.3007812
61.2176814	326.5115051
61.3010842	318.8907166
61.3844871	310.2331238
61.4678899	272.8299561
61.5512927	273.2942200
61.6346956	270.7912903
61.7180984	270.6750488
61.8015013	285.1975708
61.8849041	293.2189636
61.9683069	313.8823242
62.0517098	321.9636230
62.1351126	322.3007812
62.2185154	326.5115051
62.3019183	318.8907166
62.3853211	310.2331238
62.4687239	272.8299561
62.5521268	273.2942200
62.6355296	270.7912903
62.7189324	270.6750488
62.8023353	285.1975708
62.8857381	293.2189636
62.9691410	313.8823242
63.0525438	321.9636230
63.1359466	322.3007812
63.2193495	326.5115051
63.3027523	318.8907166
63.3861551	310.2331238
63.4695580	272.8299561
63.5529608	273.2942200
63.6363636	270.7912903
63.7197665	270.6750488
63.8031693	285.1975708
63.8865721	293.2189636
63.9699750	313.8823242
64.0533778	321.9636230
64.1367807	322.3007812
64.2201835	326.5115051
64.3035863	318.8907166
64.3869892	310.2331238
64.4703920	272.8299561
64.5537948	273.2942200
64.6371977	270.7912903
64.7206005	270.6750488
64.8040033	285.1975708
64.8874062	293.2189636
64.9708090	313.8823242
65.0542118	321.9636230
65.1376147	322.3007812
65.2210175	326.5115051
65.3044204	318.8907166
65.3878232	310.2331238
65.4712260	272.8299561
65.5546289	273.2942200
65.6380317	270.7912903
65.7214345	270.6750488
65.8048374	285.1975708
65.8882402	293.2189636
65.9716430	313.8823242
66.0550459	321.9636230
66.1384487	322.3007812
66.2218515	326.5115051
66.3052544	318.8907166
66.3886572	310.2331238
66.4720601	272.8299561
66.5554629	273.2942200
66.6388657	270.7912903
66.7222686	270.6750488
66.8056714	285.1975708
66.8890742	293.2189636
66.9724771	313.8823242
67.0558799	321.9636230
67.1392827	322.3007812
67.2226856	326.5115051
67.3060884	318.8907166
67.3894912	310.2331238
67.4728941	272.8299561
67.5562969	273.2942200
67.6396997	270.7912903
67.7231026	270.6750488
67.8065054	285.1975708
67.8899083	293.2189636
67.9733111	313.8823242
68.0567139	321.9636230
68.1401168	322.3007812
68.2235196	326.5115051
68.3069224	318.8907166
68.3903253	310.2331238
68.4737281	272.8299561
68.5571309	273.2942200
68.6405338	270.7912903
68.7239366	270.6750488
68.8073394	285.1975708
68.8907423	293.2189636
68.9741451	313.8823242
69.0575480	321.9636230
69.1409508	322.3007812
69.2243536	326.5115051
69.3077565	318.8907166
69.3911593	310.2331238
69.4745621	272.8299561
69.5579650	273.2942200
69.6413678	270.7912903
69.7247706	270.6750488
69.8081735	285.1975708
69.8915763	293.2189636
69.9749791	313.8823242
70.0583820	321.9636230
70.1417848	322.3007812
70.2251877	326.5115051
70.3085905	318.8907166
70.3919933	310.2331238
70.4753962	272.8299561
70.5587990	273.2942200
70.6422018	270.7912903
70.7256047	270.6750488
70.8090075	285.1975708
70.8924103	293.2189636
70.9758132	313.8823242
71.0592160	321.9636230
71.1426188	322.3007812
71.2260217	326.5115051
71.3094245	318.8907166
71.3928274	310.2331238
71.4762302	272.8299561
71.5596330	273.2942200
71.6430359	270.7912903
71.7264387	270.6750488
71.8098415	285.1975708
71.8932444	293.2189636
71.9766472	313.8823242
72.0600500	321.9636230
72.1434529	322.3007812
72.2268557	326.5115051
72.3102585	318.8907166
72.3936614	310.2331238
72.4770642	272.8299561
72.5604671	273.2942200
72.6438699	270.7912903
72.7272727	270.6750488
72.8106756	285.1975708
72.8940784	293.2189636
72.9774812	313.8823242
73.0608841	321.9636230
73.1442869	322.3007812
73.2276897	326.5115051
73.3110926	318.8907166
73.3944954	310.2331238
73.4778982	272.8299561
73.5613011	273.2942200
73.6447039	270.7912903
73.7281068	270.6750488
73.8115096	285.1975708
73.8949124	293.2189636
73.9783153	313.8823242
74.0617181	321.9636230
74.1451209	322.3007812
74.2285238	326.5115051
74.3119266	318.8907166
74.3953294	310.2331238
74.4787323	272.8299561
74.5621351	273.2942200
74.6455379	270.7912903
74.7289408	270.6750488
74.8123436	285.1975708
74.8957465	293.2189636
74.9791493	313.8823242
75.0625521	321.9636230
75.1459550	322.3007812
75.2293578	326.5115051
75.3127606	318.8907166
75.3961635	310.2331238
75.4795663	272.8299561
75.5629691	273.2942200
75.6463720	270.7912903
75.7297748	270.6750488
75.8131776	285.1975708
75.8965805	293.2189636
75.9799833	313.8823242
76.0633862	321.9636230
76.1467890	322.3007812
76.2301918	326.5115051
76.3135947	318.8907166
76.3969975	310.2331238
76.4804003	272.8299561
76.5638032	273.2942200
76.6472060	270.7912903
76.7306088	270.6750488
76.8140117	285.1975708
76.8974145	293.2189636
76.9808173	313.8823242
77.0642202	321.9636230
77.1476230	322.3007812
77.2310259	326.5115051
77.3144287	318.8907166
77.3978315	310.2331238
77.4812344	272.8299561
77.5646372	273.2942200
77.6480400	270.7912903
77.7314429	270.6750488
77.8148457	285.1975708
77.8982485	293.2189636
77.9816514	313.8823242
78.0650542	321.9636230
78.1484570	322.3007812
78.2318599	326.5115051
78.3152627	318.8907166
78.3986656	310.2331238
78.4820684	272.8299561
78.5654712	273.2942200
78.6488741	270.7912903
78.7322769	270.6750488
78.8156797	285.1975708
78.8990826	293.2189636
78.9824854	313.8823242
79.0658882	321.9636230
79.1492911	322.3007812
79.2326939	326.5115051
79.3160967	318.8907166
79.3994996	310.2331238
79.4829024	272.8299561
79.5663053	273.2942200
79.6497081	270.7912903
79.7331109	270.6750488
79.8165138	285.1975708
79.8999166	293.2189636
79.9833194	313.8823242
80.0667223	321.9636230
80.1501251	322.3007812
80.2335279	326.5115051
80.3169308	318.8907166
80.4003336	310.2331238
80.4837364	272.8299561
80.5671393	273.2942200
80.6505421	270.7912903
80.7339450	270.6750488
80.8173478	285.1975708
80.9007506	293.2189636
80.9841535	313.8823242
81.0675563	321.9636230
81.1509591	322.3007812
81.2343620	326.5115051
81.3177648	318.8907166
81.4011676	310.2331238
81.4845705	272.8299561
81.5679733	273.2942200
81.6513761	270.7912903
81.7347790	270.6750488
81.8181818	285.1975708
81.9015847	293.2189636
81.9849875	313.8823242
82.0683903	321.9636230
82.1517932	322.3007812
82.2351960	326.5115051
82.3185988	318.8907166
82.4020017	310.2331238
82.4854045	272.8299561
82.5688073	273.2942200
82.6522102	270.7912903
82.7356130	270.6750488
82.8190158	285.1975708
82.9024187	293.2189636
82.9858215	313.8823242
83.0692244	321.9636230
83.1526272	322.3007812
83.2360300	326.5115051
83.3194329	318.8907166
83.4028357	310.2331238
83.4862385	272.8299561
83.5696414	273.2942200
83.6530442	270.7912903
83.7364470	270.6750488
83.8198499	285.1975708
83.9032527	293.2189636
83.9866555	313.8823242
84.0700584	321.9636230
84.1534612	322.3007812
84.2368641	326.5115051
84.3202669	318.8907166
84.4036697	310.2331238
84.4870726	272.8299561
84.5704754	273.2942200
84.6538782	270.7912903
84.7372811	270.6750488
84.8206839	285.1975708
84.9040867	293.2189636
84.9874896	313.8823242
85.0708924	321.9636230
85.1542952	322.3007812
85.2376981	326.5115051
85.3211009	318.8907166
85.4045038	310.2331238
85.4879066	272.8299561
85.5713094	273.2942200
85.6547123	270.7912903
85.7381151	270.6750488
85.8215179	285.1975708
85.9049208	293.2189636
85.9883236	313.8823242
86.0717264	321.9636230
86.1551293	322.3007812
86.2385321	326.5115051
86.3219349	318.8907166
86.4053378	310.2331238
86.4887406	272.8299561
86.5721435	273.2942200
86.6555463	270.7912903
86.7389491	270.6750488
86.8223520	285.1975708
86.9057548	293.2189636
86.9891576	313.8823242
87.0725605	321.9636230
87.1559633	322.3007812
87.2393661	326.5115051
87.3227690	318.8907166
87.4061718	310.2331238
87.4895746	272.8299561
87.5729775	273.2942200
87.6563803	270.7912903
87.7397832	270.6750488
87.8231860	285.1975708
87.9065888	293.2189636
87.9899917	313.8823242
88.0733945	321.9636230
88.1567973	322.3007812
88.2402002	326.5115051
88.3236030	318.8907166
88.4070058	310.2331238
88.4904087	272.8299561
88.5738115	273.2942200
88.6572143	270.7912903
88.7406172	270.6750488
88.8240200	285.1975708
88.9074229	293.2189636
88.9908257	313.8823242
89.0742285	321.9636230
89.1576314	322.3007812
89.2410342	326.5115051
89.3244370	318.8907166
89.4078399	310.2331238
89.4912427	272.8299561
89.5746455	273.2942200
89.6580484	270.7912903
89.7414512	270.6750488
89.8248540	285.1975708
89.9082569	293.2189636
89.9916597	313.8823242
90.0750626	321.9636230
90.1584654	322.3007812
90.2418682	326.5115051
90.3252711	318.8907166
90.4086739	310.2331238
90.4920767	272.8299561
90.5754796	273.2942200
90.6588824	270.7912903
90.7422852	270.6750488
90.8256881	285.1975708
90.9090909	293.2189636
90.9924937	313.8823242
91.0758966	321.9636230
91.1592994	322.3007812
91.2427023	326.5115051
91.3261051	318.8907166
91.4095079	310.2331238
91.4929108	272.8299561
91.5763136	273.2942200
91.6597164	270.7912903
91.7431193	270.6750488
91.8265221	285.1975708
91.9099249	293.2189636
91.9933278	313.8823242
92.0767306	321.9636230
92.1601334	322.3007812
92.2435363	326.5115051
92.3269391	318.8907166
92.4103420	310.2331238
92.4937448	272.8299561
92.5771476	273.2942200
92.6605505	270.7912903
92.7439533	270.6750488
92.8273561	285.1975708
92.9107590	293.2189636
92.9941618	313.8823242
93.0775646	321.9636230
93.1609675	322.3007812
93.2443703	326.5115051
93.3277731	318.8907166
93.4111760	310.2331238
93.4945788	272.8299561
93.5779817	273.2942200
93.6613845	270.7912903
93.7447873	270.6750488
93.8281902	285.1975708
93.9115930	293.2189636
93.9949958	313.8823242
94.0783987	321.9636230
94.1618015	322.3007812
94.2452043	326.5115051
94.3286072	318.8907166
94.4120100	310.2331238
94.4954128	272.8299561
94.5788157	273.2942200
94.6622185	270.7912903
94.7456214	270.6750488
94.8290242	285.1975708
94.9124270	293.2189636
94.9958299	313.8823242
95.0792327	321.9636230
95.1626355	322.3007812
95.2460384	326.5115051
95.3294412	318.8907166
95.4128440	310.2331238
95.4962469	272.8299561
95.5796497	273.2942200
95.6630525	270.7912903
95.7464554	270.6750488
95.8298582	285.1975708
95.9132611	293.2189636
95.9966639	313.8823242
96.0800667	321.9636230
96.1634696	322.3007812
96.2468724	326.5115051
96.3302752	318.8907166
96.4136781	310.2331238
96.4970809	272.8299561
96.5804837	273.2942200
96.6638866	270.7912903
96.7472894	270.6750488
96.8306922	285.1975708
96.9140951	293.2189636
96.9974979	313.8823242
97.0809008	321.9636230
97.1643036	322.3007812
97.2477064	326.5115051
97.3311093	318.8907166
97.4145121	310.2331238
97.4979149	272.8299561
97.5813178	273.2942200
97.6647206	270.7912903
97.7481234	270.6750488
97.8315263	285.1975708
97.9149291	293.2189636
97.9983319	313.8823242
98.0817348	321.9636230
98.1651376	322.3007812
98.2485405	326.5115051
98.3319433	318.8907166
98.4153461	310.2331238
98.4987490	272.8299561
98.5821518	273.2942200
98.6655546	270.7912903
98.7489575	270.6750488
98.8323603	285.1975708
98.9157631	293.2189636
98.9991660	313.8823242
99.0825688	321.9636230
99.1659716	322.3007812
99.2493745	326.5115051
99.3327773	318.8907166
99.4161802	310.2331238
99.4995830	272.8299561
99.5829858	273.2942200
99.6663887	270.7912903
99.7497915	270.6750488
99.8331943	285.1975708
99.9165972	293.2189636
100.0000000	313.8823242
