# time(yr)	runoff(mm/month)
0.0000000	44.7579752
0.0833610	39.0961735
0.1667220	39.5973212
0.2500830	36.2020587
0.3334440	36.1868535
0.4168050	44.7898945
0.5001661	47.8264558
0.5835271	41.3882647
0.6668881	48.6056742
0.7502491	47.8229433
0.8336101	47.0553139
0.9169711	51.3575170
1.0003321	45.8183195
1.0836931	45.2875014
1.1670541	45.6630934
1.2504151	42.6899936
1.3337762	38.2635928
1.4171372	52.4692386
1.5004982	37.9788153
1.5838592	49.9497093
1.6672202	44.0845715
1.7505812	41.6242839
1.8339422	47.3596650
1.9173032	45.7164982
2.0006642	53.3645783
2.0840252	69.0645960
2.1673863	83.2667104
2.2507473	96.1933056
2.3341083	64.8112479
2.4174693	60.2014406
2.5008303	58.6961351
2.5841913	59.6971245
2.6675523	56.9931891
2.7509133	61.2011051
2.8342743	47.0008248
2.9176353	49.5829434
3.0009963	44.1009225
3.0843574	44.5560064
3.1677184	44.9253561
3.2510794	40.4917840
3.3344404	39.4474395
3.4178014	36.5991126
3.5011624	38.1423701
3.5845234	38.3541999
3.6678844	31.0552852
3.7512454	35.2948848
3.8346064	51.1699048
3.9179675	40.3420837
4.0013285	35.0777226
4.0846895	31.9132105
4.1680505	29.3288193
4.2514115	40.3283872
4.3347725	31.3134381
4.4181335	31.7355749
4.5014945	32.1424875
4.5848555	28.1537658
4.6682165	34.7143113
4.7515775	26.0197980
4.8349386	32.6904958
4.9182996	22.4488777
5.0016606	28.3780663
5.0850216	37.2396328
5.1683826	32.4338233
5.2517436	39.0897543
5.3351046	44.1950869
5.4184656	34.6828351
5.5018266	35.3122896
5.5851876	46.7976962
5.6685487	34.6645558
5.7519097	36.3320464
5.8352707	40.1093602
5.9186317	35.3579739
6.0019927	31.5718127
6.0853537	31.3069364
6.1687147	33.1758088
6.2520757	30.4085344
6.3354367	29.0899052
6.4187977	30.3732770
6.5021588	33.3176117
6.5855198	27.2338454
6.6688808	29.1976389
6.7522418	29.0464133
6.8356028	25.6201273
6.9189638	24.0304030
7.0023248	22.0406568
7.0856858	24.4678606
7.1690468	26.1681168
7.2524078	26.0022352
7.3357688	25.2007440
7.4191299	22.1940629
7.5024909	26.5693739
7.5858519	20.8185093
7.6692129	20.2083832
7.7525739	28.8731696
7.8359349	31.8506330
7.9192959	21.7224606
8.0026569	24.2664081
8.0860179	34.9570821
8.1693789	26.4557279
8.2527400	33.6719823
8.3361010	54.3540683
8.4194620	38.0210954
8.5028230	48.7546013
8.5861840	41.0949698
8.6695450	62.5986487
8.7529060	48.7284953
8.8362670	52.0747213
8.9196280	65.8870380
9.0029890	64.8501216
9.0863500	83.6830573
9.1697111	88.2781686
9.2530721	89.0059483
9.3364331	132.4157818
9.4197941	97.5141625
9.5031551	81.3453739
9.5865161	72.3757437
9.6698771	65.0039285
9.7532381	151.6262332
9.8365991	169.2637922
9.9199601	73.5709601
10.0033212	93.3177365
10.0866822	107.8501901
10.1700432	91.7017224
10.2534042	85.6394155
10.3367652	73.2599234
10.4201262	60.5639066
10.5034872	69.9935618
10.5868482	62.2874469
10.6702092	54.0714290
10.7535702	80.3522724
10.8369313	54.2873630
10.9202923	52.5486692
11.0036533	55.4864315
11.0870143	50.9059267
11.1703753	55.6666178
11.2537363	52.1694609
11.3370973	52.3397037
11.4204583	59.5690181
11.5038193	44.9991524
11.5871803	43.3753494
11.6705413	43.3850525
11.7539024	52.3603121
11.8372634	33.8628265
11.9206244	35.4322676
12.0039854	38.0929658
12.0873464	38.9512187
12.1707074	37.8094919
12.2540684	36.9908058
12.3374294	36.1495498
12.4207904	31.3733965
12.5041514	31.0827420
12.5875125	32.9201170
12.6708735	25.4132811
12.7542345	29.4128586
12.8375955	26.7645227
12.9209565	22.0659966
13.0043175	22.9400772
13.0876785	21.4266386
13.1710395	25.7750705
13.2544005	23.9735116
13.3377615	23.1382081
13.4211226	17.9161082
13.5044836	23.2591409
13.5878446	18.8768366
13.6712056	17.5704447
13.7545666	18.3064105
13.8379276	16.9557158
13.9212886	20.9723468
14.0046496	23.8438281
14.0880106	25.9871455
14.1713716	29.6788028
14.2547326	31.2356365
14.3380937	37.5584277
14.4214547	40.7580818
14.5048157	36.4525265
14.5881767	35.5322053
14.6715377	35.5968880
14.7548987	35.1769601
14.8382597	27.7897086
14.9216207	31.9240946
15.0049817	45.9376705
15.0883427	38.0068708
15.1717038	40.5324635
15.2550648	36.1284486
15.3384258	41.4319098
15.4217868	37.3242780
15.5051478	41.9872968
15.5885088	38.1030107
15.6718698	39.2078464
15.7552308	38.0580408
15.8385918	37.5819217
15.9219528	34.7597834
16.0053138	47.0078923
16.0886749	50.8143838
16.1720359	49.6434911
16.2553969	50.1551387
16.3387579	52.8495644
16.4221189	55.4748283
16.5054799	47.6339120
16.5888409	45.7635191
16.6722019	47.5737650
16.7555629	39.4792786
16.8389239	40.1588092
16.9222850	39.1454293
17.0056460	37.8900022
17.0890070	48.3131432
17.1723680	43.6984655
17.2557290	57.3586584
17.3390900	40.3845548
17.4224510	62.7973831
17.5058120	49.8994068
17.5891730	51.6284305
17.6725340	50.8188864
17.7558951	48.6521388
17.8392561	51.0324112
17.9226171	36.7403239
18.0059781	39.0230702
18.0893391	37.9423674
18.1727001	42.5324903
18.2560611	35.7634814
18.3394221	38.2366759
18.4227831	40.5835485
18.5061441	41.5181061
18.5895051	55.0785476
18.6728662	62.5741646
18.7562272	67.8148055
18.8395882	71.1578773
18.9229492	54.3012387
19.0063102	59.5174946
19.0896712	58.0512184
19.1730322	46.0339754
19.2563932	46.6281182
19.3397542	51.3750089
19.4231152	45.3914396
19.5064763	48.2830626
19.5898373	46.0102645
19.6731983	40.1293086
19.7565593	41.8632451
19.8399203	35.9034479
19.9232813	35.6724595
20.0066423	33.7152950
20.0900033	35.9954482
20.1733643	34.0177767
20.2567253	40.5364852
20.3400864	33.7322165
20.4234474	47.7868608
20.5068084	51.6274074
20.5901694	40.7607032
20.6735304	40.4625050
20.7568914	42.1387415
20.8402524	38.7502330
20.9236134	39.0168773
21.0069744	48.6163910
21.0903354	49.1635790
21.1736964	44.6462905
21.2570575	50.7701871
21.3404185	45.0224814
21.4237795	56.8405279
21.5071405	43.3210158
21.5905015	50.5649981
21.6738625	49.7168066
21.7572235	46.5494750
21.8405845	34.6243266
21.9239455	36.3757551
22.0073065	36.3698239
22.0906676	47.1359091
22.1740286	34.6266863
22.2573896	35.4077506
22.3407506	33.9089822
22.4241116	34.6951667
22.5074726	32.2509236
22.5908336	32.8382653
22.6741946	31.2600499
22.7575556	31.5778618
22.8409166	25.6023242
22.9242776	22.6141133
23.0076387	34.0491185
23.0909997	28.5704334
23.1743607	33.2548999
23.2577217	31.6117260
23.3410827	29.7242725
23.4244437	28.8129378
23.5078047	31.1619840
23.5911657	28.7297047
23.6745267	29.7879674
23.7578877	29.4816172
23.8412488	29.6597903
23.9246098	29.2181483
24.0079708	33.1745169
24.0913318	47.9916726
24.1746928	55.1234374
24.2580538	69.9337166
24.3414148	58.5881374
24.4247758	50.2034892
24.5081368	56.1176469
24.5914978	54.5823222
24.6748589	46.5637656
24.7582199	58.0825154
24.8415809	50.0421622
24.9249419	53.3800100
25.0083029	43.1027997
25.0916639	46.5570187
25.1750249	51.2454504
25.2583859	60.0595433
25.3417469	60.5121237
25.4251079	54.7867332
25.5084689	52.2418947
25.5918300	50.9380441
25.6751910	52.2033982
25.7585520	40.1690451
25.8419130	54.5508272
25.9252740	54.0086794
26.0086350	73.7153610
26.0919960	87.5331043
26.1753570	90.4848272
26.2587180	82.0383865
26.3420790	65.5894338
26.4254401	61.0476613
26.5088011	57.4493386
26.5921621	60.8959855
26.6755231	56.4712867
26.7588841	58.8785515
26.8422451	60.4597562
26.9256061	45.0424156
27.0089671	53.3298490
27.0923281	58.1883254
27.1756891	49.4325689
27.2590501	55.8179635
27.3424112	68.8642208
27.4257722	48.2407377
27.5091332	47.1200107
27.5924942	45.4530671
27.6758552	44.1540633
27.7592162	43.4778920
27.8425772	65.6048277
27.9259382	41.7911272
28.0092992	55.9133490
28.0926602	56.3795646
28.1760213	51.5960680
28.2593823	64.8911641
28.3427433	68.7290799
28.4261043	51.7795311
28.5094653	53.4228111
28.5928263	48.3748932
28.6761873	43.4469816
28.7595483	58.9968558
28.8429093	55.3356845
28.9262703	40.2632944
29.0096314	44.0234816
29.0929924	49.6981406
29.1763534	42.9815676
29.2597144	42.3010068
29.3430754	46.4560320
29.4264364	41.0606601
29.5097974	35.9893661
29.5931584	40.4253380
29.6765194	37.5079839
29.7598804	47.3954175
29.8432414	36.8982586
29.9266025	37.1177382
30.0099635	41.6650529
30.0933245	35.4963845
30.1766855	42.7299329
30.2600465	65.5069621
30.3434075	56.5799162
30.4267685	44.1919469
30.5101295	51.1943417
30.5934905	59.1010062
30.6768515	54.4972810
30.7602126	44.3491343
30.8435736	54.6017944
30.9269346	51.3006421
31.0102956	45.8154812
31.0936566	52.0383088
31.1770176	69.7818380
31.2603786	65.7293225
31.3437396	100.7641166
31.4271006	64.1577974
31.5104616	54.3005787
31.5938227	59.2248645
31.6771837	51.9804249
31.7605447	50.9729668
31.8439057	54.5593752
31.9272667	43.5789730
32.0106277	50.4977600
32.0939887	55.8990914
32.1773497	42.2508930
32.2607107	47.0998407
32.3440717	49.4852712
32.4274327	44.9470442
32.5107938	45.2417347
32.5941548	39.0048192
32.6775158	36.7102740
32.7608768	37.2615261
32.8442378	29.7980430
32.9275988	37.9487701
33.0109598	31.2759765
33.0943208	36.7649659
33.1776818	42.0291691
33.2610428	31.2335974
33.3444039	32.8437439
33.4277649	30.3334556
33.5111259	30.2133338
33.5944869	39.8880512
33.6778479	36.6676897
33.7612089	34.8160618
33.8445699	33.1263149
33.9279309	26.2567059
34.0112919	33.5500806
34.0946529	32.9472248
34.1780139	37.4299277
34.2613750	43.2100808
34.3447360	44.3795307
34.4280970	54.0461009
34.5114580	43.6699314
34.5948190	75.1924341
34.6781800	58.5871568
34.7615410	51.3735426
34.8449020	51.5210599
34.9282630	52.5753127
35.0116240	78.9159589
35.0949851	100.3892695
35.1783461	70.8421210
35.2617071	106.2666611
35.3450681	77.8502020
35.4284291	62.2670742
35.5117901	54.0749839
35.5951511	58.6497319
35.6785121	58.0021183
35.7618731	52.9081931
35.8452341	50.8610605
35.9285952	46.6305888
36.0119562	45.7106754
36.0953172	55.6464525
36.1786782	49.2849479
36.2620392	43.9877197
36.3454002	40.2295174
36.4287612	42.9377339
36.5121222	43.9902421
36.5954832	45.0516284
36.6788442	38.1933915
36.7622052	36.8834116
36.8455663	48.1189162
36.9289273	31.0183045
37.0122883	33.5693996
37.0956493	31.7534582
37.1790103	26.4981141
37.2623713	28.4619147
37.3457323	32.7275991
37.4290933	29.5338551
37.5124543	32.2104799
37.5958153	27.8363900
37.6791764	27.9408374
37.7625374	28.9214187
37.8458984	30.1742361
37.9292594	23.5927144
38.0126204	27.8868339
38.0959814	29.8358653
38.1793424	30.5858258
38.2627034	28.6870214
38.3460644	47.1109441
38.4294254	34.8896790
38.5127864	41.6969581
38.5961475	39.7731699
38.6795085	37.6667130
38.7628695	43.8012674
38.8462305	38.4106363
38.9295915	34.5462774
39.0129525	52.9892362
39.0963135	56.0824366
39.1796745	52.1195687
39.2630355	59.8633785
39.3463965	65.9310791
39.4297576	45.9251243
39.5131186	49.7432143
39.5964796	47.7677658
39.6798406	56.6808511
39.7632016	40.5893855
39.8465626	55.2779657
39.9299236	42.7168775
40.0132846	53.5509222
40.0966456	55.9001617
40.1800066	63.1744885
40.2633677	80.5008552
40.3467287	59.9434550
40.4300897	57.3263100
40.5134507	56.2915295
40.5968117	65.4143961
40.6801727	46.7781532
40.7635337	47.9713847
40.8468947	47.0353608
40.9302557	45.7912046
41.0136167	47.7154313
41.0969777	60.8575597
41.1803388	48.3702114
41.2636998	65.8868399
41.3470608	51.3163141
41.4304218	50.2500103
41.5137828	49.1679920
41.5971438	43.1143133
41.6805048	50.0252030
41.7638658	49.9693512
41.8472268	61.2863349
41.9305878	42.3340011
42.0139489	39.5785421
42.0973099	52.2781800
42.1806709	54.3917586
42.2640319	49.0043312
42.3473929	52.7925669
42.4307539	46.7460217
42.5141149	50.7672497
42.5974759	48.9170033
42.6808369	38.2764478
42.7641979	36.6870841
42.8475590	40.1343817
42.9309200	34.7456860
43.0142810	33.7606728
43.0976420	36.8163150
43.1810030	33.0793530
43.2643640	30.7635887
43.3477250	37.2308892
43.4310860	41.3712819
43.5144470	34.2136044
43.5978080	46.1943736
43.6811690	48.3378724
43.7645301	60.3427626
43.8478911	37.8086244
43.9312521	40.8703794
44.0146131	47.9633224
44.0979741	41.1096612
44.1813351	44.8807303
44.2646961	50.1310837
44.3480571	41.4354742
44.4314181	40.7827497
44.5147791	40.2790089
44.5981402	46.2655155
44.6815012	40.9660997
44.7648622	47.7238896
44.8482232	36.4315361
44.9315842	51.3068185
45.0149452	43.0443077
45.0983062	54.1681582
45.1816672	56.7004223
45.2650282	74.8662156
45.3483892	64.4454297
45.4317502	59.0364933
45.5151113	47.7110559
45.5984723	43.6359846
45.6818333	50.7101910
45.7651943	38.3209604
45.8485553	38.4940957
45.9319163	35.0101663
46.0152773	44.9281991
46.0986383	37.6055689
46.1819993	42.9800022
46.2653603	54.5212228
46.3487214	37.4519577
46.4320824	54.6428181
46.5154434	45.3104296
46.5988044	44.0066167
46.6821654	41.3965675
46.7655264	50.7136658
46.8488874	43.7254625
46.9322484	36.1037925
47.0156094	44.0450519
47.0989704	39.5578488
47.1823315	43.9395578
47.2656925	44.7395214
47.3490535	55.1295337
47.4324145	45.1403566
47.5157755	50.7013318
47.5991365	46.7738392
47.6824975	47.1801247
47.7658585	43.7541003
47.8492195	48.5596717
47.9325805	46.0031923
48.0159415	58.4391680
48.0993026	44.6318726
48.1826636	52.3880259
48.2660246	52.5976845
48.3493856	57.6718686
48.4327466	52.3109951
48.5161076	47.9880799
48.5994686	52.8857600
48.6828296	48.7941822
48.7661906	47.9311720
48.8495516	35.4466643
48.9329127	45.2157277
49.0162737	44.9381804
49.0996347	43.7644164
49.1829957	42.8478411
49.2663567	52.2922490
49.3497177	48.1174310
49.4330787	42.9766123
49.5164397	43.8746206
49.5998007	41.5540661
49.6831617	47.0957341
49.7665227	43.9094301
49.8498838	44.9253655
49.9332448	39.0544097
50.0166058	39.5629738
50.0999668	45.6129891
50.1833278	62.5968099
50.2666888	62.6073711
50.3500498	71.2560870
50.4334108	60.7684543
50.5167718	54.9274329
50.6001328	54.4743999
50.6834939	57.9935184
50.7668549	60.7093399
50.8502159	49.6047258
50.9335769	45.5412436
51.0169379	43.2585491
51.1002989	40.6907117
51.1836599	49.0233366
51.2670209	56.0579337
51.3503819	59.9157272
51.4337429	48.1302176
51.5171040	53.9095173
51.6004650	58.2612825
51.6838260	52.4879848
51.7671870	57.6553243
51.8505480	43.8303248
51.9339090	54.0127954
52.0172700	49.4084007
52.1006310	68.8108160
52.1839920	77.7474566
52.2673530	71.6472521
52.3507140	62.0700183
52.4340751	64.3702990
52.5174361	55.0365716
52.6007971	50.9884220
52.6841581	68.7221303
52.7675191	60.9891551
52.8508801	50.5462472
52.9342411	51.8434075
53.0176021	48.8057335
53.1009631	42.2303741
53.1843241	44.6281008
53.2676852	50.1957333
53.3510462	45.0290255
53.4344072	39.3499464
53.5177682	41.4846733
53.6011292	46.1630577
53.6844902	36.0734549
53.7678512	33.3013597
53.8512122	42.5052245
53.9345732	36.2460127
54.0179342	34.0169139
54.1012953	32.2056566
54.1846563	33.6064840
54.2680173	49.9825904
54.3513783	59.4325665
54.4347393	61.8696054
54.5181003	57.7215346
54.6014613	61.1145929
54.6848223	48.0417204
54.7681833	45.9259871
54.8515443	44.5181040
54.9349053	37.6623259
55.0182664	37.7758116
55.1016274	48.3366843
55.1849884	40.8068566
55.2683494	40.8102371
55.3517104	33.7947421
55.4350714	43.4013233
55.5184324	43.9806427
55.6017934	47.5995363
55.6851544	43.2330561
55.7685154	36.2386905
55.8518765	38.1616466
55.9352375	46.8282718
56.0185985	36.1541585
56.1019595	39.3686359
56.1853205	39.7091474
56.2686815	43.0101158
56.3520425	38.8619955
56.4354035	39.2487310
56.5187645	44.5693164
56.6021255	41.1457720
56.6854865	36.7829152
56.7688476	31.9076022
56.8522086	33.3190686
56.9355696	31.8870456
57.0189306	43.1042708
57.1022916	38.6029939
57.1856526	35.1386498
57.2690136	41.2437271
57.3523746	48.7581185
57.4357356	50.3029813
57.5190966	45.1351278
57.6024577	42.0954972
57.6858187	38.4208604
57.7691797	41.6543833
57.8525407	35.9160271
57.9359017	45.7077098
58.0192627	41.7613767
58.1026237	33.1766739
58.1859847	38.1849991
58.2693457	51.0546557
58.3527067	40.6209701
58.4360678	45.8542747
58.5194288	48.1032535
58.6027898	41.0910895
58.6861508	36.1328240
58.7695118	46.4680029
58.8528728	41.0964597
58.9362338	44.4889051
59.0195948	45.9762283
59.1029558	56.6543491
59.1863168	60.4967911
59.2696778	61.7774401
59.3530389	54.0213198
59.4363999	51.0964621
59.5197609	40.9793342
59.6031219	60.4200008
59.6864829	48.3939835
59.7698439	63.5198492
59.8532049	47.7188825
59.9365659	51.3072664
60.0199269	60.2084421
60.1032879	49.5544234
60.1866490	54.7699579
60.2700100	52.5109412
60.3533710	49.3397577
60.4367320	50.0079844
60.5200930	47.8600678
60.6034540	48.3835260
60.6868150	38.7734889
60.7701760	50.6808742
60.8535370	44.4671887
60.9368980	35.1490578
61.0202591	52.0231553
61.1036201	48.8537115
61.1869811	51.0642693
61.2703421	43.5203584
61.3537031	45.4174937
61.4370641	41.0637624
61.5204251	38.1429406
61.6037861	50.6062810
61.6871471	42.6635105
61.7705081	49.6436278
61.8538691	40.4465641
61.9372302	62.3238265
62.0205912	57.3120005
62.1039522	66.8363529
62.1873132	52.9420173
62.2706742	62.3337748
62.3540352	50.0066454
62.4373962	52.4334626
62.5207572	54.1666636
62.6041182	53.9346803
62.6874792	63.7890183
62.7708403	49.5788132
62.8542013	39.0115449
62.9375623	39.0917369
63.0209233	53.8886872
63.1042843	44.6499068
63.1876453	39.1300118
63.2710063	41.0977516
63.3543673	41.2559527
63.4377283	41.0984682
63.5210893	39.7678469
63.6044503	39.7453289
63.6878114	37.2514222
63.7711724	34.0911134
63.8545334	45.5181174
63.9378944	30.3866223
64.0212554	36.3521951
64.1046164	35.6244319
64.1879774	32.8328834
64.2713384	45.7882625
64.3546994	40.2197388
64.4380604	35.3812274
64.5214215	47.0457570
64.6047825	42.8086892
64.6881435	32.2050555
64.7715045	54.1363049
64.8548655	29.3345620
64.9382265	37.7986997
65.0215875	34.0189766
65.1049485	33.2575472
65.1883095	32.0337283
65.2716705	35.6772686
65.3550316	33.1818602
65.4383926	30.1746086
65.5217536	34.1891557
65.6051146	27.8836137
65.6884756	34.6875382
65.7718366	31.2386634
65.8551976	40.2045005
65.9385586	26.6689415
66.0219196	43.1698256
66.1052806	36.2362860
66.1886416	46.4647732
66.2720027	49.6954060
66.3553637	48.1239374
66.4387247	39.8881172
66.5220857	49.0430493
66.6054467	44.3524582
66.6888077	38.8082229
66.7721687	47.8794127
66.8555297	41.1870597
66.9388907	51.5789674
67.0222517	47.9470138
67.1056128	50.8972326
67.1889738	55.0992598
67.2723348	64.5621404
67.3556958	62.4665017
67.4390568	55.3184660
67.5224178	53.5513984
67.6057788	61.7599528
67.6891398	52.7793984
67.7725008	56.0277589
67.8558618	47.9005068
67.9392228	45.0717889
68.0225839	49.9378609
68.1059449	54.7000701
68.1893059	51.3004582
68.2726669	64.7801490
68.3560279	65.2103763
68.4393889	60.4050831
68.5227499	57.5585857
68.6061109	56.9190815
68.6894719	41.7650779
68.7728329	56.1721267
68.8561940	44.2620327
68.9395550	41.5488656
69.0229160	44.7686543
69.1062770	45.8415258
69.1896380	47.2045333
69.2729990	42.2912895
69.3563600	55.9260743
69.4397210	45.3212595
69.5230820	50.7351088
69.6064430	49.7703764
69.6898041	46.7180440
69.7731651	42.6067582
69.8565261	46.5464151
69.9398871	37.5224466
70.0232481	45.0820861
70.1066091	56.9933730
70.1899701	68.7358598
70.2733311	70.2685443
70.3566921	71.6846123
70.4400531	57.6669747
70.5234141	55.3051608
70.6067752	49.3449392
70.6901362	62.0759778
70.7734972	55.0955257
70.8568582	48.8607555
70.9402192	49.9250508
71.0235802	50.1797595
71.1069412	49.8119705
71.1903022	52.7912703
71.2736632	49.5984646
71.3570242	55.4013148
71.4403853	48.8763379
71.5237463	57.9557669
71.6071073	56.6056308
71.6904683	48.5941324
71.7738293	46.4158334
71.8571903	49.3077016
71.9405513	52.2476515
72.0239123	54.8128439
72.1072733	58.5407818
72.1906343	66.7615712
72.2739954	63.4242703
72.3573564	53.1924167
72.4407174	47.8894364
72.5240784	46.3582654
72.6074394	44.7160887
72.6908004	40.9870523
72.7741614	71.4505120
72.8575224	53.3266335
72.9408834	63.8510040
73.0242444	59.0822601
73.1076054	46.2998583
73.1909665	61.6598902
73.2743275	45.1293711
73.3576885	56.9033576
73.4410495	49.4738990
73.5244105	53.2898437
73.6077715	49.5348569
73.6911325	53.6918718
73.7744935	38.5920272
73.8578545	43.8552144
73.9412155	42.0161751
74.0245766	64.6574128
74.1079376	64.4751567
74.1912986	65.6268082
74.2746596	62.2764048
74.3580206	117.8587357
74.4413816	88.2764147
74.5247426	82.3814651
74.6081036	59.8347171
74.6914646	71.4879854
74.7748256	67.8195439
74.8581866	60.7701092
74.9415477	59.6375858
75.0249087	48.5748959
75.1082697	58.2497642
75.1916307	50.6752541
75.2749917	61.1661070
75.3583527	50.7021993
75.4417137	51.3513735
75.5250747	55.9446177
75.6084357	53.3216169
75.6917967	46.8254806
75.7751578	41.2308227
75.8585188	42.7250955
75.9418798	42.3113935
76.0252408	46.3606747
76.1086018	48.6054432
76.1919628	62.0093008
76.2753238	55.9671451
76.3586848	63.4330587
76.4420458	47.4559747
76.5254068	49.0478820
76.6087679	43.1628241
76.6921289	55.9160695
76.7754899	50.9244796
76.8588509	35.9160577
76.9422119	40.5928367
77.0255729	39.9933992
77.1089339	41.0194903
77.1922949	42.6643356
77.2756559	47.0350261
77.3590169	39.0155996
77.4423779	33.9027115
77.5257390	47.1105575
77.6091000	34.8581675
77.6924610	30.5415749
77.7758220	28.8964373
77.8591830	38.3945257
77.9425440	39.6349078
78.0259050	33.3713300
78.1092660	32.6161761
78.1926270	43.7608944
78.2759880	40.8176488
78.3593491	40.4813501
78.4427101	52.7743158
78.5260711	46.3071709
78.6094321	44.1827624
78.6927931	35.7990241
78.7761541	43.2204958
78.8595151	45.5722907
78.9428761	49.2091760
79.0262371	46.4527080
79.1095981	40.4373608
79.1929591	103.4881985
79.2763202	73.8181959
79.3596812	86.8696820
79.4430422	61.7641726
79.5264032	55.9065173
79.6097642	54.3720648
79.6931252	58.3902941
79.7764862	57.0423128
79.8598472	43.1668270
79.9432082	71.3565221
80.0265692	91.8172072
80.1099303	68.9501201
80.1932913	106.4279174
80.2766523	130.0442271
80.3600133	109.2804592
80.4433743	65.4997909
80.5267353	55.5548058
80.6100963	71.7203271
80.6934573	56.8529232
80.7768183	55.9458719
80.8601793	60.2526153
80.9435404	49.0751855
