# time(yr)	T(C)
0.0000000	17.5030823
0.0833610	11.2975464
0.1667220	11.5179138
0.2500830	17.0674133
0.3334440	22.7557678
0.4168050	24.9255066
0.5001661	27.5500793
0.5835271	29.5426331
0.6668881	30.0073853
0.7502491	28.6070557
0.8336101	23.2140503
0.9169711	20.2933655
1.0003321	14.3540955
1.0836931	11.8115540
1.1670541	17.4813843
1.2504151	17.0761108
1.3337762	22.0133362
1.4171372	25.8557739
1.5004982	28.3917542
1.5838592	29.6911926
1.6672202	30.0806885
1.7505812	28.6905518
1.8339422	24.4597778
1.9173032	21.4369507
2.0006642	12.9662476
2.0840252	9.4018860
2.1673863	11.6715393
2.2507473	18.4311829
2.3341083	22.8496094
2.4174693	24.7914124
2.5008303	28.3148804
2.5841913	29.4868469
2.6675523	29.6824036
2.7509133	27.6186829
2.8342743	23.0209351
2.9176353	20.3402710
3.0009963	14.2330322
3.0843574	10.0984497
3.1677184	17.8673096
3.2510794	22.0337524
3.3344404	23.2676086
3.4178014	26.7386169
3.5011624	29.3666382
3.5845234	31.1686401
3.6678844	32.3610535
3.7512454	30.4737854
3.8346064	24.4801025
3.9179675	17.2983093
4.0013285	14.1542664
4.0846895	12.3396606
4.1680505	15.2317505
4.2514115	17.7056885
4.3347725	21.7319641
4.4181335	26.2554016
4.5014945	28.9636841
4.5848555	31.7093811
4.6682165	30.5493469
4.7515775	29.2822876
4.8349386	25.7678223
4.9182996	19.1339722
5.0016606	13.3171997
5.0850216	11.9822998
5.1683826	13.8979492
5.2517436	18.4586487
5.3351046	22.6988220
5.4184656	25.0334167
5.5018266	29.6627197
5.5851876	30.3128967
5.6685487	31.1393433
5.7519097	29.0437927
5.8352707	24.3387146
5.9186317	17.5227966
6.0019927	14.0706177
6.0853537	16.5302429
6.1687147	16.5836792
6.2520757	20.3030090
6.3354367	23.7350159
6.4187977	24.3197937
6.5021588	28.3257751
6.5855198	31.1166992
6.6688808	30.8722839
6.7522418	28.3516235
6.8356028	24.9318848
6.9189638	23.2651978
7.0023248	20.7132874
7.0856858	13.4146729
7.1690468	12.2158508
7.2524078	19.9439087
7.3357688	24.1132812
7.4191299	26.2638855
7.5024909	27.9538574
7.5858519	31.4645996
7.6692129	30.5385437
7.7525739	28.4574280
7.8359349	22.2929077
7.9192959	16.8890991
8.0026569	13.2465210
8.0860179	11.4984741
8.1693789	18.1416931
8.2527400	17.4275208
8.3361010	21.6074829
8.4194620	24.9927979
8.5028230	27.9951477
8.5861840	30.2188110
8.6695450	29.7581787
8.7529060	28.5849915
8.8362670	24.3796387
8.9196280	21.4714661
9.0029890	11.6835938
9.0863500	11.7548523
9.1697111	13.6566467
9.2530721	17.4618835
9.3364331	22.7627563
9.4197941	25.3746338
9.5031551	28.8291931
9.5865161	31.2186279
9.6698771	31.2414551
9.7532381	26.8612976
9.8365991	23.2449036
9.9199601	16.8862305
10.0033212	14.0992432
10.0866822	13.7038269
10.1700432	14.2348022
10.2534042	18.8548279
10.3367652	24.6090698
10.4201262	25.0788269
10.5034872	29.1536865
10.5868482	30.8999939
10.6702092	31.0867615
10.7535702	28.9241638
10.8369313	24.4945374
10.9202923	22.1250305
11.0036533	14.7623596
11.0870143	10.8853455
11.1703753	12.7264404
11.2537363	18.2475586
11.3370973	21.7301636
11.4204583	25.2522888
11.5038193	29.7324219
11.5871803	30.8213196
11.6705413	32.0987244
11.7539024	29.3552246
11.8372634	24.6210022
11.9206244	16.5757751
12.0039854	13.3522034
12.0873464	13.4755249
12.1707074	16.1573181
12.2540684	21.2086487
12.3374294	23.5654297
12.4207904	24.1736755
12.5041514	29.5436096
12.5875125	31.8910217
12.6708735	33.9070129
12.7542345	30.0780640
12.8375955	26.8110962
12.9209565	17.4856262
13.0043175	14.5348816
13.0876785	16.7810059
13.1710395	20.3231201
13.2544005	20.9885559
13.3377615	24.6370239
13.4211226	26.2882385
13.5044836	29.7775574
13.5878446	31.9693909
13.6712056	31.9940186
13.7545666	29.9088135
13.8379276	23.1311340
13.9212886	22.9950562
14.0046496	14.6511536
14.0880106	9.7233276
14.1713716	15.1118469
14.2547326	19.3104248
14.3380937	23.5318604
14.4214547	25.4888000
14.5048157	30.0923157
14.5881767	32.5270691
14.6715377	32.1970215
14.7548987	30.6228943
14.8382597	24.7135620
14.9216207	20.5490723
15.0049817	14.9408264
15.0883427	11.9386597
15.1717038	12.6712341
15.2550648	21.5477295
15.3384258	23.8942566
15.4217868	27.7774658
15.5051478	29.4946289
15.5885088	32.5481873
15.6718698	32.2491760
15.7552308	30.7412415
15.8385918	24.8824158
15.9219528	20.5416565
16.0053138	14.0784302
16.0886749	11.8937378
16.1720359	14.3436584
16.2553969	18.1233215
16.3387579	24.2367249
16.4221189	26.1858521
16.5054799	29.6071472
16.5888409	32.3332520
16.6722019	31.3292542
16.7555629	30.2023010
16.8389239	25.2355042
16.9222850	16.9490967
17.0056460	13.3532104
17.0890070	13.3920898
17.1723680	11.2046509
17.2557290	21.2792969
17.3390900	25.7381592
17.4224510	26.3461609
17.5058120	30.1063232
17.5891730	32.0101624
17.6725340	31.8505859
17.7558951	29.8811340
17.8392561	25.9009705
17.9226171	19.1527710
18.0059781	12.0198669
18.0893391	10.4974365
18.1727001	18.1673279
18.2560611	20.3130798
18.3394221	21.5513306
18.4227831	25.1638794
18.5061441	28.7072449
18.5895051	30.5801392
18.6728662	30.7059937
18.7562272	29.8302612
18.8395882	23.9295654
18.9229492	19.9201355
19.0063102	15.7884521
19.0896712	14.2582397
19.1730322	21.7680664
19.2563932	21.1718140
19.3397542	24.2210388
19.4231152	25.8849487
19.5064763	29.7958069
19.5898373	30.9953613
19.6731983	32.2616577
19.7565593	29.8117981
19.8399203	27.1929321
19.9232813	22.6457520
20.0066423	15.0496521
20.0900033	11.0025330
20.1733643	13.9018555
20.2567253	19.3650818
20.3400864	22.4465637
20.4234474	25.4322815
20.5068084	30.2043762
20.5901694	32.1673279
20.6735304	32.8828430
20.7568914	30.2695007
20.8402524	27.1152649
20.9236134	19.0016174
21.0069744	11.9430237
21.0903354	9.8726807
21.1736964	14.7720642
21.2570575	18.9957275
21.3404185	22.2634277
21.4237795	26.0327759
21.5071405	29.7614136
21.5905015	31.2993469
21.6738625	31.2567139
21.7572235	29.8569641
21.8405845	25.2177429
21.9239455	18.4343567
22.0073065	15.2791748
22.0906676	14.3709106
22.1740286	13.6563110
22.2573896	22.6003418
22.3407506	23.8699341
22.4241116	26.6278381
22.5074726	29.7072144
22.5908336	31.2560120
22.6741946	31.6417542
22.7575556	30.7712097
22.8409166	25.9092712
22.9242776	18.3607788
23.0076387	13.8996277
23.0909997	15.0919189
23.1743607	17.0727234
23.2577217	19.8730774
23.3410827	20.9158020
23.4244437	25.0215149
23.5078047	29.0673523
23.5911657	32.0717468
23.6745267	32.4293213
23.7578877	30.8669128
23.8412488	25.7958984
23.9246098	20.0066833
24.0079708	14.3026733
24.0913318	13.4812012
24.1746928	17.1428223
24.2580538	18.1352234
24.3414148	24.4407959
24.4247758	25.4225159
24.5081368	28.8178711
24.5914978	32.2310791
24.6748589	32.5519409
24.7582199	30.0645142
24.8415809	24.1271057
24.9249419	19.5322266
25.0083029	11.4876404
25.0916639	15.1291504
25.1750249	18.9770508
25.2583859	18.4410400
25.3417469	22.7774658
25.4251079	25.2759705
25.5084689	28.5866089
25.5918300	31.8749390
25.6751910	31.7748718
25.7585520	30.9507446
25.8419130	21.7828064
25.9252740	17.5780334
26.0086350	15.6592407
26.0919960	13.0875854
26.1753570	15.6578369
26.2587180	20.3337708
26.3420790	22.8605042
26.4254401	25.9643250
26.5088011	29.0528259
26.5921621	32.5991211
26.6755231	31.9620361
26.7588841	28.9066162
26.8422451	25.2658081
26.9256061	17.9089355
27.0089671	17.3208618
27.0923281	14.8534241
27.1756891	16.2920227
27.2590501	20.2794495
27.3424112	21.9903259
27.4257722	25.1137085
27.5091332	30.4719238
27.5924942	33.9797974
27.6758552	33.0700989
27.7592162	29.7610474
27.8425772	26.1652222
27.9259382	19.1279602
28.0092992	13.0494690
28.0926602	12.3977356
28.1760213	14.6681824
28.2593823	17.7317200
28.3427433	23.4984436
28.4261043	27.0588074
28.5094653	29.8673401
28.5928263	33.4651184
28.6761873	32.1547241
28.7595483	30.1685181
28.8429093	27.0911865
28.9262703	16.0384216
29.0096314	15.0260925
29.0929924	13.8692932
29.1763534	16.6682434
29.2597144	22.1335754
29.3430754	24.1298523
29.4264364	26.5098877
29.5097974	30.6311035
29.5931584	32.6028442
29.6765194	32.7436523
29.7598804	28.5852051
29.8432414	26.2341614
29.9266025	19.4860535
30.0099635	13.9725342
30.0933245	15.3728943
30.1766855	11.8507690
30.2600465	16.7480469
30.3434075	24.8757019
30.4267685	26.6945496
30.5101295	30.6162720
30.5934905	31.9417114
30.6768515	31.2524109
30.7602126	31.8147888
30.8435736	27.7202759
30.9269346	16.9730835
31.0102956	12.1301575
31.0936566	11.4044495
31.1770176	15.0534058
31.2603786	18.5024109
31.3437396	25.0864563
31.4271006	25.2638245
31.5104616	29.6962280
31.5938227	32.3640137
31.6771837	32.3859558
31.7605447	31.6722717
31.8439057	26.2769775
31.9272667	21.9132996
32.0106277	17.9173584
32.0939887	14.4748535
32.1773497	17.4928589
32.2607107	20.4497070
32.3440717	24.9643250
32.4274327	26.0620117
32.5107938	30.0262146
32.5941548	32.5469666
32.6775158	33.7476501
32.7608768	31.3721008
32.8442378	26.5341187
32.9275988	21.1944580
33.0109598	12.1218567
33.0943208	17.8403931
33.1776818	15.4183960
33.2610428	23.4817810
33.3444039	22.5536194
33.4277649	23.7760925
33.5111259	29.5854492
33.5944869	30.6845703
33.6778479	31.2282410
33.7612089	29.0779114
33.8445699	27.4534607
33.9279309	20.3786621
34.0112919	14.9143066
34.0946529	14.1484985
34.1780139	13.0944519
34.2613750	17.8117371
34.3447360	25.0266113
34.4280970	24.9069824
34.5114580	29.4915161
34.5948190	31.0805359
34.6781800	32.4156799
34.7615410	31.6998596
34.8449020	26.3367920
34.9282630	16.6664734
35.0116240	13.1791687
35.0949851	15.3273010
35.1783461	12.5036621
35.2617071	18.4659424
35.3450681	23.3680420
35.4284291	26.6492920
35.5117901	31.3750610
35.5951511	32.4093628
35.6785121	31.6458435
35.7618731	30.7008057
35.8452341	25.5147095
35.9285952	19.1670227
36.0119562	15.5822144
36.0953172	15.6911926
36.1786782	21.1490784
36.2620392	20.2124939
36.3454002	25.2778931
36.4287612	26.7730103
36.5121222	30.7130432
36.5954832	32.3628235
36.6788442	33.0719910
36.7622052	30.4840393
36.8455663	27.2343445
36.9289273	19.9529419
37.0122883	15.2332764
37.0956493	16.5034790
37.1790103	19.8732605
37.2623713	21.4623718
37.3457323	24.0692444
37.4290933	25.0129700
37.5124543	29.8425903
37.5958153	32.6861572
37.6791764	32.4566650
37.7625374	30.7356873
37.8458984	27.3843384
37.9292594	24.9805298
38.0126204	13.9049683
38.0959814	14.5364685
38.1793424	16.0302429
38.2627034	21.1970215
38.3460644	24.1241150
38.4294254	27.1113586
38.5127864	29.5010376
38.5961475	32.3119507
38.6795085	32.7262268
38.7628695	29.4293823
38.8462305	26.8686523
38.9295915	20.2377930
39.0129525	12.7122498
39.0963135	15.7863770
39.1796745	17.5082397
39.2630355	20.5416260
39.3463965	25.0519104
39.4297576	27.9594727
39.5131186	30.1976318
39.5964796	33.9410706
39.6798406	33.0781860
39.7632016	31.1029358
39.8465626	25.8097229
39.9299236	19.2532349
40.0132846	14.1086121
40.0966456	15.9443970
40.1800066	17.2982178
40.2633677	19.3414307
40.3467287	22.8016968
40.4300897	24.6722717
40.5134507	29.2848206
40.5968117	31.4758301
40.6801727	32.9432373
40.7635337	30.5645752
40.8468947	25.9183044
40.9302557	23.0621948
41.0136167	17.9341125
41.0969777	14.9162292
41.1803388	23.8008728
41.2636998	21.4107361
41.3470608	25.1365967
41.4304218	26.0710449
41.5137828	30.4541016
41.5971438	33.9549561
41.6805048	32.4270325
41.7638658	31.4018555
41.8472268	27.5727539
41.9305878	22.9920654
42.0139489	13.9588013
42.0973099	14.5806274
42.1806709	16.8727417
42.2640319	20.5922241
42.3473929	24.6689758
42.4307539	26.9491882
42.5141149	30.0350342
42.5974759	33.4191589
42.6808369	33.5690613
42.7641979	30.6960449
42.8475590	25.8798218
42.9309200	21.0617371
43.0142810	18.5001831
43.0976420	15.0130615
43.1810030	16.5684814
43.2643640	21.8798218
43.3477250	23.7660217
43.4310860	26.1026001
43.5144470	29.8930969
43.5978080	32.1260986
43.6811690	33.1231384
43.7645301	31.2153320
43.8478911	24.1728516
43.9312521	23.7556763
44.0146131	18.5082092
44.0979741	19.1735840
44.1813351	16.2169495
44.2646961	20.7541199
44.3480571	27.6631775
44.4314181	26.0564880
44.5147791	30.6167908
44.5981402	32.4185486
44.6815012	32.9672241
44.7648622	30.2124023
44.8482232	26.4267883
44.9315842	19.4356689
45.0149452	14.1405945
45.0983062	11.5997620
45.1816672	13.4633179
45.2650282	17.5246887
45.3483892	25.3583984
45.4317502	26.7214355
45.5151113	30.3738403
45.5984723	34.3551331
45.6818333	32.1962280
45.7651943	31.9470215
45.8485553	27.7633972
45.9319163	22.2234497
46.0152773	21.3713379
46.0986383	15.1753540
46.1819993	13.6469727
46.2653603	21.0305786
46.3487214	25.9079895
46.4320824	26.5724792
46.5154434	30.4418640
46.5988044	31.9223938
46.6821654	32.9909973
46.7655264	29.8652649
46.8488874	26.6185303
46.9322484	21.0281067
47.0156094	17.6204529
47.0989704	9.6289673
47.1823315	17.1344299
47.2656925	21.3789062
47.3490535	24.6350098
47.4324145	25.8468628
47.5157755	29.5952454
47.5991365	31.8609009
47.6824975	32.7602844
47.7658585	30.9450378
47.8492195	23.4447632
47.9325805	19.1284180
48.0159415	13.8793640
48.0993026	10.7384338
48.1826636	15.2904968
48.2660246	17.3443298
48.3493856	25.9400330
48.4327466	27.6092224
48.5161076	30.6092224
48.5994686	32.4150391
48.6828296	32.8278198
48.7661906	31.3166199
48.8495516	25.6300354
48.9329127	20.5057068
49.0162737	18.1144409
49.0996347	15.5320129
49.1829957	15.6205750
49.2663567	21.7723999
49.3497177	25.0187378
49.4330787	27.3394470
49.5164397	30.9590759
49.5998007	33.7791748
49.6831617	32.5843811
49.7665227	30.8891602
49.8498838	28.4247437
49.9332448	19.7076721
50.0166058	20.9218750
50.0999668	18.6451111
50.1833278	17.3031616
50.2666888	19.8509521
50.3500498	25.3463745
50.4334108	27.2136230
50.5167718	30.7140808
50.6001328	33.1734009
50.6834939	32.2489014
50.7668549	31.2812195
50.8502159	29.7763367
50.9335769	21.5682678
51.0169379	15.0823364
51.1002989	12.3413086
51.1836599	17.0494995
51.2670209	18.4248352
51.3503819	25.6368408
51.4337429	25.7788086
51.5171040	31.4013672
51.6004650	32.1782837
51.6838260	32.7693787
51.7671870	30.8736877
51.8505480	25.7128601
51.9339090	19.8338318
52.0172700	14.8519287
52.1006310	16.0828247
52.1839920	16.5220032
52.2673530	19.8591614
52.3507140	24.7538757
52.4340751	25.4653320
52.5174361	31.1772461
52.6007971	32.9772034
52.6841581	33.6654358
52.7675191	30.3130188
52.8508801	26.3353882
52.9342411	22.2171326
53.0176021	18.9617004
53.1009631	19.4128113
53.1843241	19.7268982
53.2676852	18.9635010
53.3510462	23.4436646
53.4344072	27.4948425
53.5177682	30.7794495
53.6011292	32.9600830
53.6844902	33.5975342
53.7678512	32.8594055
53.8512122	28.8597107
53.9345732	21.6034241
54.0179342	16.4531555
54.1012953	14.0887146
54.1846563	15.8681946
54.2680173	22.8592834
54.3513783	26.2888794
54.4347393	27.4354858
54.5181003	30.8354492
54.6014613	32.5550842
54.6848223	33.9916687
54.7681833	32.4321899
54.8515443	25.8061829
54.9349053	21.4828796
55.0182664	17.6300964
55.1016274	14.7331848
55.1849884	16.2915039
55.2683494	22.5006409
55.3517104	24.9225159
55.4350714	27.3995056
55.5184324	31.0463867
55.6017934	32.1920776
55.6851544	33.0672913
55.7685154	31.7303467
55.8518765	26.2212219
55.9352375	17.9090881
56.0185985	14.9896545
56.1019595	15.0163879
56.1853205	18.3244934
56.2686815	19.2863159
56.3520425	24.8984375
56.4354035	25.6818237
56.5187645	29.9900208
56.6021255	32.9682312
56.6854865	32.7926941
56.7688476	31.6695251
56.8522086	26.7073669
56.9355696	17.1185303
57.0189306	15.4183960
57.1022916	17.4363098
57.1856526	15.2697144
57.2690136	16.1238708
57.3523746	23.8862000
57.4357356	24.9469604
57.5190966	30.3608398
57.6024577	33.9659424
57.6858187	35.5160217
57.7691797	30.7565918
57.8525407	28.3181152
57.9359017	19.9772644
58.0192627	15.8882751
58.1026237	12.7647400
58.1859847	16.0195923
58.2693457	22.0751343
58.3527067	25.4413147
58.4360678	27.8508301
58.5194288	31.1949158
58.6027898	33.5868530
58.6861508	35.4073181
58.7695118	30.9781189
58.8528728	28.9724426
58.9362338	22.5988159
59.0195948	17.5784302
59.1029558	17.4314270
59.1863168	19.8113708
59.2696778	18.8175659
59.3530389	25.1899719
59.4363999	28.5406189
59.5197609	33.7083740
59.6031219	31.9094543
59.6864829	33.2767029
59.7698439	31.7258606
59.8532049	25.6084290
59.9365659	20.0549927
60.0199269	15.4699097
60.1032879	15.0835266
60.1866490	17.2604065
60.2700100	19.2314148
60.3533710	24.0965576
60.4367320	27.6651917
60.5200930	31.2123718
60.6034540	33.4031982
60.6868150	34.8963318
60.7701760	31.3508301
60.8535370	27.0098267
60.9368980	18.7138977
61.0202591	16.7802429
61.1036201	15.6217346
61.1869811	18.3678284
61.2703421	19.9881287
61.3537031	25.3533936
61.4370641	26.9306030
61.5204251	32.5936584
61.6037861	32.4959412
61.6871471	32.8418579
61.7705081	31.6900330
61.8538691	26.4394836
61.9372302	20.2301941
62.0205912	13.0351868
62.1039522	15.9254761
62.1873132	16.9256287
62.2706742	21.2966003
62.3540352	24.1815186
62.4373962	27.4632874
62.5207572	30.7282715
62.6041182	32.8587341
62.6874792	32.0459290
62.7708403	31.9258728
62.8542013	24.0629883
62.9375623	23.2173157
63.0209233	18.1659546
63.1042843	13.0024414
63.1876453	18.2684326
63.2710063	26.6631165
63.3543673	25.9339600
63.4377283	28.0113220
63.5210893	32.5230713
63.6044503	34.3942261
63.6878114	34.1601257
63.7711724	32.1335754
63.8545334	25.4683838
63.9378944	19.8951111
64.0212554	15.8743896
64.1046164	14.6904907
64.1879774	14.3553467
64.2713384	18.9367065
64.3546994	24.8790283
64.4380604	28.4220886
64.5214215	30.8238220
64.6047825	33.7069702
64.6881435	35.5821228
64.7715045	30.9521790
64.8548655	26.9042664
64.9382265	23.4150391
65.0215875	17.4754944
65.1049485	18.1350708
65.1883095	17.8197327
65.2716705	21.1778564
65.3550316	24.7606812
65.4383926	27.4806213
65.5217536	31.4755859
65.6051146	35.2347412
65.6884756	34.0049438
65.7718366	32.5724487
65.8551976	27.7644653
65.9385586	23.0361938
66.0219196	15.8692932
66.1052806	13.0051575
66.1886416	14.6606140
66.2720027	17.3895264
66.3553637	23.5048523
66.4387247	27.1563416
66.5220857	31.2648315
66.6054467	33.8262939
66.6888077	34.7558899
66.7721687	31.7989807
66.8555297	28.5563660
66.9388907	22.6336670
67.0222517	14.8836975
67.1056128	13.2338562
67.1889738	17.4289551
67.2723348	20.1244812
67.3556958	24.5810242
67.4390568	28.2269592
67.5224178	32.2029114
67.6057788	32.9425354
67.6891398	34.5625610
67.7725008	29.8789978
67.8558618	26.7533569
67.9392228	17.9384155
68.0225839	17.0796509
68.1059449	12.7172546
68.1893059	19.5141296
68.2726669	23.1171265
68.3560279	24.7710571
68.4393889	26.8891907
68.5227499	31.2319946
68.6061109	33.5405273
68.6894719	35.7040100
68.7728329	31.6066284
68.8561940	28.6434326
68.9395550	20.5031433
69.0229160	17.7774658
69.1062770	15.7227478
69.1896380	16.4558716
69.2729990	25.7395325
69.3563600	25.8531799
69.4397210	27.7237549
69.5230820	31.5751343
69.6064430	34.2041626
69.6898041	34.2496338
69.7731651	32.5021973
69.8565261	27.3892212
69.9398871	19.7606201
70.0232481	14.3504639
70.1066091	16.5820618
70.1899701	18.7807617
70.2733311	22.9724731
70.3566921	26.2805481
70.4400531	27.7554321
70.5234141	32.9781189
70.6067752	35.4107971
70.6901362	33.8256836
70.7734972	32.3494873
70.8568582	29.0304260
70.9402192	20.0000610
71.0235802	17.0017090
71.1069412	14.4386902
71.1903022	18.4348450
71.2736632	21.0640564
71.3570242	25.4894409
71.4403853	27.8565063
71.5237463	31.3238525
71.6071073	33.0402222
71.6904683	34.5514832
71.7738293	33.0637817
71.8571903	27.4875183
71.9405513	23.3788452
72.0239123	16.8539734
72.1072733	11.1191101
72.1906343	19.2988892
72.2739954	17.7482605
72.3573564	25.3773804
72.4407174	28.6782837
72.5240784	33.5434265
72.6074394	34.9085083
72.6908004	35.5997925
72.7741614	30.9774475
72.8575224	27.2806396
72.9408834	24.5718384
73.0242444	16.9455872
73.1076054	11.4861145
73.1909665	17.3039246
73.2743275	20.1777039
73.3576885	25.9605713
73.4410495	28.9062500
73.5244105	31.4800110
73.6077715	33.1886902
73.6911325	33.2147217
73.7744935	32.9774170
73.8578545	27.8773193
73.9412155	20.0903015
74.0245766	18.4402466
74.1079376	17.0785217
74.1912986	15.6729736
74.2746596	19.3104553
74.3580206	24.5143127
74.4413816	27.0425720
74.5247426	31.1675720
74.6081036	35.3800354
74.6914646	34.4076538
74.7748256	32.1674194
74.8581866	29.6543274
74.9415477	22.9614563
75.0249087	17.0935059
75.1082697	14.4668274
75.1916307	16.2397766
75.2749917	22.6018677
75.3583527	25.3370361
75.4417137	28.6746826
75.5250747	30.9859009
75.6084357	33.8507385
75.6917967	35.6809082
75.7751578	34.4760132
75.8585188	31.1719971
75.9418798	22.4018555
76.0252408	17.6569214
76.1086018	11.9282227
76.1919628	15.7141724
76.2753238	20.8888550
76.3586848	27.5641785
76.4420458	28.9702454
76.5254068	33.3846436
76.6087679	36.8410950
76.6921289	33.8784180
76.7754899	33.1930847
76.8588509	28.3919983
76.9422119	25.5358887
77.0255729	16.5807190
77.1089339	16.1984253
77.1922949	14.3825378
77.2756559	23.7531738
77.3590169	26.0459595
77.4423779	28.7691040
77.5257390	32.0243530
77.6091000	36.1435852
77.6924610	37.5479431
77.7758220	35.5581665
77.8591830	27.0325012
77.9425440	19.3038635
78.0259050	15.9067993
78.1092660	14.1959534
78.1926270	19.1690063
78.2759880	18.3947754
78.3593491	25.9289856
78.4427101	27.6479187
78.5260711	31.0435181
78.6094321	34.6269226
78.6927931	36.0753479
78.7761541	33.0524597
78.8595151	29.2210083
78.9428761	20.3231812
79.0262371	17.2781372
79.1095981	19.4533997
79.1929591	19.6846313
79.2763202	21.8598328
79.3596812	24.7012329
79.4430422	28.6596069
79.5264032	33.6328430
79.6097642	35.5873108
79.6931252	33.6888733
79.7764862	31.7062683
79.8598472	27.4199829
79.9432082	21.1567383
80.0265692	17.5140381
80.1099303	16.3079224
80.1932913	14.3117065
80.2766523	17.5022278
80.3600133	24.5392151
80.4433743	29.6918335
80.5267353	34.0461426
80.6100963	34.4114075
80.6934573	35.1879578
80.7768183	32.4149780
80.8601793	26.5566711
80.9435404	23.4734497
