# time(yr)	moisture(mm/m)
0.0000000	310.3615417
0.0833610	322.9525452
0.1667220	319.8632202
0.2500830	300.6660156
0.3334440	281.0041199
0.4168050	297.1475220
0.5001661	283.3806763
0.5835271	311.3576965
0.6668881	323.4583435
0.7502491	279.2612305
0.8336101	325.8504639
0.9169711	317.6205750
1.0003321	319.6033020
1.0836931	315.1848755
1.1670541	301.5875244
1.2504151	300.3858337
1.3337762	258.8551025
1.4171372	261.5301514
1.5004982	249.0127411
1.5838592	312.1444092
1.6672202	312.3442383
1.7505812	301.8385925
1.8339422	336.7165527
1.9173032	324.0952759
2.0006642	330.5421753
2.0840252	335.6535950
2.1673863	336.2033081
2.2507473	326.1527405
2.3341083	313.3587952
2.4174693	264.1008301
2.5008303	265.2907410
2.5841913	289.8851624
2.6675523	299.9981995
2.7509133	291.7093201
2.8342743	306.3236694
2.9176353	303.6359863
3.0009963	310.1647339
3.0843574	309.9999084
3.1677184	313.6598511
3.2510794	287.7174072
3.3344404	237.7258759
3.4178014	197.9140930
3.5011624	187.6912537
3.5845234	216.4078979
3.6678844	185.6629181
3.7512454	212.2509766
3.8346064	301.6241760
3.9179675	307.3834534
4.0013285	322.4369507
4.0846895	315.3423462
4.1680505	300.2247314
4.2514115	307.9660339
4.3347725	282.6653442
4.4181335	227.1220703
4.5014945	195.4273834
4.5848555	188.5589600
4.6682165	218.6432343
4.7515775	254.8576355
4.8349386	291.4686890
4.9182996	260.7562256
5.0016606	300.5113831
5.0850216	337.5114136
5.1683826	328.3704529
5.2517436	327.9273071
5.3351046	313.8741150
5.4184656	271.8783264
5.5018266	230.7521667
5.5851876	286.1956177
5.6685487	271.8748169
5.7519097	257.4641113
5.8352707	274.6290894
5.9186317	322.6632996
6.0019927	314.2879028
6.0853537	312.4389343
6.1687147	313.8520813
6.2520757	299.5470276
6.3354367	272.1010132
6.4187977	220.9281921
6.5021588	237.9082031
6.5855198	244.4295502
6.6688808	240.2203827
6.7522418	276.0669861
6.8356028	271.8197327
6.9189638	270.1734619
7.0023248	267.8676453
7.0856858	295.8542480
7.1690468	306.4235535
7.2524078	316.6801147
7.3357688	288.8672791
7.4191299	243.6619568
7.5024909	252.7052460
7.5858519	255.9031525
7.6692129	238.4519348
7.7525739	304.5468140
7.8359349	297.0750732
7.9192959	313.5368958
8.0026569	313.2467346
8.0860179	329.5695801
8.1693789	311.7041626
8.2527400	311.6822510
8.3361010	335.4363708
8.4194620	275.1603088
8.5028230	282.4465027
8.5861840	297.9958801
8.6695450	314.8921814
8.7529060	318.1206970
8.8362670	321.7104187
8.9196280	332.4321594
9.0029890	328.8621521
9.0863500	327.8500671
9.1697111	342.3391418
9.2530721	334.2901306
9.3364331	362.1613159
9.4197941	326.9536133
9.5031551	311.3669739
9.5865161	300.5861816
9.6698771	295.4120178
9.7532381	338.8813782
9.8365991	434.6713867
9.9199601	351.6742859
10.0033212	334.1509399
10.0866822	342.0845337
10.1700432	332.5105591
10.2534042	326.1287231
10.3367652	309.6062927
10.4201262	259.7162170
10.5034872	280.3610229
10.5868482	298.5222778
10.6702092	287.2619934
10.7535702	328.1497498
10.8369313	306.6374512
10.9202923	300.9500427
11.0036533	306.2048950
11.0870143	313.1365662
11.1703753	312.2467346
11.2537363	312.0263672
11.3370973	297.5274353
11.4204583	296.7805786
11.5038193	274.3782043
11.5871803	239.8697510
11.6705413	245.6038208
11.7539024	265.1419373
11.8372634	270.1995239
11.9206244	247.8032990
12.0039854	306.7233276
12.0873464	316.2292175
12.1707074	307.4856567
12.2540684	304.8560181
12.3374294	278.5485535
12.4207904	225.2332153
12.5041514	198.6167755
12.5875125	216.6501465
12.6708735	209.2511139
12.7542345	223.5556641
12.8375955	236.9034729
12.9209565	229.4057007
13.0043175	235.6474762
13.0876785	235.5056458
13.1710395	266.8864441
13.2544005	254.9768066
13.3377615	243.4570618
13.4211226	187.3603363
13.5044836	208.8372803
13.5878446	226.7369843
13.6712056	209.9643555
13.7545666	222.6194611
13.8379276	261.1766663
13.9212886	255.9130859
14.0046496	326.4853210
14.0880106	339.7926025
14.1713716	336.1976013
14.2547326	320.5592651
14.3380937	309.9856262
14.4214547	298.8391113
14.5048157	266.1364136
14.5881767	260.6479187
14.6715377	264.8638000
14.7548987	285.8608093
14.8382597	290.1561584
14.9216207	305.8480530
15.0049817	330.5465698
15.0883427	324.3592529
15.1717038	311.4493103
15.2550648	291.4490356
15.3384258	277.7076721
15.4217868	258.1261597
15.5051478	257.2813110
15.5885088	264.7157288
15.6718698	270.5436707
15.7552308	307.6839294
15.8385918	308.0486145
15.9219528	327.3076477
16.0053138	335.0609741
16.0886749	330.0453491
16.1720359	326.0884399
16.2553969	310.0865784
16.3387579	294.4862976
16.4221189	301.1679077
16.5054799	279.3579712
16.5888409	262.7743225
16.6722019	296.3007812
16.7555629	288.9073792
16.8389239	283.8269958
16.9222850	289.4768372
17.0056460	313.4767151
17.0890070	329.0904541
17.1723680	321.0386963
17.2557290	335.1992798
17.3390900	276.2408447
17.4224510	304.3769836
17.5058120	283.7557678
17.5891730	294.4917297
17.6725340	305.6089783
17.7558951	309.3124084
17.8392561	317.3714294
17.9226171	287.9181824
18.0059781	288.8239746
18.0893391	303.2435303
18.1727001	307.3624573
18.2560611	299.2514343
18.3394221	275.7376404
18.4227831	267.0509644
18.5061441	260.2829285
18.5895051	325.2900085
18.6728662	333.1405334
18.7562272	318.9073792
18.8395882	323.5963135
18.9229492	300.8534546
19.0063102	314.1698608
19.0896712	319.9757080
19.1730322	297.9508362
19.2563932	279.5776062
19.3397542	265.0254517
19.4231152	232.2262573
19.5064763	268.7787170
19.5898373	253.9287567
19.6731983	256.5183411
19.7565593	277.5458679
19.8399203	283.2738342
19.9232813	278.7028809
20.0066423	301.2931213
20.0900033	308.8968201
20.1733643	313.4058228
20.2567253	321.1337280
20.3400864	291.1486206
20.4234474	320.0908203
20.5068084	286.0879517
20.5901694	300.2433167
20.6735304	278.4774170
20.7568914	296.7323914
20.8402524	289.9696960
20.9236134	305.2394714
21.0069744	323.7431946
21.0903354	329.4873352
21.1736964	312.7303162
21.2570575	323.3848267
21.3404185	298.3818665
21.4237795	295.6886597
21.5071405	266.0682373
21.5905015	274.6669312
21.6738625	313.0920105
21.7572235	312.1892395
21.8405845	286.5937500
21.9239455	281.9948425
22.0073065	286.6008301
22.0906676	324.4755249
22.1740286	308.0788269
22.2573896	289.1406250
22.3407506	249.2272186
22.4241116	207.2221222
22.5074726	202.4741211
22.5908336	220.1081848
22.6741946	242.9232941
22.7575556	238.6606140
22.8409166	247.4117126
22.9242776	235.1191559
23.0076387	287.3265381
23.0909997	321.7885742
23.1743607	325.9307861
23.2577217	315.6937256
23.3410827	291.5483704
23.4244437	255.5535431
23.5078047	233.5243835
23.5911657	267.7432861
23.6745267	241.8049316
23.7578877	263.5505066
23.8412488	311.6294861
23.9246098	316.7612610
24.0079708	332.0910339
24.0913318	343.5979004
24.1746928	337.1534119
24.2580538	331.8324890
24.3414148	300.7283630
24.4247758	246.7058868
24.5081368	260.5124207
24.5914978	294.7634888
24.6748589	260.5782166
24.7582199	308.8333130
24.8415809	318.7355652
24.9249419	307.5170898
25.0083029	321.1321411
25.0916639	314.3931274
25.1750249	316.2962341
25.2583859	324.8818359
25.3417469	315.8966675
25.4251079	282.2552795
25.5084689	281.0823669
25.5918300	283.3388367
25.6751910	296.6102295
25.7585520	280.0821838
25.8419130	305.6942139
25.9252740	315.5278931
26.0086350	338.2226562
26.0919960	338.4536743
26.1753570	339.4000549
26.2587180	328.4371948
26.3420790	297.8256226
26.4254401	255.5139008
26.5088011	241.3198242
26.5921621	294.8885193
26.6755231	280.5554504
26.7588841	314.9586792
26.8422451	314.5925598
26.9256061	311.8482361
27.0089671	319.3363037
27.0923281	318.6790771
27.1756891	321.6369934
27.2590501	303.7185364
27.3424112	324.5033569
27.4257722	264.1213989
27.5091332	214.7149200
27.5924942	215.0018311
27.6758552	214.5454712
27.7592162	239.6083984
27.8425772	290.1408386
27.9259382	323.1929321
28.0092992	329.7351685
28.0926602	324.7645874
28.1760213	311.6385193
28.2593823	326.3456116
28.3427433	315.5632019
28.4261043	250.1704102
28.5094653	246.7049866
28.5928263	240.6593018
28.6761873	248.0182190
28.7595483	294.0616760
28.8429093	317.9167786
28.9262703	294.8128967
29.0096314	312.1948853
29.0929924	323.9081421
29.1763534	312.8139648
29.2597144	303.1115112
29.3430754	299.4392395
29.4264364	250.8314514
29.5097974	229.8551788
29.5931584	233.0870514
29.6765194	236.5025482
29.7598804	298.2041931
29.8432414	309.9209595
29.9266025	308.6170349
30.0099635	326.2978821
30.0933245	321.7654114
30.1766855	325.9141541
30.2600465	336.0698853
30.3434075	309.7735901
30.4267685	249.1315002
30.5101295	263.7180786
30.5934905	294.5978394
30.6768515	313.6613464
30.7602126	307.0210571
30.8435736	317.6833496
30.9269346	314.4654236
31.0102956	320.3100891
31.0936566	319.8607788
31.1770176	333.7362366
31.2603786	322.1012268
31.3437396	318.7697449
31.4271006	294.6174316
31.5104616	259.5073547
31.5938227	278.5239563
31.6771837	259.2513428
31.7605447	265.7680359
31.8439057	272.7596130
31.9272667	288.2438354
32.0106277	312.6694641
32.0939887	325.5273743
32.1773497	316.2019958
32.2607107	303.3265076
32.3440717	284.5473022
32.4274327	273.1300964
32.5107938	245.2571869
32.5941548	264.7691956
32.6775158	238.5363464
32.7608768	244.9132538
32.8442378	229.3648071
32.9275988	241.4856720
33.0109598	290.7417908
33.0943208	315.3677673
33.1776818	330.1762390
33.2610428	303.8009338
33.3444039	277.0227661
33.4277649	235.7515106
33.5111259	198.4851227
33.5944869	286.4596558
33.6778479	288.2793884
33.7612089	319.2543945
33.8445699	301.7230530
33.9279309	295.9925537
34.0112919	317.0743408
34.0946529	328.9923096
34.1780139	328.6994629
34.2613750	330.3258667
34.3447360	310.7909851
34.4280970	306.3211060
34.5114580	304.8029785
34.5948190	308.3425903
34.6781800	316.5335999
34.7615410	288.2071228
34.8449020	289.5221252
34.9282630	309.4306946
35.0116240	330.4256287
35.0949851	338.4813538
35.1783461	329.6086426
35.2617071	339.0302734
35.3450681	317.7988586
35.4284291	266.7091980
35.5117901	231.9472198
35.5951511	239.7368622
35.6785121	281.1119385
35.7618731	264.5055237
35.8452341	304.0965576
35.9285952	299.3386536
36.0119562	311.7651978
36.0953172	330.9314880
36.1786782	316.5634155
36.2620392	297.3075867
36.3454002	241.6013641
36.4287612	206.9527283
36.5121222	216.5399933
36.5954832	266.4777527
36.6788442	259.6586609
36.7622052	261.1664124
36.8455663	282.7403564
36.9289273	304.5036011
37.0122883	301.4414062
37.0956493	312.6903992
37.1790103	282.3166809
37.2623713	264.6832275
37.3457323	285.1282959
37.4290933	251.3510590
37.5124543	255.2256622
37.5958153	240.9162903
37.6791764	253.8251648
37.7625374	266.2430725
37.8458984	278.4323730
37.9292594	303.8709106
38.0126204	307.7247925
38.0959814	331.5418396
38.1793424	322.5280762
38.2627034	312.9509277
38.3460644	323.7108154
38.4294254	269.5663147
38.5127864	279.3482971
38.5961475	293.7108154
38.6795085	294.4077454
38.7628695	323.6649780
38.8462305	311.8052979
38.9295915	317.2716980
39.0129525	332.6396484
39.0963135	338.6734619
39.1796745	320.5296936
39.2630355	321.2327881
39.3463965	321.3824768
39.4297576	248.0942230
39.5131186	223.6194763
39.5964796	223.6470490
39.6798406	294.3008728
39.7632016	254.2029877
39.8465626	309.1349792
39.9299236	316.7048645
40.0132846	328.2032166
40.0966456	332.3303528
40.1800066	322.7899780
40.2633677	331.6492615
40.3467287	306.9095459
40.4300897	269.9132996
40.5134507	249.2272034
40.5968117	303.1642761
40.6801727	281.8335571
40.7635337	285.5242920
40.8468947	295.5469055
40.9302557	300.2557373
41.0136167	327.3266296
41.0969777	333.3241882
41.1803388	312.7333679
41.2636998	322.7626038
41.3470608	292.9708862
41.4304218	252.7939606
41.5137828	239.5164642
41.5971438	220.6069336
41.6805048	273.1591492
41.7638658	259.6296692
41.8472268	320.9266968
41.9305878	314.4578247
42.0139489	307.8364258
42.0973099	321.5810852
42.1806709	329.2508240
42.2640319	298.3470459
42.3473929	300.2472229
42.4307539	232.8167419
42.5141149	250.8413239
42.5974759	271.4245300
42.6808369	247.6353912
42.7641979	241.0440826
42.8475590	261.3974915
42.9309200	290.4118652
43.0142810	294.2660522
43.0976420	301.9923096
43.1810030	313.9529724
43.2643640	299.8635254
43.3477250	308.9847412
43.4310860	318.5794373
43.5144470	294.2584839
43.5978080	297.2404175
43.6811690	316.1577454
43.7645301	308.9966125
43.8478911	281.2681885
43.9312521	276.8366699
44.0146131	318.0244141
44.0979741	307.8176575
44.1813351	315.1930542
44.2646961	317.4910889
44.3480571	284.4787598
44.4314181	253.9785461
44.5147791	243.9414825
44.5981402	262.1246643
44.6815012	286.8601685
44.7648622	311.4184570
44.8482232	311.1174316
44.9315842	327.4061890
45.0149452	324.4752502
45.0983062	321.0117493
45.1816672	330.5541687
45.2650282	329.3358459
45.3483892	302.1996155
45.4317502	286.5472717
45.5151113	266.0276184
45.5984723	227.4687958
45.6818333	244.3138580
45.7651943	241.9850006
45.8485553	219.0332184
45.9319163	234.2305908
46.0152773	272.5469666
46.0986383	312.1494446
46.1819993	321.7555542
46.2653603	323.2076416
46.3487214	265.8881226
46.4320824	275.0190430
46.5154434	301.2327881
46.5988044	309.0173645
46.6821654	294.1949158
46.7655264	308.1880188
46.8488874	315.6432190
46.9322484	302.6152039
47.0156094	319.7114258
47.0989704	315.1452026
47.1823315	316.4639587
47.2656925	313.6367798
47.3490535	324.6517639
47.4324145	294.0228577
47.5157755	275.4124756
47.5991365	305.1735840
47.6824975	314.1456909
47.7658585	312.2270508
47.8492195	311.5124512
47.9325805	313.9618225
48.0159415	333.4931335
48.0993026	313.9350586
48.1826636	317.8637695
48.2660246	318.5048218
48.3493856	311.0068359
48.4327466	282.2410889
48.5161076	269.3814697
48.5994686	291.7001648
48.6828296	298.8417664
48.7661906	302.8471069
48.8495516	275.7919006
48.9329127	302.5252075
49.0162737	311.8509521
49.0996347	324.9054260
49.1829957	312.0398560
49.2663567	305.6772156
49.3497177	316.6796265
49.4330787	283.9634705
49.5164397	263.6336060
49.5998007	263.8217773
49.6831617	281.4184875
49.7665227	309.3666382
49.8498838	313.5807495
49.9332448	303.9317932
50.0166058	320.6761169
50.0999668	328.8758545
50.1833278	336.6990051
50.2666888	327.9315491
50.3500498	322.1094666
50.4334108	283.8066711
50.5167718	290.6197205
50.6001328	292.5693359
50.6834939	307.8836060
50.7668549	316.5778198
50.8502159	293.2185669
50.9335769	305.9064026
51.0169379	306.2355957
51.1002989	300.9156799
51.1836599	323.0979919
51.2670209	328.3106689
51.3503819	318.6818848
51.4337429	291.9640808
51.5171040	283.2706604
51.6004650	311.3015747
51.6838260	302.5383606
51.7671870	326.1550293
51.8505480	301.3687134
51.9339090	316.7592773
52.0172700	325.2109070
52.1006310	331.2895203
52.1839920	330.6662903
52.2673530	319.6540222
52.3507140	307.8828125
52.4340751	281.8277893
52.5174361	290.6750793
52.6007971	260.1411438
52.6841581	269.0194397
52.7675191	321.4583435
52.8508801	305.8946533
52.9342411	306.9388428
53.0176021	306.8313293
53.1009631	303.2875366
53.1843241	295.6244812
53.2676852	314.3946228
53.3510462	299.9596558
53.4344072	237.9743958
53.5177682	217.0884399
53.6011292	283.2584839
53.6844902	261.3654175
53.7678512	225.2308655
53.8512122	280.1838379
53.9345732	311.0800171
54.0179342	303.3094482
54.1012953	313.2805481
54.1846563	316.6217957
54.2680173	328.7384644
54.3513783	333.6149597
54.4347393	304.1273804
54.5181003	297.3626709
54.6014613	308.1882935
54.6848223	290.7809448
54.7681833	264.3562317
54.8515443	274.8468018
54.9349053	254.8603058
55.0182664	273.6518250
55.1016274	314.5594788
55.1849884	311.0480347
55.2683494	300.3187561
55.3517104	266.3952942
55.4350714	236.4920197
55.5184324	302.1594238
55.6017934	316.3213196
55.6851544	314.8658752
55.7685154	270.8253174
55.8518765	279.8815308
55.9352375	315.5636292
56.0185985	310.6897278
56.1019595	322.8493958
56.1853205	321.3782043
56.2686815	318.0911865
56.3520425	276.7846680
56.4354035	229.0978241
56.5187645	258.0240173
56.6021255	274.0567322
56.6854865	267.1264343
56.7688476	259.9196777
56.8522086	269.4955750
56.9355696	280.0208740
57.0189306	329.3038330
57.1022916	325.8287354
57.1856526	312.4775391
57.2690136	324.4522400
57.3523746	314.4677429
57.4357356	309.6202393
57.5190966	304.0468445
57.6024577	275.5924683
57.6858187	255.6911163
57.7691797	253.6138306
57.8525407	276.7157288
57.9359017	320.7328491
58.0192627	326.1254578
58.1026237	306.2927856
58.1859847	307.6229248
58.2693457	322.1204529
58.3527067	312.1485596
58.4360678	284.2696228
58.5194288	281.7416992
58.6027898	293.7633667
58.6861508	268.8656006
58.7695118	300.5016785
58.8528728	307.3903198
58.9362338	325.7882385
59.0195948	325.0344543
59.1029558	327.1753235
59.1863168	330.4518433
59.2696778	318.9981384
59.3530389	298.5148926
59.4363999	279.5765076
59.5197609	205.1233826
59.6031219	260.2226562
59.6864829	300.3970032
59.7698439	305.5633545
59.8532049	311.6824341
59.9365659	313.2314758
60.0199269	331.3666382
60.1032879	308.3122559
60.1866490	319.3435364
60.2700100	307.9773865
60.3533710	291.1044922
60.4367320	279.6281128
60.5200930	247.5274658
60.6034540	277.7237549
60.6868150	249.8134613
60.7701760	282.8425903
60.8535370	309.0913086
60.9368980	300.7305298
61.0202591	329.9599304
61.1036201	333.0350037
61.1869811	322.2927856
61.2703421	304.2178650
61.3537031	293.7348938
61.4370641	245.4858704
61.5204251	206.8882446
61.6037861	265.9808044
61.6871471	294.4510193
61.7705081	321.4981079
61.8538691	301.4993896
61.9372302	331.4335327
62.0205912	334.2075195
62.1039522	330.0179443
62.1873132	309.8828125
62.2706742	301.4377136
62.3540352	285.0993652
62.4373962	270.3426819
62.5207572	250.9137421
62.6041182	287.2623901
62.6874792	325.3215942
62.7708403	311.9687195
62.8542013	271.1264343
62.9375623	264.3301697
63.0209233	311.6518860
63.1042843	323.7274475
63.1876453	308.0646362
63.2710063	289.4912109
63.3543673	271.6914368
63.4377283	271.3569336
63.5210893	256.6672363
63.6044503	251.9114838
63.6878114	253.1220093
63.7711724	263.5070801
63.8545334	295.3915710
63.9378944	310.5362549
64.0212554	321.9336243
64.1046164	320.9903259
64.1879774	313.9124146
64.2713384	328.2354431
64.3546994	297.5645752
64.4380604	210.2942352
64.5214215	260.3910217
64.6047825	276.4412842
64.6881435	240.4564819
64.7715045	281.1050110
64.8548655	296.7627563
64.9382265	289.9761047
65.0215875	319.5511780
65.1049485	315.0550842
65.1883095	300.6354065
65.2716705	306.7706909
65.3550316	284.1334229
65.4383926	219.9217987
65.5217536	234.5307312
65.6051146	210.7033234
65.6884756	234.7503662
65.7718366	243.2861938
65.8551976	333.4225464
65.9385586	299.9922485
66.0219196	330.1483154
66.1052806	324.3759766
66.1886416	329.9173584
66.2720027	314.3215332
66.3553637	308.2856750
66.4387247	262.2121887
66.5220857	264.4598694
66.6054467	278.7384949
66.6888077	268.5454102
66.7721687	303.8007812
66.8555297	307.7557068
66.9388907	327.6639709
67.0222517	325.6884460
67.1056128	328.5900269
67.1889738	319.9734497
67.2723348	328.5818176
67.3556958	311.7870178
67.4390568	289.2032166
67.5224178	290.0292358
67.6057788	309.2477722
67.6891398	295.4868774
67.7725008	294.8629150
67.8558618	292.6344604
67.9392228	302.1890564
68.0225839	321.4088440
68.1059449	324.5318298
68.1893059	324.9376526
68.2726669	323.8375244
68.3560279	322.1120300
68.4393889	288.1618652
68.5227499	288.5008545
68.6061109	304.0793457
68.6894719	258.1658325
68.7728329	287.4826050
68.8561940	295.7684021
68.9395550	286.7148132
69.0229160	319.4577637
69.1062770	312.8099365
69.1896380	326.6847534
69.2729990	311.2142334
69.3563600	322.7250671
69.4397210	273.2028503
69.5230820	255.3406982
69.6064430	278.9040527
69.6898041	306.4954224
69.7731651	303.5111084
69.8565261	309.6118469
69.9398871	304.1445312
70.0232481	324.8184814
70.1066091	333.5588074
70.1899701	330.9226074
70.2733311	330.2791443
70.3566921	310.3880310
70.4400531	264.4584961
70.5234141	268.1690979
70.6067752	254.8232117
70.6901362	285.8648071
70.7734972	314.1526489
70.8568582	302.0633545
70.9402192	316.2643738
71.0235802	318.5294189
71.1069412	319.3372803
71.1903022	322.1373596
71.2736632	308.1229858
71.3570242	297.8013000
71.4403853	296.7331543
71.5237463	303.0346375
71.6071073	314.8640442
71.6904683	296.2871094
71.7738293	296.5119934
71.8571903	287.2491150
71.9405513	323.6023865
72.0239123	332.8749084
72.1072733	324.3858337
72.1906343	321.9542542
72.2739954	320.3585510
72.3573564	286.6925049
72.4407174	224.6670532
72.5240784	195.4189911
72.6074394	211.5362396
72.6908004	203.2900696
72.7741614	309.6253967
72.8575224	332.0936584
72.9408834	333.7641602
73.0242444	319.4697266
73.1076054	311.1588745
73.1909665	319.9034729
73.2743275	298.2576904
73.3576885	305.8496094
73.4410495	270.6781921
73.5244105	293.8243408
73.6077715	301.2206116
73.6911325	304.9698486
73.7744935	272.2200928
73.8578545	275.4437561
73.9412155	304.4851379
74.0245766	340.3734436
74.1079376	331.2557068
74.1912986	323.5559082
74.2746596	311.6838379
74.3580206	327.4765320
74.4413816	318.6358032
74.5247426	322.8573914
74.6081036	272.6371460
74.6914646	297.0028076
74.7748256	309.9050598
74.8581866	310.7870178
74.9415477	310.6116638
75.0249087	304.7428284
75.1082697	320.3488464
75.1916307	308.3551331
75.2749917	318.0624390
75.3583527	288.5043640
75.4417137	262.7317200
75.5250747	301.2311707
75.6084357	307.2946777
75.6917967	288.4739990
75.7751578	272.4094849
75.8585188	262.2537537
75.9418798	306.7998962
76.0252408	318.1933289
76.1086018	334.0718384
76.1919628	327.4282837
76.2753238	312.2285767
76.3586848	320.7590027
76.4420458	260.5973206
76.5254068	249.6078186
76.6087679	230.2806244
76.6921289	271.9047852
76.7754899	297.1247253
76.8588509	273.8700256
76.9422119	284.1749268
77.0255729	297.9058838
77.1089339	310.0127869
77.1922949	323.6687622
77.2756559	307.6885071
77.3590169	301.4980164
77.4423779	249.5635529
77.5257390	283.2735291
77.6091000	242.8247681
77.6924610	218.5769806
77.7758220	198.9139252
77.8591830	271.1769104
77.9425440	315.5359497
78.0259050	325.7685547
78.1092660	320.7861633
78.1926270	332.7367249
78.2759880	323.9990234
78.3593491	301.9670105
78.4427101	279.8166809
78.5260711	314.6220398
78.6094321	305.2462769
78.6927931	251.8805847
78.7761541	272.3058472
78.8595151	311.4341431
78.9428761	319.4743042
79.0262371	319.4194031
79.1095981	317.6469116
79.1929591	341.6152954
79.2763202	322.5105286
79.3596812	320.4108887
79.4430422	286.0044556
79.5264032	241.7457275
79.6097642	246.5361786
79.6931252	284.3423767
79.7764862	304.7493591
79.8598472	284.0021667
79.9432082	331.3411865
80.0265692	339.5039673
80.1099303	322.7457275
80.1932913	339.3488770
80.2766523	354.6066284
80.3600133	351.2172852
80.4433743	287.2431030
80.5267353	232.4516144
80.6100963	291.4404602
80.6934573	274.8323364
80.7768183	289.2551575
80.8601793	315.0346069
80.9435404	306.6514893
