# time(yr)	runoff(mm/month)
0.0000000	35.2035894
0.0833610	42.3268157
0.1667220	35.6058909
0.2500830	46.5842609
0.3334440	40.8993849
0.4168050	44.4582965
0.5001661	48.8476011
0.5835271	38.8511537
0.6668881	42.2962118
0.7502491	45.5541104
0.8336101	36.1837935
0.9169711	37.2469738
1.0003321	41.5871358
1.0836931	41.2023735
1.1670541	54.9539443
1.2504151	56.3505166
1.3337762	54.2944164
1.4171372	44.8939271
1.5004982	60.7913306
1.5838592	53.5294886
1.6672202	44.8474531
1.7505812	41.2411859
1.8339422	41.2465089
1.9173032	44.6071057
2.0006642	42.2338677
2.0840252	42.7354916
2.1673863	37.6994716
2.2507473	37.3153505
2.3341083	38.3076057
2.4174693	42.2746415
2.5008303	35.1666064
2.5841913	40.5998995
2.6675523	33.3313295
2.7509133	39.8954346
2.8342743	29.7409701
2.9176353	33.2577311
3.0009963	31.8703174
3.0843574	30.0231851
3.1677184	30.4855062
3.2510794	32.7362932
3.3344404	32.3718234
3.4178014	35.0650939
3.5011624	30.2176643
3.5845234	29.7566020
3.6678844	31.3561238
3.7512454	27.5568247
3.8346064	24.6557367
3.9179675	25.4718226
4.0013285	35.8991433
4.0846895	23.9607887
4.1680505	26.2056397
4.2514115	33.2621018
4.3347725	25.3900559
4.4181335	28.4432864
4.5014945	32.7198998
4.5848555	28.3750983
4.6682165	30.2964514
4.7515775	32.4714216
4.8349386	26.0898649
4.9182996	22.6038067
5.0016606	27.4696666
5.0850216	23.4933543
5.1683826	22.5208188
5.2517436	25.8492110
5.3351046	28.5006021
5.4184656	22.3931533
5.5018266	27.7578953
5.5851876	26.7638226
5.6685487	26.4041242
5.7519097	34.8611614
5.8352707	23.1510607
5.9186317	20.8787105
6.0019927	24.6615972
6.0853537	23.0268841
6.1687147	24.1753012
6.2520757	27.4518115
6.3354367	23.9115424
6.4187977	24.8439665
6.5021588	27.7031940
6.5855198	23.3335125
6.6688808	25.5848770
6.7522418	28.1459416
6.8356028	20.5169942
6.9189638	28.3509302
7.0023248	25.9141860
7.0856858	32.5821138
7.1690468	29.1067018
7.2524078	38.6961187
7.3357688	42.0009179
7.4191299	48.0577084
7.5024909	41.0169018
7.5858519	42.1908261
7.6692129	36.8854743
7.7525739	33.9235180
7.8359349	93.0228339
7.9192959	55.6587110
8.0026569	68.1859986
8.0860179	56.8071847
8.1693789	58.7354944
8.2527400	60.0902038
8.3361010	51.9152944
8.4194620	50.6263662
8.5028230	51.2013291
8.5861840	49.2532737
8.6695450	44.4825731
8.7529060	46.6014417
8.8362670	42.6213930
8.9196280	47.8811761
9.0029890	38.4744514
9.0863500	34.8582854
9.1697111	39.9913859
9.2530721	40.5840059
9.3364331	33.1062463
9.4197941	35.8431902
9.5031551	34.3560698
9.5865161	34.9160608
9.6698771	36.9575687
9.7532381	38.7798774
9.8365991	31.7681920
9.9199601	28.8361253
10.0033212	32.1705501
10.0866822	25.7256497
10.1700432	27.8927840
10.2534042	30.5764716
10.3367652	27.7210867
10.4201262	23.9203379
10.5034872	29.3125249
10.5868482	31.2560753
10.6702092	29.7908411
10.7535702	29.5965197
10.8369313	38.4878650
10.9202923	23.6914805
11.0036533	29.1013575
11.0870143	25.9619447
11.1703753	28.1145126
11.2537363	26.0253379
11.3370973	26.3906351
11.4204583	24.0621172
11.5038193	29.1777447
11.5871803	27.7564714
11.6705413	24.5667869
11.7539024	32.3507882
11.8372634	23.6505016
11.9206244	25.4777586
12.0039854	24.9056741
12.0873464	30.9546521
12.1707074	25.7074906
12.2540684	28.8314175
12.3374294	25.7577388
12.4207904	32.1465186
12.5041514	23.6335683
12.5875125	29.9703201
12.6708735	27.8171842
12.7542345	25.7154751
12.8375955	27.5033092
12.9209565	28.1093876
13.0043175	27.3404545
13.0876785	27.7005325
13.1710395	22.5545628
13.2544005	35.0298954
13.3377615	34.9455614
13.4211226	36.2321110
13.5044836	32.6480435
13.5878446	34.2666485
13.6712056	33.9322074
13.7545666	40.6840167
13.8379276	31.4986221
13.9212886	29.9816027
14.0046496	42.9923645
14.0880106	34.7847578
14.1713716	42.8625843
14.2547326	47.9227325
14.3380937	58.9879024
14.4214547	49.3007284
14.5048157	49.9777483
14.5881767	41.6919180
14.6715377	47.1287048
14.7548987	44.3424156
14.8382597	37.8613644
14.9216207	43.0931391
15.0049817	40.3957290
15.0883427	39.2571682
15.1717038	43.2272993
15.2550648	46.2114648
15.3384258	40.9136991
15.4217868	39.0314862
15.5051478	35.9911530
15.5885088	41.6045146
15.6718698	42.2649148
15.7552308	53.7480253
15.8385918	29.6518199
15.9219528	36.0922647
16.0053138	34.6716563
16.0886749	33.6392615
16.1720359	33.2811638
16.2553969	28.4881503
16.3387579	29.0930995
16.4221189	31.8459889
16.5054799	28.7458648
16.5888409	31.2596279
16.6722019	26.8702219
16.7555629	24.6670806
16.8389239	23.6537124
16.9222850	23.3488120
17.0056460	24.7356859
17.0890070	21.1081643
17.1723680	22.4818108
17.2557290	20.1826474
17.3390900	19.4431973
17.4224510	18.5525100
17.5058120	19.3918753
17.5891730	26.0050241
17.6725340	21.4134324
17.7558951	15.7895874
17.8392561	27.3513552
17.9226171	18.5238356
18.0059781	16.5411051
18.0893391	18.9854272
18.1727001	22.7546928
18.2560611	19.6964044
18.3394221	20.5947086
18.4227831	23.3111689
18.5061441	27.5690455
18.5895051	26.4909971
18.6728662	26.2634387
18.7562272	22.1517498
18.8395882	25.4206527
18.9229492	27.6765010
19.0063102	27.2094085
19.0896712	31.8057526
19.1730322	40.8286343
19.2563932	44.2067985
19.3397542	46.1741611
19.4231152	49.1915284
19.5064763	47.6085793
19.5898373	43.9933162
19.6731983	38.1029094
19.7565593	48.5974752
19.8399203	43.3025290
19.9232813	36.2185040
20.0066423	39.7527736
20.0900033	42.1353893
20.1733643	58.7351267
20.2567253	52.8768160
20.3400864	72.6293068
20.4234474	58.8527332
20.5068084	52.8175366
20.5901694	46.4323871
20.6735304	49.3986128
20.7568914	44.8412012
20.8402524	45.3123202
20.9236134	38.4028639
21.0069744	44.4768305
21.0903354	32.6987326
21.1736964	32.8219827
21.2570575	33.7145784
21.3404185	31.0655682
21.4237795	29.8468909
21.5071405	34.7796328
21.5905015	39.6072978
21.6738625	28.3340818
21.7572235	33.2189989
21.8405845	22.8209431
21.9239455	27.0889212
22.0073065	24.0121684
22.0906676	26.7135531
22.1740286	26.1676477
22.2573896	30.6182968
22.3407506	29.2979867
22.4241116	24.9080975
22.5074726	28.1709560
22.5908336	33.1433071
22.6741946	24.0162185
22.7575556	22.6605048
22.8409166	28.6157829
22.9242776	25.0378706
23.0076387	26.0624482
23.0909997	26.7922011
23.1743607	24.2544796
23.2577217	27.9965147
23.3410827	27.4362762
23.4244437	25.4402593
23.5078047	38.8368254
23.5911657	26.8973510
23.6745267	28.7387006
23.7578877	32.1727590
23.8412488	25.2919122
23.9246098	24.5670934
24.0079708	28.6434329
24.0913318	23.9735635
24.1746928	23.0146326
24.2580538	28.8046256
24.3414148	31.7593093
24.4247758	26.1847931
24.5081368	26.2895682
24.5914978	26.5222988
24.6748589	28.0062273
24.7582199	25.3755177
24.8415809	24.7303511
24.9249419	29.9282875
25.0083029	34.1523565
25.0916639	30.2982878
25.1750249	39.9784438
25.2583859	35.4013313
25.3417469	40.9883253
25.4251079	34.3511994
25.5084689	41.8316181
25.5918300	37.6232848
25.6751910	39.0394330
25.7585520	33.8584134
25.8419130	46.6203105
25.9252740	39.8658869
26.0086350	36.2368895
26.0919960	40.1283656
26.1753570	48.6723512
26.2587180	54.6264341
26.3420790	47.8651032
26.4254401	48.9373854
26.5088011	44.3927699
26.5921621	46.7158516
26.6755231	43.0089654
26.7588841	43.3430717
26.8422451	33.8834491
26.9256061	36.4633682
27.0089671	41.2105112
27.0923281	39.8842511
27.1756891	32.4213125
27.2590501	34.1896555
27.3424112	32.1025742
27.4257722	32.0849855
27.5091332	37.2037035
27.5924942	31.4740344
27.6758552	34.9824997
27.7592162	41.1510573
27.8425772	27.3317321
27.9259382	23.5339112
28.0092992	25.5190722
28.0926602	23.1645380
28.1760213	23.5235669
28.2593823	27.9142859
28.3427433	25.0497778
28.4261043	24.1070118
28.5094653	29.3001084
28.5928263	23.4746223
28.6761873	24.6241309
28.7595483	28.4336682
28.8429093	30.4904874
28.9262703	20.6432241
29.0096314	31.9942441
29.0929924	26.1292360
29.1763534	26.9677433
29.2597144	37.4102857
29.3430754	30.1021112
29.4264364	35.8674479
29.5097974	36.3317493
29.5931584	37.1983451
29.6765194	31.0431422
29.7598804	31.5974118
29.8432414	29.8261174
29.9266025	25.5710555
30.0099635	29.5582425
30.0933245	31.3113330
30.1766855	31.8507721
30.2600465	35.2109045
30.3434075	34.3164181
30.4267685	33.5015180
30.5101295	39.3172562
30.5934905	42.9138344
30.6768515	30.7104574
30.7602126	41.6012237
30.8435736	40.4869230
30.9269346	40.1138911
31.0102956	54.0080240
31.0936566	45.3616137
31.1770176	63.3193938
31.2603786	66.9595182
31.3437396	60.2275230
31.4271006	64.2357098
31.5104616	59.5874719
31.5938227	53.7211319
31.6771837	56.3795269
31.7605447	51.0039903
31.8439057	56.3662971
31.9272667	46.3994164
32.0106277	53.6825176
32.0939887	47.2799186
32.1773497	57.1361849
32.2607107	43.1458178
32.3440717	51.3234901
32.4274327	47.3213053
32.5107938	41.1413401
32.5941548	41.0711553
32.6775158	38.5007624
32.7608768	39.2438559
32.8442378	32.6167796
32.9275988	38.7504098
33.0109598	30.7890464
33.0943208	30.0680725
33.1776818	30.9784572
33.2610428	37.9210870
33.3444039	31.4983039
33.4277649	29.2778521
33.5111259	36.7509888
33.5944869	33.2169126
33.6778479	32.8825210
33.7612089	32.8459128
33.8445699	28.8964090
33.9279309	34.4307125
34.0112919	33.0508307
34.0946529	28.4675182
34.1780139	24.3971288
34.2613750	24.6865009
34.3447360	26.9095553
34.4280970	22.6226283
34.5114580	23.6667536
34.5948190	24.7766813
34.6781800	31.9307685
34.7615410	30.3614192
34.8449020	21.2938905
34.9282630	20.4612226
35.0116240	24.7021541
35.0949851	25.7985338
35.1783461	24.7914293
35.2617071	28.5783542
35.3450681	33.5150495
35.4284291	47.5547266
35.5117901	50.9935800
35.5951511	43.6957921
35.6785121	48.8754893
35.7618731	40.4526604
35.8452341	36.7931228
35.9285952	44.1755016
36.0119562	45.3583510
36.0953172	46.0608263
36.1786782	49.9294921
36.2620392	54.1715199
36.3454002	59.6796985
36.4287612	53.0279496
36.5121222	58.0110906
36.5954832	50.5805240
36.6788442	46.6909526
36.7622052	61.0141059
36.8455663	39.3430628
36.9289273	49.8718346
37.0122883	51.4231048
37.0956493	42.7981280
37.1790103	43.6888236
37.2623713	45.3976255
37.3457323	49.2295440
37.4290933	41.7625271
37.5124543	47.0665918
37.5958153	47.0242056
37.6791764	43.0560664
37.7625374	43.9071481
37.8458984	40.6410976
37.9292594	43.2756215
38.0126204	46.5241894
38.0959814	53.0957110
38.1793424	54.8782762
38.2627034	54.5308175
38.3460644	56.9857538
38.4294254	55.1389209
38.5127864	48.0444173
38.5961475	50.9036448
38.6795085	44.3632551
38.7628695	44.6273888
38.8462305	36.7986061
38.9295915	38.1638979
39.0129525	44.1375520
39.0963135	32.6237905
39.1796745	46.3688691
39.2630355	38.1336995
39.3463965	45.4492150
39.4297576	50.3196294
39.5131186	45.2261286
39.5964796	41.3778874
39.6798406	38.8290955
39.7632016	40.3043982
39.8465626	42.4317865
39.9299236	38.9519024
40.0132846	52.3512691
40.0966456	42.8188921
40.1800066	41.6613612
40.2633677	37.8977086
40.3467287	45.6585389
40.4300897	42.7941582
40.5134507	51.2040354
40.5968117	33.5826978
40.6801727	39.0617365
40.7635337	30.0275534
40.8468947	28.2556460
40.9302557	32.4456127
41.0136167	32.8500335
41.0969777	33.8668176
41.1803388	27.2269947
41.2636998	23.1318737
41.3470608	26.6054352
41.4304218	23.7582636
41.5137828	26.7317099
41.5971438	23.2411774
41.6805048	27.0301086
41.7638658	28.5661004
41.8472268	22.5238269
41.9305878	19.9015309
42.0139489	28.9034930
42.0973099	22.1467167
42.1806709	18.8888075
42.2640319	23.2080228
42.3473929	21.5329107
42.4307539	22.1914580
42.5141149	22.8379589
42.5974759	34.3616875
42.6808369	23.5300073
42.7641979	20.2161226
42.8475590	19.2902651
42.9309200	29.6744864
43.0142810	21.2316030
43.0976420	24.1156210
43.1810030	29.0563593
43.2643640	32.1443310
43.3477250	36.1178073
43.4310860	36.6442736
43.5144470	37.4678914
43.5978080	39.1414099
43.6811690	32.9741441
43.7645301	33.6965630
43.8478911	33.5496705
43.9312521	47.7376616
44.0146131	36.2377358
44.0979741	39.5121457
44.1813351	42.8874692
44.2646961	51.9087974
44.3480571	37.6503668
44.4314181	39.5511679
44.5147791	41.1652348
44.5981402	42.9865936
44.6815012	42.7073536
44.7648622	42.3819508
44.8482232	48.6187390
44.9315842	31.2500167
45.0149452	39.8988482
45.0983062	35.6605640
45.1816672	53.9186593
45.2650282	45.3733630
45.3483892	45.2738049
45.4317502	48.3732666
45.5151113	45.1618514
45.5984723	38.1545579
45.6818333	38.6128856
45.7651943	33.6089263
45.8485553	30.0379472
45.9319163	29.8549296
46.0152773	35.5324481
46.0986383	33.6919072
46.1819993	28.0327057
46.2653603	29.4648584
46.3487214	24.4410191
46.4320824	24.9805124
46.5154434	22.3615687
46.5988044	26.9020823
46.6821654	23.8818885
46.7655264	19.0204323
46.8488874	34.7627348
46.9322484	29.7798909
47.0156094	23.7361275
47.0989704	21.4019023
47.1823315	19.5321177
47.2656925	30.5109898
47.3490535	27.7027131
47.4324145	26.6211615
47.5157755	26.9015071
47.5991365	30.2672690
47.6824975	27.1929302
47.7658585	28.4445948
47.8492195	23.7425868
47.9325805	27.7511743
48.0159415	27.7622801
48.0993026	30.2121763
48.1826636	41.4180623
48.2660246	39.6356103
48.3493856	47.9030481
48.4327466	44.2098585
48.5161076	39.0314791
48.5994686	49.5692845
48.6828296	34.9216927
48.7661906	37.1622485
48.8495516	34.9112045
48.9329127	40.4278463
49.0162737	38.9178472
49.0996347	31.4671531
49.1829957	38.1936343
49.2663567	35.8821252
49.3497177	37.0211740
49.4330787	36.5422236
49.5164397	35.9527037
49.5998007	39.8698473
49.6831617	38.5019741
49.7665227	34.4006555
49.8498838	31.3803037
49.9332448	40.1340706
50.0166058	30.1660276
50.0999668	32.6021990
50.1833278	31.1021270
50.2666888	33.0531056
50.3500498	32.9481536
50.4334108	31.8384146
50.5167718	35.8686479
50.6001328	28.2038466
50.6834939	33.8503181
50.7668549	24.4136731
50.8502159	24.7872095
50.9335769	23.1395660
51.0169379	28.3290558
51.1002989	23.2653055
51.1836599	27.4401211
51.2670209	29.9532289
51.3503819	21.7504926
51.4337429	23.3162845
51.5171040	28.8289069
51.6004650	30.3067815
51.6838260	22.4365320
51.7671870	31.5597781
51.8505480	24.1805724
51.9339090	21.9996850
52.0172700	26.5588457
52.1006310	27.4916730
52.1839920	22.7427832
52.2673530	22.3125204
52.3507140	25.5026646
52.4340751	24.7323596
52.5174361	23.1200466
52.6007971	23.3051717
52.6841581	27.0907765
52.7675191	22.6989306
52.8508801	27.3087827
52.9342411	27.3487974
53.0176021	30.1516922
53.1009631	26.2896601
53.1843241	29.7410974
53.2676852	30.9574008
53.3510462	32.8241138
53.4344072	30.0342272
53.5177682	39.4453296
53.6011292	31.5674161
53.6844902	37.2341000
53.7678512	25.7242235
53.8512122	30.7968235
53.9345732	23.0557671
54.0179342	28.8013629
54.1012953	44.1818619
54.1846563	45.2028845
54.2680173	47.7521691
54.3513783	62.4614757
54.4347393	46.3769644
54.5181003	64.1008612
54.6014613	56.0102009
54.6848223	48.9937794
54.7681833	57.7624026
54.8515443	49.2160455
54.9349053	45.7583564
55.0182664	47.1198740
55.1016274	46.6474443
55.1849884	57.5542339
55.2683494	67.4624764
55.3517104	73.7116928
55.4350714	59.6607120
55.5184324	49.7885473
55.6017934	59.4438962
55.6851544	52.6176140
55.7685154	78.4294601
55.8518765	51.8768544
55.9352375	49.3779147
56.0185985	71.9804532
56.1019595	84.3316092
56.1853205	79.5801828
56.2686815	75.8496706
56.3520425	74.3005645
56.4354035	61.1729152
56.5187645	52.0725572
56.6021255	57.6076622
56.6854865	69.4986282
56.7688476	44.6685209
56.8522086	46.3220038
56.9355696	43.3247688
57.0189306	39.5048141
57.1022916	36.8255867
57.1856526	49.7567034
57.2690136	37.8240301
57.3523746	50.3339247
57.4357356	39.3914439
57.5190966	38.6960927
57.6024577	38.8475422
57.6858187	44.1491363
57.7691797	36.4564540
57.8525407	41.7853893
57.9359017	36.6695945
58.0192627	34.0328240
58.1026237	37.0840649
58.1859847	33.7565756
58.2693457	30.5437531
58.3527067	32.0113212
58.4360678	33.5408231
58.5194288	36.5071406
58.6027898	33.2868852
58.6861508	39.1961961
58.7695118	41.1962725
58.8528728	26.8043582
58.9362338	32.6958023
59.0195948	32.6519356
59.1029558	37.6109037
59.1863168	55.8739143
59.2696778	56.1407778
59.3530389	51.6235036
59.4363999	47.6764303
59.5197609	45.4368952
59.6031219	42.3886034
59.6864829	38.6544986
59.7698439	39.4013592
59.8532049	38.1265919
59.9365659	32.0079901
60.0199269	38.5382264
60.1032879	40.1195536
60.1866490	31.8443741
60.2700100	37.5736731
60.3533710	33.9611446
60.4367320	36.1364968
60.5200930	28.8408024
60.6034540	31.1392067
60.6868150	31.5710701
60.7701760	29.4326632
60.8535370	28.1532236
60.9368980	33.7030035
61.0202591	28.7860162
61.1036201	33.4452560
61.1869811	33.2849592
61.2703421	44.5942531
61.3537031	34.9563772
61.4370641	39.2266727
61.5204251	44.8075185
61.6037861	36.1418528
61.6871471	37.0128617
61.7705081	50.0579568
61.8538691	45.1090407
61.9372302	38.4703141
62.0205912	56.4353315
62.1039522	38.7464282
62.1873132	38.3307059
62.2706742	43.4166323
62.3540352	40.0028760
62.4373962	38.0894698
62.5207572	40.3095467
62.6041182	38.1463659
62.6874792	34.0205797
62.7708403	35.3641644
62.8542013	33.8734702
62.9375623	38.0996939
63.0209233	37.5329135
63.1042843	29.0451262
63.1876453	26.9484054
63.2710063	28.4023806
63.3543673	26.0089586
63.4377283	29.5733818
63.5210893	33.0914111
63.6044503	34.1967206
63.6878114	30.3963395
63.7711724	29.2682669
63.8545334	25.1265068
63.9378944	31.9043560
64.0212554	34.3528991
64.1046164	27.3420246
64.1879774	32.2935692
64.2713384	31.4223293
64.3546994	30.5187151
64.4380604	29.7701076
64.5214215	27.4784220
64.6047825	29.3030905
64.6881435	29.1788974
64.7715045	32.1796780
64.8548655	23.9181926
64.9382265	21.9529234
65.0215875	24.9445431
65.1049485	22.0043503
65.1883095	29.1867877
65.2716705	20.3469424
65.3550316	25.6832328
65.4383926	21.5155107
65.5217536	23.8799531
65.6051146	23.1188962
65.6884756	25.4166758
65.7718366	32.0238037
65.8551976	21.3006799
65.9385586	25.7854407
66.0219196	20.2537752
66.1052806	30.9076571
66.1886416	32.2381865
66.2720027	41.4053936
66.3553637	40.8900685
66.4387247	42.8006646
66.5220857	39.5364270
66.6054467	42.4955073
66.6888077	41.8867249
66.7721687	39.4197752
66.8555297	38.8491240
66.9388907	38.2404265
67.0222517	35.9002537
67.1056128	34.8261798
67.1889738	41.0110743
67.2723348	36.4431770
67.3556958	33.9412599
67.4390568	35.9207820
67.5224178	41.4144979
67.6057788	39.0355716
67.6891398	33.4108638
67.7725008	29.9963483
67.8558618	33.3400660
67.9392228	29.6241392
68.0225839	25.0775859
68.1059449	28.4807551
68.1893059	22.5237137
68.2726669	24.2305495
68.3560279	19.8565374
68.4393889	21.5083630
68.5227499	23.3334347
68.6061109	24.7173665
68.6894719	26.0013630
68.7728329	24.5670179
68.8561940	23.4399377
68.9395550	19.8408536
69.0229160	23.9204557
69.1062770	20.4135722
69.1896380	26.3828344
69.2729990	21.9703895
69.3563600	22.5878424
69.4397210	25.9607943
69.5230820	27.3552379
69.6064430	29.1929052
69.6898041	23.4057671
69.7731651	27.2597580
69.8565261	25.6441753
69.9398871	20.8527696
70.0232481	23.2179145
70.1066091	25.6655546
70.1899701	31.8671632
70.2733311	31.1839550
70.3566921	34.7882632
70.4400531	34.4401869
70.5234141	67.0284064
70.6067752	45.1052925
70.6901362	45.5233886
70.7734972	47.3033512
70.8568582	42.9023067
70.9402192	35.6462168
71.0235802	47.8191149
71.1069412	41.5578285
71.1903022	43.5692511
71.2736632	44.4428460
71.3570242	39.8680085
71.4403853	39.1034367
71.5237463	43.9268938
71.6071073	42.8514102
71.6904683	33.8625294
71.7738293	36.0886414
71.8571903	35.4978649
71.9405513	31.1670359
72.0239123	33.4049585
72.1072733	34.9188661
72.1906343	33.2209461
72.2739954	32.2005175
72.3573564	43.2685021
72.4407174	36.3181494
72.5240784	39.2731066
72.6074394	35.1710972
72.6908004	47.3950309
72.7741614	35.3683724
72.8575224	36.2474743
72.9408834	38.2288540
73.0242444	41.4454932
73.1076054	33.2542775
73.1909665	41.3409939
73.2743275	45.4990601
73.3576885	47.2629924
73.4410495	37.2919956
73.5244105	42.6481496
73.6077715	43.7169853
73.6911325	41.1522879
73.7744935	48.4653848
73.8578545	31.5441131
73.9412155	48.6203609
74.0245766	38.1557696
74.1079376	44.4639731
74.1912986	58.5022287
74.2746596	63.8269961
74.3580206	54.9448023
74.4413816	47.9546565
74.5247426	49.1009048
74.6081036	49.9382805
74.6914646	43.9069077
74.7748256	42.4114373
74.8581866	35.3979673
74.9415477	37.1835972
75.0249087	36.2139448
75.1082697	35.2537858
75.1916307	37.3732838
75.2749917	35.5802611
75.3583527	29.8154854
75.4417137	31.2756276
75.5250747	33.1043415
75.6084357	30.0361862
75.6917967	31.0466382
75.7751578	29.5019805
75.8585188	23.9501308
75.9418798	23.7634569
76.0252408	25.4495357
76.1086018	26.5179541
76.1919628	22.3573277
76.2753238	29.5057594
76.3586848	22.4005060
76.4420458	22.9060173
76.5254068	22.6785367
76.6087679	32.0400509
76.6921289	25.7008875
76.7754899	20.8086718
76.8588509	22.6823604
76.9422119	27.5187785
77.0255729	24.5669001
77.1089339	24.6580706
77.1922949	27.4615806
77.2756559	24.1236810
77.3590169	21.8142087
77.4423779	24.7844725
77.5257390	25.2843449
77.6091000	24.0146979
77.6924610	28.1643600
77.7758220	23.7173153
77.8591830	40.0620470
77.9425440	23.4303926
78.0259050	27.6047037
78.1092660	29.7500626
78.1926270	33.4716779
78.2759880	37.3085540
78.3593491	40.4257152
78.4427101	39.4529346
78.5260711	37.1986563
78.6094321	41.9036700
78.6927931	34.7644628
78.7761541	53.0407220
78.8595151	43.0328978
78.9428761	39.1621150
79.0262371	59.2936962
79.1095981	55.5219293
79.1929591	47.2523039
79.2763202	61.8645888
79.3596812	49.6318266
79.4430422	49.1058365
79.5264032	49.3042079
79.6097642	56.2324057
79.6931252	40.5423457
79.7764862	38.8525258
79.8598472	38.7754809
79.9432082	38.6464079
80.0265692	37.7724476
80.1099303	38.0704926
80.1932913	36.3352124
80.2766523	34.5776263
80.3600133	40.1681163
80.4433743	38.0905919
80.5267353	35.2640428
80.6100963	42.5917981
80.6934573	47.9045710
80.7768183	35.8543454
80.8601793	46.1001149
80.9435404	38.4029865
