# time(yr)	T(C)
0.0000000	10.3934631
0.0833610	11.6481018
0.1667220	13.8117676
0.2500830	16.1024475
0.3334440	21.5012817
0.4168050	24.0793457
0.5001661	26.6465759
0.5835271	28.9106750
0.6668881	29.7462769
0.7502491	27.3099365
0.8336101	21.6337585
0.9169711	16.5686035
1.0003321	11.1521912
1.0836931	9.7617188
1.1670541	11.0765076
1.2504151	17.3511658
1.3337762	19.1446838
1.4171372	24.0324097
1.5004982	26.5677490
1.5838592	28.8848267
1.6672202	30.4317322
1.7505812	26.7073669
1.8339422	24.6243286
1.9173032	21.7241821
2.0006642	9.3851013
2.0840252	15.1907959
2.1673863	16.5954895
2.2507473	18.7290649
2.3341083	19.5063477
2.4174693	22.4972839
2.5008303	27.7435913
2.5841913	28.0604248
2.6675523	29.2592773
2.7509133	26.5986938
2.8342743	21.0797119
2.9176353	19.4697571
3.0009963	15.9320679
3.0843574	15.2801514
3.1677184	12.9201660
3.2510794	18.1071472
3.3344404	22.5032959
3.4178014	25.6793823
3.5011624	27.5577698
3.5845234	29.1414490
3.6678844	28.8705139
3.7512454	26.4077759
3.8346064	23.6836548
3.9179675	19.3190002
4.0013285	12.1220093
4.0846895	5.2388306
4.1680505	9.4014893
4.2514115	15.5515137
4.3347725	21.1390381
4.4181335	23.5067444
4.5014945	26.6550598
4.5848555	29.2562256
4.6682165	28.4754639
4.7515775	25.6890564
4.8349386	20.5932922
4.9182996	16.0020142
5.0016606	17.3389282
5.0850216	13.4344788
5.1683826	15.4695435
5.2517436	16.5656128
5.3351046	19.4818420
5.4184656	22.9479675
5.5018266	26.7866516
5.5851876	28.4953613
5.6685487	29.0981445
5.7519097	26.5817566
5.8352707	23.2290955
5.9186317	13.1344604
6.0019927	15.0655212
6.0853537	13.0584717
6.1687147	13.3583069
6.2520757	17.2681580
6.3354367	21.6639404
6.4187977	23.3477173
6.5021588	27.6691589
6.5855198	29.4740906
6.6688808	29.3048706
6.7522418	26.5649719
6.8356028	20.7131042
6.9189638	15.3222961
7.0023248	11.1099854
7.0856858	9.1813660
7.1690468	9.7366028
7.2524078	17.1777649
7.3357688	20.5058899
7.4191299	24.0447998
7.5024909	27.4445801
7.5858519	29.1905823
7.6692129	29.5317993
7.7525739	27.2416687
7.8359349	23.2144470
7.9192959	16.2439575
8.0026569	14.6624146
8.0860179	12.0669556
8.1693789	15.8080750
8.2527400	20.4828491
8.3361010	24.2638550
8.4194620	24.9507751
8.5028230	27.7268372
8.5861840	29.2724304
8.6695450	28.7023926
8.7529060	26.8056030
8.8362670	23.2037964
8.9196280	14.4574890
9.0029890	12.8468628
9.0863500	13.1203613
9.1697111	11.2934570
9.2530721	19.6616516
9.3364331	20.7699890
9.4197941	23.9403381
9.5031551	27.8063354
9.5865161	28.1539917
9.6698771	28.7117615
9.7532381	27.5676270
9.8365991	22.9542236
9.9199601	17.0784302
10.0033212	15.8013306
10.0866822	14.3813782
10.1700432	13.0459900
10.2534042	13.8029175
10.3367652	21.9370117
10.4201262	25.3184204
10.5034872	27.0442505
10.5868482	28.3359985
10.6702092	29.6610413
10.7535702	27.3128662
10.8369313	23.1138306
10.9202923	20.5600281
11.0036533	14.6261597
11.0870143	10.1162720
11.1703753	17.3691711
11.2537363	18.5717468
11.3370973	21.8979797
11.4204583	24.9257507
11.5038193	28.7125549
11.5871803	28.9380493
11.6705413	29.6171875
11.7539024	27.2575378
11.8372634	22.1784058
11.9206244	15.3729858
12.0039854	9.1989746
12.0873464	9.7333374
12.1707074	13.1661987
12.2540684	15.6019897
12.3374294	21.5655823
12.4207904	24.5263977
12.5041514	28.1372986
12.5875125	30.0171509
12.6708735	29.2868958
12.7542345	29.1155090
12.8375955	20.5483704
12.9209565	15.2173462
13.0043175	14.1397705
13.0876785	12.6724243
13.1710395	12.5374146
13.2544005	15.7209473
13.3377615	22.3538513
13.4211226	25.6350708
13.5044836	26.7183228
13.5878446	29.4930420
13.6712056	30.0105286
13.7545666	28.3693237
13.8379276	23.2372742
13.9212886	15.7343445
14.0046496	10.8575134
14.0880106	9.8438721
14.1713716	10.1807861
14.2547326	17.3865967
14.3380937	22.9034729
14.4214547	23.6270142
14.5048157	27.9615173
14.5881767	30.0367126
14.6715377	29.4490967
14.7548987	28.4562073
14.8382597	26.1861572
14.9216207	17.1786194
15.0049817	15.0824280
15.0883427	11.8029175
15.1717038	13.1271362
15.2550648	16.8196106
15.3384258	22.6986389
15.4217868	24.3679504
15.5051478	29.4363403
15.5885088	29.9183044
15.6718698	28.9981995
15.7552308	26.6268921
15.8385918	21.2845764
15.9219528	16.4875793
16.0053138	13.7955933
16.0886749	10.6588135
16.1720359	14.7817383
16.2553969	18.1864319
16.3387579	21.4600525
16.4221189	24.6404114
16.5054799	27.9270020
16.5888409	28.9841309
16.6722019	28.5881958
16.7555629	28.4679565
16.8389239	23.1094360
16.9222850	16.0743713
17.0056460	10.0038147
17.0890070	17.9800415
17.1723680	15.3400879
17.2557290	17.9465027
17.3390900	22.6308289
17.4224510	25.3450928
17.5058120	29.3473816
17.5891730	28.3511047
17.6725340	28.9830933
17.7558951	26.8531799
17.8392561	23.2359619
17.9226171	16.0662537
18.0059781	13.4983521
18.0893391	13.5618286
18.1727001	15.6296997
18.2560611	14.6505127
18.3394221	22.2402039
18.4227831	26.1973877
18.5061441	28.2008667
18.5895051	29.7780457
18.6728662	29.0522766
18.7562272	27.9940796
18.8395882	21.9582214
18.9229492	15.8943481
19.0063102	10.6107483
19.0896712	11.7804871
19.1730322	13.5865173
19.2563932	16.4315796
19.3397542	21.2538147
19.4231152	24.0488586
19.5064763	27.3872986
19.5898373	28.8470459
19.6731983	30.0906372
19.7565593	26.0038452
19.8399203	23.7875671
19.9232813	19.0321350
20.0066423	9.7948303
20.0900033	9.7422180
20.1733643	10.1131287
20.2567253	16.8519287
20.3400864	19.3429565
20.4234474	24.2613831
20.5068084	27.9944458
20.5901694	30.8652649
20.6735304	29.4684143
20.7568914	28.1737061
20.8402524	21.3944092
20.9236134	14.4692383
21.0069744	14.8048401
21.0903354	12.7800903
21.1736964	18.1730042
21.2570575	20.1776428
21.3404185	22.3820496
21.4237795	24.2400208
21.5071405	28.3398438
21.5905015	28.5521240
21.6738625	29.6291199
21.7572235	27.6247559
21.8405845	24.1188354
21.9239455	16.9283752
22.0073065	9.9284668
22.0906676	12.0866699
22.1740286	13.7716370
22.2573896	16.6915588
22.3407506	19.7188110
22.4241116	23.8150940
22.5074726	26.9614868
22.5908336	29.0937500
22.6741946	30.3274536
22.7575556	28.1060486
22.8409166	23.5816956
22.9242776	14.2410889
23.0076387	9.4774475
23.0909997	10.2279663
23.1743607	12.4796143
23.2577217	16.0388794
23.3410827	20.6405334
23.4244437	23.8214722
23.5078047	26.9001465
23.5911657	28.6683960
23.6745267	28.8304443
23.7578877	25.5149841
23.8412488	23.4552307
23.9246098	18.2713928
24.0079708	12.6433716
24.0913318	13.9208984
24.1746928	12.1886902
24.2580538	19.8095093
24.3414148	22.6617432
24.4247758	24.4370728
24.5081368	28.2854004
24.5914978	29.5261841
24.6748589	28.6287537
24.7582199	27.6903687
24.8415809	21.2358398
24.9249419	18.2890015
25.0083029	11.0772400
25.0916639	8.0780640
25.1750249	10.0932922
25.2583859	12.7158508
25.3417469	21.3139343
25.4251079	23.9319153
25.5084689	28.1188049
25.5918300	29.4867554
25.6751910	29.7772827
25.7585520	26.9336243
25.8419130	24.4214478
25.9252740	12.7218323
26.0086350	8.8085632
26.0919960	8.9247742
26.1753570	11.6679077
26.2587180	15.5840149
26.3420790	21.0173340
26.4254401	25.0094910
26.5088011	27.9279785
26.5921621	29.3316650
26.6755231	29.6492615
26.7588841	28.1958008
26.8422451	21.9471436
26.9256061	17.8669434
27.0089671	11.4210205
27.0923281	8.4974976
27.1756891	15.7536926
27.2590501	16.7126160
27.3424112	21.6131592
27.4257722	25.3026428
27.5091332	26.7987671
27.5924942	30.1377563
27.6758552	29.3846741
27.7592162	26.9088745
27.8425772	23.2158203
27.9259382	18.2442932
28.0092992	10.8531189
28.0926602	13.3668213
28.1760213	14.3010559
28.2593823	15.8505249
28.3427433	21.8290405
28.4261043	25.3876038
28.5094653	26.3952026
28.5928263	30.0176697
28.6761873	29.8761597
28.7595483	26.2575073
28.8429093	22.7529602
28.9262703	18.5505066
29.0096314	12.6772766
29.0929924	11.6239929
29.1763534	8.5466614
29.2597144	12.9366150
29.3430754	20.8455811
29.4264364	23.9072876
29.5097974	27.5904541
29.5931584	29.3567200
29.6765194	30.0704346
29.7598804	26.6344299
29.8432414	21.7257080
29.9266025	17.6620483
30.0099635	13.9677734
30.0933245	13.2426147
30.1766855	11.5611267
30.2600465	16.8046570
30.3434075	21.4830017
30.4267685	25.3600769
30.5101295	27.3872681
30.5934905	29.2294922
30.6768515	29.7068481
30.7602126	26.5980225
30.8435736	24.6202393
30.9269346	17.2075500
31.0102956	10.0771790
31.0936566	9.8934631
31.1770176	12.3148804
31.2603786	15.0542297
31.3437396	22.2458496
31.4271006	23.9364929
31.5104616	27.7976990
31.5938227	30.2482605
31.6771837	28.5639343
31.7605447	26.3735962
31.8439057	21.9313965
31.9272667	16.0120850
32.0106277	10.6926270
32.0939887	10.2814026
32.1773497	15.2431030
32.2607107	17.9293518
32.3440717	21.7306519
32.4274327	22.9763489
32.5107938	27.9808044
32.5941548	29.6756592
32.6775158	29.7000122
32.7608768	27.3480835
32.8442378	22.8448486
32.9275988	15.2060242
33.0109598	15.1059570
33.0943208	8.0854797
33.1776818	13.6719360
33.2610428	15.1622925
33.3444039	19.8962402
33.4277649	24.4189148
33.5111259	27.3413391
33.5944869	28.2759705
33.6778479	29.2603455
33.7612089	28.0352783
33.8445699	20.3925781
33.9279309	15.7292786
34.0112919	13.0406799
34.0946529	13.0550537
34.1780139	13.6582031
34.2613750	16.8323364
34.3447360	21.0707092
34.4280970	26.6303101
34.5114580	28.4038696
34.5948190	31.2693481
34.6781800	28.2543640
34.7615410	25.5999451
34.8449020	20.7649841
34.9282630	17.5013733
35.0116240	11.9370422
35.0949851	7.7780762
35.1783461	11.4271851
35.2617071	16.5778503
35.3450681	20.9278564
35.4284291	25.1452026
35.5117901	26.4761963
35.5951511	29.1719055
35.6785121	29.5962524
35.7618731	28.4498901
35.8452341	21.2150574
35.9285952	18.9527588
36.0119562	10.6477966
36.0953172	10.9587708
36.1786782	15.6446228
36.2620392	20.1694031
36.3454002	21.0944519
36.4287612	26.4288025
36.5121222	27.7167969
36.5954832	29.2130127
36.6788442	29.0299377
36.7622052	27.2956238
36.8455663	22.2884521
36.9289273	18.7097778
37.0122883	13.1260376
37.0956493	11.5634460
37.1790103	16.0489502
37.2623713	15.9879456
37.3457323	21.0744629
37.4290933	24.9780273
37.5124543	28.0885620
37.5958153	28.8374939
37.6791764	28.6532288
37.7625374	25.2198486
37.8458984	22.6083679
37.9292594	17.0450439
38.0126204	11.8203430
38.0959814	10.7973633
38.1793424	11.5176697
38.2627034	17.8887024
38.3460644	22.2721252
38.4294254	23.0963440
38.5127864	28.2637024
38.5961475	29.4263916
38.6795085	28.8310852
38.7628695	27.2602234
38.8462305	21.8168030
38.9295915	18.5829163
39.0129525	13.5257263
39.0963135	7.4617310
39.1796745	11.2105713
39.2630355	14.7752380
39.3463965	20.4350281
39.4297576	21.4728088
39.5131186	26.7511597
39.5964796	29.7510071
39.6798406	29.0560608
39.7632016	27.6788025
39.8465626	23.3366394
39.9299236	16.5377502
40.0132846	12.4953918
40.0966456	8.5516968
40.1800066	13.9032898
40.2633677	17.4680786
40.3467287	21.0610962
40.4300897	23.5738831
40.5134507	26.6322327
40.5968117	29.8987427
40.6801727	28.7015076
40.7635337	26.7891846
40.8468947	20.0805664
40.9302557	13.1137390
41.0136167	10.3382874
41.0969777	10.1998901
41.1803388	17.5935364
41.2636998	21.2926331
41.3470608	20.4392090
41.4304218	24.1252441
41.5137828	27.4372559
41.5971438	29.5425110
41.6805048	28.1864929
41.7638658	26.8959656
41.8472268	23.8779297
41.9305878	14.9516602
42.0139489	10.1664124
42.0973099	8.0443115
42.1806709	10.4513550
42.2640319	15.0748291
42.3473929	19.6534729
42.4307539	24.7021790
42.5141149	27.4108887
42.5974759	28.3277283
42.6808369	28.8862305
42.7641979	27.0328979
42.8475590	22.1174316
42.9309200	16.0173645
43.0142810	10.4403381
43.0976420	9.2110901
43.1810030	11.3004150
43.2643640	16.1892395
43.3477250	20.7560425
43.4310860	24.6222534
43.5144470	27.4143677
43.5978080	28.1976929
43.6811690	28.9455566
43.7645301	27.3825073
43.8478911	21.5968018
43.9312521	18.0154419
44.0146131	13.9606934
44.0979741	15.3964233
44.1813351	13.0701294
44.2646961	16.4164124
44.3480571	20.6389160
44.4314181	24.4636841
44.5147791	27.1244202
44.5981402	29.5258484
44.6815012	28.0928650
44.7648622	25.7558899
44.8482232	23.3024292
44.9315842	17.2465820
45.0149452	11.5705872
45.0983062	13.2796631
45.1816672	15.4350586
45.2650282	17.4189453
45.3483892	24.1158752
45.4317502	22.0725098
45.5151113	26.6127625
45.5984723	29.5826111
45.6818333	29.0742493
45.7651943	26.2649231
45.8485553	24.6899414
45.9319163	21.9663086
46.0152773	10.3672485
46.0986383	11.2346802
46.1819993	13.7671509
46.2653603	17.5125427
46.3487214	20.7782898
46.4320824	24.5673218
46.5154434	27.8385620
46.5988044	28.7925720
46.6821654	28.9605408
46.7655264	28.5194702
46.8488874	22.4370117
46.9322484	17.2290649
47.0156094	15.4343567
47.0989704	10.1427612
47.1823315	10.2746277
47.2656925	16.7190247
47.3490535	23.1450195
47.4324145	25.5021057
47.5157755	28.4944763
47.5991365	28.3865662
47.6824975	28.7792664
47.7658585	26.1277466
47.8492195	22.7217407
47.9325805	16.2548218
48.0159415	9.3776855
48.0993026	11.8689270
48.1826636	11.9499817
48.2660246	15.9790649
48.3493856	22.6298828
48.4327466	24.8628540
48.5161076	28.0837097
48.5994686	27.9362793
48.6828296	29.3766785
48.7661906	27.0997620
48.8495516	22.5605469
48.9329127	21.1894836
49.0162737	16.7684631
49.0996347	8.9735718
49.1829957	11.6303406
49.2663567	16.5450134
49.3497177	19.9211426
49.4330787	24.2898560
49.5164397	27.6067810
49.5998007	28.8969727
49.6831617	27.8763428
49.7665227	26.1451416
49.8498838	22.8061523
49.9332448	18.8728333
50.0166058	10.9626770
50.0999668	7.6374512
50.1833278	18.3389893
50.2666888	16.8517456
50.3500498	22.6864929
50.4334108	22.4631042
50.5167718	26.6257629
50.6001328	29.4893188
50.6834939	27.6908569
50.7668549	27.3475037
50.8502159	22.8345032
50.9335769	14.9661255
51.0169379	12.0234375
51.1002989	11.0281677
51.1836599	13.3482666
51.2670209	11.3580322
51.3503819	18.6342468
51.4337429	23.7970886
51.5171040	26.3544312
51.6004650	29.4405212
51.6838260	29.9866943
51.7671870	26.6709595
51.8505480	22.8044128
51.9339090	19.4213867
52.0172700	13.7041016
52.1006310	12.0423279
52.1839920	13.6939392
52.2673530	16.0773315
52.3507140	19.5570374
52.4340751	23.5140686
52.5174361	28.6214600
52.6007971	29.3162537
52.6841581	28.6780396
52.7675191	26.9391785
52.8508801	21.0953979
52.9342411	18.2217102
53.0176021	10.2577209
53.1009631	13.9472656
53.1843241	13.4468384
53.2676852	16.1027832
53.3510462	20.2971497
53.4344072	25.0096130
53.5177682	27.2377014
53.6011292	29.0778809
53.6844902	27.8188477
53.7678512	26.2097778
53.8512122	21.9003296
53.9345732	16.9964905
54.0179342	11.7680664
54.1012953	8.7030334
54.1846563	12.5760193
54.2680173	15.5127869
54.3513783	21.8016052
54.4347393	24.1622925
54.5181003	27.1105957
54.6014613	29.1560059
54.6848223	28.9162598
54.7681833	26.9661255
54.8515443	18.8811340
54.9349053	16.3100891
55.0182664	10.9326477
55.1016274	9.7445679
55.1849884	12.1405640
55.2683494	14.0995483
55.3517104	20.4300232
55.4350714	23.0477295
55.5184324	28.5955811
55.6017934	28.5015564
55.6851544	28.6071167
55.7685154	25.4981384
55.8518765	21.3002014
55.9352375	18.7594604
56.0185985	12.0470886
56.1019595	6.7410278
56.1853205	10.4147034
56.2686815	12.5446472
56.3520425	20.1602478
56.4354035	23.1694946
56.5187645	27.4354248
56.6021255	29.3447266
56.6854865	27.7273560
56.7688476	28.1384888
56.8522086	23.5399780
56.9355696	20.3382263
57.0189306	13.5456238
57.1022916	14.3831482
57.1856526	7.7218018
57.2690136	14.2885437
57.3523746	21.2252197
57.4357356	23.5929260
57.5190966	27.2767944
57.6024577	28.7241211
57.6858187	28.2174072
57.7691797	26.5401306
57.8525407	21.5160522
57.9359017	16.2178650
58.0192627	10.4790039
58.1026237	14.3555908
58.1859847	14.1425171
58.2693457	21.5241394
58.3527067	22.6611938
58.4360678	25.0038757
58.5194288	27.0969543
58.6027898	27.8611145
58.6861508	27.7803955
58.7695118	26.6317444
58.8528728	21.6271973
58.9362338	17.6122742
59.0195948	14.1665344
59.1029558	6.8984985
59.1863168	12.4060974
59.2696778	16.0559998
59.3530389	17.3220520
59.4363999	22.4249878
59.5197609	27.3464661
59.6031219	28.3833008
59.6864829	29.7589722
59.7698439	27.3765564
59.8532049	21.4468079
59.9365659	17.7999268
60.0199269	12.1749268
60.1032879	7.4422607
60.1866490	11.3464661
60.2700100	18.6225891
60.3533710	19.5629883
60.4367320	19.3273621
60.5200930	27.4999390
60.6034540	29.4280090
60.6868150	28.9229736
60.7701760	28.3031006
60.8535370	21.1444397
60.9368980	14.9626465
61.0202591	11.2743530
61.1036201	11.5550537
61.1869811	12.0755005
61.2703421	17.1381531
61.3537031	21.9901428
61.4370641	23.1959839
61.5204251	27.6913757
61.6037861	29.8381348
61.6871471	29.1045837
61.7705081	27.7831421
61.8538691	24.3177185
61.9372302	17.7209778
62.0205912	12.7043457
62.1039522	10.4858704
62.1873132	15.6466064
62.2706742	18.1937561
62.3540352	25.0845642
62.4373962	24.9208984
62.5207572	27.1771545
62.6041182	28.1882935
62.6874792	28.4823303
62.7708403	26.2870178
62.8542013	23.1358643
62.9375623	14.1877441
63.0209233	7.9914856
63.1042843	9.9214783
63.1876453	12.5535278
63.2710063	15.9803162
63.3543673	22.4421997
63.4377283	23.1211243
63.5210893	27.2370911
63.6044503	28.1513062
63.6878114	28.5819702
63.7711724	27.5042725
63.8545334	20.0898132
63.9378944	17.7409973
64.0212554	10.4422302
64.1046164	11.0585938
64.1879774	13.2919006
64.2713384	20.3877563
64.3546994	22.5952759
64.4380604	23.7809753
64.5214215	28.3613281
64.6047825	28.6257629
64.6881435	28.4520264
64.7715045	26.1481934
64.8548655	22.8361511
64.9382265	15.3591614
65.0215875	14.3875427
65.1049485	13.2829895
65.1883095	11.6899414
65.2716705	14.3207092
65.3550316	21.2579041
65.4383926	22.8294067
65.5217536	25.9326782
65.6051146	29.2430115
65.6884756	28.9671936
65.7718366	27.6318054
65.8551976	24.3693237
65.9385586	16.7745361
66.0219196	12.0332336
66.1052806	11.8781128
66.1886416	11.9070740
66.2720027	13.3132324
66.3553637	20.4246826
66.4387247	24.2368469
66.5220857	26.6148682
66.6054467	28.8095703
66.6888077	28.9678345
66.7721687	27.0664062
66.8555297	21.0426941
66.9388907	14.2967529
67.0222517	12.2627869
67.1056128	13.9246216
67.1889738	8.0267029
67.2723348	18.1933289
67.3556958	22.1594238
67.4390568	23.7281799
67.5224178	26.8765564
67.6057788	28.7786255
67.6891398	29.1976318
67.7725008	27.7884216
67.8558618	20.2975769
67.9392228	16.6493835
68.0225839	16.5213928
68.1059449	12.5038147
68.1893059	14.6189880
68.2726669	16.5755310
68.3560279	22.9567261
68.4393889	24.2861023
68.5227499	27.8819580
68.6061109	28.8513489
68.6894719	27.8604736
68.7728329	26.7669983
68.8561940	22.6828308
68.9395550	20.0696106
69.0229160	15.4851990
69.1062770	11.5922546
69.1896380	13.4970398
69.2729990	20.9684143
69.3563600	22.3287964
69.4397210	24.7417297
69.5230820	28.0323792
69.6064430	28.4030762
69.6898041	29.5126953
69.7731651	26.9265442
69.8565261	20.7858582
69.9398871	18.5711060
70.0232481	9.9012146
70.1066091	12.2397461
70.1899701	15.9220886
70.2733311	16.4015503
70.3566921	23.0931091
70.4400531	25.5161743
70.5234141	26.4778137
70.6067752	28.8094177
70.6901362	29.0987854
70.7734972	27.0330811
70.8568582	23.3243408
70.9402192	16.3562927
71.0235802	12.8701477
71.1069412	10.2879944
71.1903022	11.5907288
71.2736632	18.0798035
71.3570242	22.2397766
71.4403853	24.0726013
71.5237463	27.0965576
71.6071073	28.0939941
71.6904683	29.0752258
71.7738293	27.2727356
71.8571903	23.0686340
71.9405513	15.2609863
72.0239123	14.0044556
72.1072733	12.9693604
72.1906343	10.6793823
72.2739954	15.0256958
72.3573564	22.2057800
72.4407174	24.3844299
72.5240784	26.8314819
72.6074394	29.2156067
72.6908004	28.5143127
72.7741614	27.9111938
72.8575224	23.3294067
72.9408834	16.9808655
73.0242444	13.1381836
73.1076054	7.0203857
73.1909665	12.0411377
73.2743275	14.5209961
73.3576885	17.8523865
73.4410495	23.9696350
73.5244105	26.6250305
73.6077715	28.2532654
73.6911325	28.0518799
73.7744935	25.8824158
73.8578545	23.9710083
73.9412155	18.2174072
74.0245766	10.1953430
74.1079376	11.3592529
74.1912986	11.0691223
74.2746596	14.3426208
74.3580206	20.5378418
74.4413816	23.1593628
74.5247426	27.4868774
74.6081036	29.2010803
74.6914646	29.1873474
74.7748256	27.5715332
74.8581866	22.8935242
74.9415477	17.3404846
75.0249087	11.9952393
75.1082697	7.9170837
75.1916307	16.3985291
75.2749917	19.9429016
75.3583527	20.2527771
75.4417137	24.6723328
75.5250747	26.9172058
75.6084357	28.5788574
75.6917967	29.2575684
75.7751578	27.3229370
75.8585188	22.2815552
75.9418798	16.7316895
76.0252408	15.7159424
76.1086018	14.5329895
76.1919628	15.1163330
76.2753238	17.2778015
76.3586848	22.3116150
76.4420458	25.2255859
76.5254068	27.9698792
76.6087679	27.6431274
76.6921289	28.3777466
76.7754899	27.8065186
76.8588509	23.0725403
76.9422119	18.5016174
77.0255729	11.2137756
77.1089339	12.2700500
77.1922949	16.5757141
77.2756559	18.2819519
77.3590169	20.8654480
77.4423779	24.4135132
77.5257390	26.5927734
77.6091000	29.0480042
77.6924610	28.9506836
77.7758220	28.4358215
77.8591830	21.1589661
77.9425440	18.8142700
78.0259050	11.5177002
78.1092660	8.4815063
78.1926270	8.8216858
78.2759880	15.0365906
78.3593491	23.1485291
78.4427101	24.9340210
78.5260711	28.6985474
78.6094321	29.6220398
78.6927931	29.8834534
78.7761541	27.2794189
78.8595151	23.4173279
78.9428761	22.0405884
79.0262371	17.0208435
79.1095981	12.3596497
79.1929591	12.5102539
79.2763202	15.9002075
79.3596812	21.0663452
79.4430422	23.3185425
79.5264032	27.3885498
79.6097642	28.5221558
79.6931252	29.9659424
79.7764862	27.9848328
79.8598472	24.8068848
79.9432082	16.0928650
80.0265692	13.7758789
80.1099303	15.8639526
80.1932913	14.3122253
80.2766523	22.7827454
80.3600133	21.2048035
80.4433743	24.8190613
80.5267353	29.1509094
80.6100963	28.3610229
80.6934573	28.5301819
80.7768183	27.8932190
80.8601793	23.2093811
80.9435404	19.1125488
