# time(yr)	moisture(mm/m)
0.0000000	319.6188354
0.0833610	320.5409546
0.1667220	319.7155457
0.2500830	327.9302368
0.3334440	307.2940063
0.4168050	276.8476562
0.5001661	304.5244751
0.5835271	300.6086731
0.6668881	279.3916626
0.7502491	307.6345215
0.8336101	307.2209473
0.9169711	288.0138855
1.0003321	323.7317200
1.0836931	326.2534180
1.1670541	328.1840515
1.2504151	322.9613342
1.3337762	297.6566772
1.4171372	277.6214905
1.5004982	307.6974792
1.5838592	308.4726257
1.6672202	286.5610352
1.7505812	284.2496338
1.8339422	255.8649139
1.9173032	286.9358826
2.0006642	319.9772034
2.0840252	323.3939819
2.1673863	314.9239807
2.2507473	299.7515869
2.3341083	279.3095398
2.4174693	278.7594910
2.5008303	270.3378906
2.5841913	285.0994263
2.6675523	268.9125366
2.7509133	303.6861572
2.8342743	283.4417725
2.9176353	296.7210388
3.0009963	317.3840942
3.0843574	322.2177429
3.1677184	314.6358032
3.2510794	312.7105713
3.3344404	293.4230347
3.4178014	295.6809082
3.5011624	259.0314941
3.5845234	259.0390625
3.6678844	257.1503601
3.7512454	283.0848694
3.8346064	248.9188995
3.9179675	265.8584900
4.0013285	308.3134155
4.0846895	316.8782654
4.1680505	311.5447693
4.2514115	324.5308228
4.3347725	281.6284790
4.4181335	255.3711243
4.5014945	297.6575623
4.5848555	280.5285034
4.6682165	289.2886047
4.7515775	315.4663086
4.8349386	305.3901672
4.9182996	281.7546692
5.0016606	296.7317505
5.0850216	301.3682251
5.1683826	293.3891296
5.2517436	294.4003906
5.3351046	298.5773926
5.4184656	254.0221558
5.5018266	244.9131317
5.5851876	259.4271240
5.6685487	260.4642639
5.7519097	331.2382202
5.8352707	311.1787109
5.9186317	295.7166443
6.0019927	314.2122498
6.0853537	303.2646179
6.1687147	299.5140076
6.2520757	319.1573792
6.3354367	293.0700989
6.4187977	250.1878204
6.5021588	237.4816895
6.5855198	243.7602692
6.6688808	239.2155914
6.7522418	293.6472473
6.8356028	280.2190552
6.9189638	305.8574829
7.0023248	333.3123169
7.0856858	332.6987305
7.1690468	320.5223083
7.2524078	317.2556458
7.3357688	308.0733948
7.4191299	310.4000244
7.5024909	306.9984131
7.5858519	301.4113159
7.6692129	292.1855774
7.7525739	267.9302063
7.8359349	330.0616760
7.9192959	311.7665710
8.0026569	333.1691589
8.0860179	316.4921570
8.1693789	315.3888550
8.2527400	313.3596802
8.3361010	279.3602600
8.4194620	251.2475281
8.5028230	247.6411743
8.5861840	267.7534180
8.6695450	267.2085266
8.7529060	290.4672241
8.8362670	287.2852173
8.9196280	319.8416138
9.0029890	316.3811035
9.0863500	305.2792358
9.1697111	308.9476624
9.2530721	315.5097351
9.3364331	263.9572754
9.4197941	226.5401611
9.5031551	208.7856140
9.5865161	206.8094635
9.6698771	232.2520905
9.7532381	227.0840607
9.8365991	303.8030090
9.9199601	292.1772766
10.0033212	314.0921021
10.0866822	311.8316040
10.1700432	313.2330322
10.2534042	319.4784851
10.3367652	297.0924683
10.4201262	232.5821838
10.5034872	213.1334686
10.5868482	270.9579468
10.6702092	263.1661682
10.7535702	315.3180847
10.8369313	331.5583496
10.9202923	307.0782471
11.0036533	310.3097839
11.0870143	308.3150024
11.1703753	301.8120728
11.2537363	289.7344055
11.3370973	268.6435547
11.4204583	219.4226532
11.5038193	222.3993225
11.5871803	254.2779388
11.6705413	227.3809509
11.7539024	294.6131287
11.8372634	286.4565125
11.9206244	294.2604370
12.0039854	311.2449951
12.0873464	328.3338928
12.1707074	319.4331360
12.2540684	322.1698608
12.3374294	281.0513916
12.4207904	290.9192810
12.5041514	230.3415070
12.5875125	252.5097504
12.6708735	258.3572083
12.7542345	250.1660309
12.8375955	298.8033142
12.9209565	298.3922119
13.0043175	321.0665283
13.0876785	322.0105286
13.1710395	308.4062195
13.2544005	324.9637756
13.3377615	312.5107117
13.4211226	295.9474487
13.5044836	306.1604004
13.5878446	286.2664795
13.6712056	266.7831726
13.7545666	260.0949097
13.8379276	297.7221985
13.9212886	293.5552063
14.0046496	335.4956055
14.0880106	325.5214539
14.1713716	319.3390808
14.2547326	322.4848938
14.3380937	325.7007751
14.4214547	283.1653442
14.5048157	293.1808167
14.5881767	261.8584900
14.6715377	282.7414551
14.7548987	279.6621094
14.8382597	257.1836243
14.9216207	308.1995544
15.0049817	317.3422852
15.0883427	322.3665771
15.1717038	320.8914490
15.2550648	320.8965149
15.3384258	306.8975830
15.4217868	227.8168793
15.5051478	192.3459167
15.5885088	206.1535797
15.6718698	271.2587280
15.7552308	295.7436218
15.8385918	284.9593201
15.9219528	284.5798950
16.0053138	315.0204773
16.0886749	314.3317871
16.1720359	311.4779968
16.2553969	286.7682800
16.3387579	256.2294312
16.4221189	243.0046997
16.5054799	230.9065247
16.5888409	271.5691833
16.6722019	252.7599640
16.7555629	224.7207489
16.8389239	244.2638702
16.9222850	225.6345673
17.0056460	295.1476440
17.0890070	286.4788513
17.1723680	284.1350098
17.2557290	269.0700989
17.3390900	235.5316467
17.4224510	182.7052460
17.5058120	208.5998993
17.5891730	260.3451233
17.6725340	279.5177612
17.7558951	270.0196533
17.8392561	300.5584412
17.9226171	319.8174438
18.0059781	312.1364441
18.0893391	315.5960693
18.1727001	325.8903198
18.2560611	316.1149597
18.3394221	298.1842041
18.4227831	284.6915283
18.5061441	284.9205627
18.5895051	292.3867493
18.6728662	291.6474304
18.7562272	285.5907288
18.8395882	289.5287476
18.9229492	320.9846191
19.0063102	326.4217529
19.0896712	323.3814392
19.1730322	333.5569458
19.2563932	326.7288208
19.3397542	325.3823853
19.4231152	299.7391663
19.5064763	280.5647278
19.5898373	291.2117920
19.6731983	267.3002319
19.7565593	318.6989746
19.8399203	319.5090027
19.9232813	298.4144592
20.0066423	316.3570557
20.0900033	324.0283813
20.1733643	332.1603394
20.2567253	315.2429504
20.3400864	324.0842896
20.4234474	285.5971069
20.5068084	267.9684448
20.5901694	241.7093506
20.6735304	251.9320831
20.7568914	252.4788971
20.8402524	265.4682617
20.9236134	283.5922241
21.0069744	301.2862549
21.0903354	308.4355469
21.1736964	295.8203430
21.2570575	294.5339050
21.3404185	254.1788788
21.4237795	197.9123688
21.5071405	201.7884827
21.5905015	273.9471130
21.6738625	254.0605927
21.7572235	296.6008606
21.8405845	264.0061646
21.9239455	263.8343201
22.0073065	298.2839661
22.0906676	307.9483643
22.1740286	302.7716370
22.2573896	319.5619202
22.3407506	317.1164551
22.4241116	263.6822205
22.5074726	273.8986511
22.5908336	295.9611206
22.6741946	268.1242676
22.7575556	263.7155151
22.8409166	268.6955566
22.9242776	308.6323242
23.0076387	313.4783325
23.0909997	327.9970703
23.1743607	314.8968811
23.2577217	315.5091553
23.3410827	306.8208618
23.4244437	280.5047607
23.5078047	309.6360474
23.5911657	308.1940613
23.6745267	286.1069031
23.7578877	316.9841919
23.8412488	292.8594055
23.9246098	282.0931702
24.0079708	305.6091003
24.0913318	302.9279175
24.1746928	284.1405029
24.2580538	276.7784119
24.3414148	323.7865906
24.4247758	288.8453064
24.5081368	266.9906311
24.5914978	259.5126953
24.6748589	283.3660278
24.7582199	263.1951904
24.8415809	289.8521729
24.9249419	304.3414612
25.0083029	336.3081665
25.0916639	328.5527344
25.1750249	335.3161621
25.2583859	312.0774231
25.3417469	313.0208435
25.4251079	251.9431458
25.5084689	271.6114807
25.5918300	264.6595764
25.6751910	260.9375916
25.7585520	286.8349609
25.8419130	313.2408752
25.9252740	314.9478760
26.0086350	319.2519226
26.0919960	324.3523560
26.1753570	333.9346313
26.2587180	329.3005371
26.3420790	287.9562988
26.4254401	300.5583496
26.5088011	266.8196411
26.5921621	261.5560608
26.6755231	275.7832336
26.7588841	272.9677429
26.8422451	283.2641907
26.9256061	274.5090637
27.0089671	324.0163879
27.0923281	328.0341492
27.1756891	309.2730408
27.2590501	294.2308044
27.3424112	261.7252502
27.4257722	202.2960968
27.5091332	216.5560608
27.5924942	211.2830658
27.6758552	217.8052979
27.7592162	301.2944641
27.8425772	306.2102051
27.9259382	284.6588440
28.0092992	300.5340271
28.0926602	299.4741821
28.1760213	292.6811829
28.2593823	303.7709961
28.3427433	302.1615906
28.4261043	250.3350677
28.5094653	276.1499634
28.5928263	259.5904236
28.6761873	234.1100311
28.7595483	300.3659363
28.8429093	321.3671875
28.9262703	317.4325562
29.0096314	336.0513000
29.0929924	312.9490967
29.1763534	307.3861084
29.2597144	325.8143616
29.3430754	291.1448059
29.4264364	271.1630554
29.5097974	280.1350403
29.5931584	287.8815002
29.6765194	269.9185181
29.7598804	289.3129883
29.8432414	305.5363464
29.9266025	291.0482788
30.0099635	313.2215271
30.0933245	330.3458557
30.1766855	327.6716309
30.2600465	325.9935913
30.3434075	293.2160034
30.4267685	237.2223511
30.5101295	264.8283081
30.5934905	276.0520630
30.6768515	264.0958252
30.7602126	291.0588989
30.8435736	327.3546143
30.9269346	338.0180664
31.0102956	339.0116577
31.0936566	315.9423828
31.1770176	324.3944702
31.2603786	331.6062317
31.3437396	312.0217896
31.4271006	291.2999268
31.5104616	293.6898193
31.5938227	294.9079895
31.6771837	287.9152527
31.7605447	311.7764587
31.8439057	319.8092041
31.9272667	293.7426147
32.0106277	323.1367188
32.0939887	314.5275574
32.1773497	325.4149780
32.2607107	293.7723999
32.3440717	281.6571960
32.4274327	272.2268982
32.5107938	255.7265778
32.5941548	216.6388550
32.6775158	220.5931091
32.7608768	230.0276184
32.8442378	222.0762024
32.9275988	291.2976379
33.0109598	296.4016418
33.0943208	288.7219849
33.1776818	291.5267029
33.2610428	325.4617004
33.3444039	313.5899048
33.4277649	286.6077576
33.5111259	305.7128296
33.5944869	325.3600769
33.6778479	303.0533752
33.7612089	304.0267944
33.8445699	267.6378174
33.9279309	274.7376404
34.0112919	322.3317871
34.0946529	303.8120422
34.1780139	295.0953979
34.2613750	269.5277710
34.3447360	249.3404236
34.4280970	204.1143494
34.5114580	169.3220215
34.5948190	184.4411469
34.6781800	258.8285828
34.7615410	305.3596497
34.8449020	288.1413574
34.9282630	271.2769470
35.0116240	311.1012268
35.0949851	318.1219177
35.1783461	326.3976746
35.2617071	327.7896423
35.3450681	323.7259216
35.4284291	337.1476440
35.5117901	320.8650818
35.5951511	286.6291504
35.6785121	303.7410278
35.7618731	269.6024475
35.8452341	248.2142334
35.9285952	292.1740723
36.0119562	328.1234131
36.0953172	331.2830505
36.1786782	328.0255432
36.2620392	321.3123169
36.3454002	320.7376709
36.4287612	303.1147156
36.5121222	299.2519226
36.5954832	283.6528931
36.6788442	287.0217590
36.7622052	322.3191223
36.8455663	276.3932495
36.9289273	303.4494934
37.0122883	324.1437988
37.0956493	312.9817505
37.1790103	306.9599609
37.2623713	308.2507324
37.3457323	305.1541443
37.4290933	286.2232361
37.5124543	233.7719421
37.5958153	306.8522339
37.6791764	300.3170471
37.7625374	321.5481873
37.8458984	309.4469604
37.9292594	324.4281921
38.0126204	324.2643433
38.0959814	331.0691833
38.1793424	333.5882568
38.2627034	318.3096619
38.3460644	305.7832642
38.4294254	294.9869690
38.5127864	263.0882568
38.5961475	263.2343750
38.6795085	276.4463196
38.7628695	293.7945251
38.8462305	255.2422028
38.9295915	278.6697083
39.0129525	319.0357056
39.0963135	312.8918152
39.1796745	326.6085205
39.2630355	314.3621216
39.3463965	304.2269897
39.4297576	302.6826782
39.5131186	298.1672668
39.5964796	301.9642944
39.6798406	271.8382568
39.7632016	275.9286499
39.8465626	319.5506592
39.9299236	315.4617310
40.0132846	336.4097900
40.0966456	316.2746582
40.1800066	308.6117554
40.2633677	280.1168518
40.3467287	277.0856628
40.4300897	270.7562561
40.5134507	298.4815369
40.5968117	265.0392151
40.6801727	259.9964600
40.7635337	254.2224579
40.8468947	216.3426361
40.9302557	241.7768097
41.0136167	274.5862122
41.0969777	307.3922729
41.1803388	310.5749817
41.2636998	275.0184631
41.3470608	254.8934479
41.4304218	256.3839111
41.5137828	253.0825195
41.5971438	221.2796631
41.6805048	285.8499451
41.7638658	306.3460693
41.8472268	290.3017883
41.9305878	281.1054077
42.0139489	326.0662231
42.0973099	314.9359741
42.1806709	305.7571411
42.2640319	299.4298706
42.3473929	299.7280273
42.4307539	273.1488953
42.5141149	243.6219177
42.5974759	296.2519226
42.6808369	295.2942810
42.7641979	285.4403381
42.8475590	257.8666077
42.9309200	318.2181091
43.0142810	321.0637817
43.0976420	315.6395874
43.1810030	327.6958313
43.2643640	328.0652466
43.3477250	319.3860168
43.4310860	300.9092407
43.5144470	276.5852661
43.5978080	313.9387512
43.6811690	285.6780090
43.7645301	274.4531250
43.8478911	267.0748596
43.9312521	329.3423462
44.0146131	321.4588623
44.0979741	322.3322144
44.1813351	330.4307251
44.2646961	323.1489563
44.3480571	267.4449463
44.4314181	220.2117920
44.5147791	199.3296967
44.5981402	200.8753662
44.6815012	248.8401031
44.7648622	296.9429016
44.8482232	313.3584595
44.9315842	302.2539978
45.0149452	325.7773438
45.0983062	313.1245422
45.1816672	340.1387329
45.2650282	314.9557495
45.3483892	277.1538391
45.4317502	295.6906433
45.5151113	272.7691956
45.5984723	252.6372375
45.6818333	241.8615723
45.7651943	222.0879059
45.8485553	211.0619812
45.9319163	203.1802216
46.0152773	280.6681213
46.0986383	292.3082581
46.1819993	289.3174744
46.2653603	298.5943604
46.3487214	271.1515808
46.4320824	249.9623260
46.5154434	208.8665161
46.5988044	232.9080963
46.6821654	234.6167145
46.7655264	203.3332977
46.8488874	298.4645081
46.9322484	331.7141724
47.0156094	312.5570679
47.0989704	307.4399414
47.1823315	296.2734985
47.2656925	309.8931885
47.3490535	323.3624573
47.4324145	296.5508118
47.5157755	261.3919067
47.5991365	290.7065735
47.6824975	298.3896484
47.7658585	306.9421997
47.8492195	289.9179077
47.9325805	311.3332214
48.0159415	318.8376770
48.0993026	325.5000000
48.1826636	338.2127686
48.2660246	322.5410156
48.3493856	313.5172729
48.4327466	299.0330505
48.5161076	259.8957520
48.5994686	299.2048950
48.6828296	280.8162537
48.7661906	275.4152222
48.8495516	275.5330811
48.9329127	315.5516663
49.0162737	320.0135803
49.0996347	315.2976685
49.1829957	313.3914795
49.2663567	314.1914368
49.3497177	293.8179932
49.4330787	283.1875610
49.5164397	276.1113586
49.5998007	295.0662842
49.6831617	300.4474792
49.7665227	302.6582336
49.8498838	294.3646545
49.9332448	293.9813232
50.0166058	320.7584229
50.0999668	321.0745544
50.1833278	302.7213745
50.2666888	290.2065735
50.3500498	275.7439880
50.4334108	249.8022156
50.5167718	249.7664032
50.6001328	219.8943176
50.6834939	256.3866577
50.7668549	247.4326935
50.8502159	238.1954193
50.9335769	245.2897949
51.0169379	306.8583374
51.1002989	310.5081177
51.1836599	318.2989807
51.2670209	328.7204895
51.3503819	281.7312012
51.4337429	238.8256989
51.5171040	259.8030701
51.6004650	271.9895935
51.6838260	268.8896790
51.7671870	306.2188110
51.8505480	307.8700562
51.9339090	303.0053101
52.0172700	313.4562378
52.1006310	316.0956116
52.1839920	317.5062866
52.2673530	285.0877075
52.3507140	276.6440430
52.4340751	251.2488403
52.5174361	213.9788055
52.6007971	205.0904236
52.6841581	213.9641113
52.7675191	233.3028717
52.8508801	258.3139954
52.9342411	315.0123901
53.0176021	329.5867920
53.1009631	322.5838623
53.1843241	327.2589417
53.2676852	313.1038818
53.3510462	313.0627441
53.4344072	250.6860504
53.5177682	276.1539001
53.6011292	267.7266846
53.6844902	289.0040588
53.7678512	278.2858887
53.8512122	301.3915100
53.9345732	282.0181274
54.0179342	312.4137878
54.1012953	343.1574707
54.1846563	332.1235352
54.2680173	316.4604187
54.3513783	326.0253296
54.4347393	281.8619690
54.5181003	317.2359924
54.6014613	315.9987183
54.6848223	285.4936829
54.7681833	303.0715027
54.8515443	310.1775818
54.9349053	292.0238037
55.0182664	317.8952026
55.1016274	318.3517151
55.1849884	323.1877747
55.2683494	330.6955261
55.3517104	319.9736328
55.4350714	285.0716858
55.5184324	259.4530029
55.6017934	246.5013275
55.6851544	304.8785706
55.7685154	331.0805054
55.8518765	310.2032776
55.9352375	292.6680908
56.0185985	323.5572510
56.1019595	338.1722717
56.1853205	326.6523743
56.2686815	329.8763733
56.3520425	313.3742371
56.4354035	271.9394531
56.5187645	229.9829712
56.6021255	230.4942780
56.6854865	304.8807068
56.7688476	293.3621521
56.8522086	278.8191528
56.9355696	293.0315552
57.0189306	296.1790466
57.1022916	287.9707642
57.1856526	310.3599854
57.2690136	304.6470947
57.3523746	323.4659119
57.4357356	295.6612854
57.5190966	250.3030853
57.6024577	225.3513184
57.6858187	275.1624146
57.7691797	299.2620850
57.8525407	315.6813354
57.9359017	315.4835815
58.0192627	314.4131775
58.1026237	318.5199890
58.1859847	304.1196289
58.2693457	288.2013245
58.3527067	252.2516479
58.4360678	237.2790070
58.5194288	250.1692505
58.6027898	259.1315308
58.6861508	303.6576233
58.7695118	329.0411072
58.8528728	305.0815125
58.9362338	316.6696777
59.0195948	326.5726624
59.1029558	319.9282837
59.1863168	330.2591553
59.2696778	324.4243469
59.3530389	314.8612976
59.4363999	279.9041138
59.5197609	272.7096252
59.6031219	246.9151764
59.6864829	215.5506744
59.7698439	231.1111603
59.8532049	233.4735718
59.9365659	235.5374603
60.0199269	287.4666748
60.1032879	329.3076782
60.1866490	306.8329468
60.2700100	313.4620667
60.3533710	306.3677368
60.4367320	281.1779480
60.5200930	241.8212738
60.6034540	218.9751892
60.6868150	255.2712860
60.7701760	252.7309113
60.8535370	283.7078247
60.9368980	328.2609863
61.0202591	326.1688538
61.1036201	333.0792847
61.1869811	313.3067627
61.2703421	321.4431763
61.3537031	282.5350037
61.4370641	252.9179382
61.5204251	266.7275391
61.6037861	282.7538147
61.6871471	287.0574951
61.7705081	284.6128235
61.8538691	320.9816895
61.9372302	314.7077637
62.0205912	332.4418335
62.1039522	307.1017456
62.1873132	288.4118958
62.2706742	279.9140625
62.3540352	261.1115723
62.4373962	219.2688446
62.5207572	204.5596466
62.6041182	225.4926910
62.6874792	228.3520508
62.7708403	250.4416962
62.8542013	236.9867554
62.9375623	273.8103027
63.0209233	327.1234741
63.1042843	316.6477661
63.1876453	308.2421570
63.2710063	305.2403564
63.3543673	264.7725525
63.4377283	251.3519897
63.5210893	303.5436401
63.6044503	311.5957336
63.6878114	315.7225952
63.7711724	309.5149841
63.8545334	274.5680847
63.9378944	291.5544434
64.0212554	323.2624512
64.1046164	315.0712280
64.1879774	312.7859192
64.2713384	299.0885315
64.3546994	271.9044800
64.4380604	233.2024841
64.5214215	195.7710419
64.6047825	202.2060852
64.6881435	234.2162170
64.7715045	283.6571045
64.8548655	278.5273132
64.9382265	269.7372131
65.0215875	274.3015137
65.1049485	309.7828369
65.1883095	325.2358093
65.2716705	291.8225708
65.3550316	295.1022034
65.4383926	261.8184204
65.5217536	246.9871521
65.6051146	245.9142303
65.6884756	277.6846924
65.7718366	288.0377502
65.8551976	313.5855713
65.9385586	330.9483643
66.0219196	312.4813538
66.1052806	316.4773560
66.1886416	333.9220276
66.2720027	332.3811035
66.3553637	313.4704895
66.4387247	267.8229065
66.5220857	259.5776978
66.6054467	267.9054260
66.6888077	294.5157166
66.7721687	305.6178284
66.8555297	311.8531189
66.9388907	309.6071167
67.0222517	325.6179504
67.1056128	313.3512268
67.1889738	324.9125061
67.2723348	301.0176086
67.3556958	272.2115784
67.4390568	235.1055450
67.5224178	281.3972778
67.6057788	298.4724426
67.6891398	265.1466980
67.7725008	239.8493805
67.8558618	239.6278534
67.9392228	294.4703674
68.0225839	278.2133179
68.1059449	290.9906921
68.1893059	307.9184265
68.2726669	298.5887451
68.3560279	240.0919800
68.4393889	196.8068085
68.5227499	192.4484863
68.6061109	198.8188934
68.6894719	244.2319336
68.7728329	253.0944366
68.8561940	269.6143494
68.9395550	291.7359314
69.0229160	314.5017090
69.1062770	319.3492737
69.1896380	333.8584900
69.2729990	304.6958008
69.3563600	303.9112854
69.4397210	287.8354187
69.5230820	288.9673157
69.6064430	310.1015625
69.6898041	288.9186707
69.7731651	286.3898621
69.8565261	314.1503601
69.9398871	284.7374878
70.0232481	302.6143188
70.1066091	317.4642639
70.1899701	326.0002136
70.2733311	326.2824402
70.3566921	311.7135315
70.4400531	288.5336304
70.5234141	318.1143799
70.6067752	274.7286377
70.6901362	294.6887512
70.7734972	284.8969116
70.8568582	306.9042053
70.9402192	289.1462097
71.0235802	322.8886719
71.1069412	323.1033630
71.1903022	304.4884949
71.2736632	308.5674438
71.3570242	270.6427612
71.4403853	241.7453003
71.5237463	241.8243408
71.6071073	275.7501831
71.6904683	286.7125854
71.7738293	270.0838318
71.8571903	295.5972290
71.9405513	291.9382935
72.0239123	314.4765930
72.1072733	321.6605530
72.1906343	312.8276062
72.2739954	315.7995300
72.3573564	323.8359680
72.4407174	308.2724915
72.5240784	294.6791687
72.6074394	283.3137207
72.6908004	320.1777649
72.7741614	301.9909363
72.8575224	308.5527954
72.9408834	324.2623596
73.0242444	315.2619934
73.1076054	317.9676208
73.1909665	319.0674744
73.2743275	321.0160828
73.3576885	312.8177185
73.4410495	270.4222717
73.5244105	237.6002350
73.6077715	250.8596191
73.6911325	308.1934204
73.7744935	325.8168335
73.8578545	299.0862732
73.9412155	314.9074097
74.0245766	318.7392273
74.1079376	323.5375977
74.1912986	336.8007507
74.2746596	323.8963623
74.3580206	307.8169250
74.4413816	252.0768890
74.5247426	226.0074463
74.6081036	240.2037048
74.6914646	268.5491943
74.7748256	250.2367859
74.8581866	229.8439484
74.9415477	241.9716949
75.0249087	260.5614319
75.1082697	307.6548157
75.1916307	316.4977722
75.2749917	311.4797974
75.3583527	276.5920105
75.4417137	246.1252289
75.5250747	240.5535278
75.6084357	270.4934082
75.6917967	297.3488770
75.7751578	277.0938416
75.8585188	293.3988953
75.9418798	298.6473694
76.0252408	312.5086365
76.1086018	325.2277832
76.1919628	309.0354309
76.2753238	318.0784607
76.3586848	285.5847473
76.4420458	236.2439270
76.5254068	206.1495667
76.6087679	275.0169067
76.6921289	282.7566833
76.7754899	249.4805145
76.8588509	237.6127777
76.9422119	290.9513245
77.0255729	311.8821106
77.1089339	317.7661133
77.1922949	325.4267883
77.2756559	313.1911316
77.3590169	282.8942261
77.4423779	245.1918640
77.5257390	232.6219788
77.6091000	237.2215729
77.6924610	283.2370300
77.7758220	257.9508057
77.8591830	328.5082092
77.9425440	298.5897217
78.0259050	323.5049133
78.1092660	323.9551697
78.1926270	323.6583557
78.2759880	318.9379272
78.3593491	314.7553101
78.4427101	292.3609314
78.5260711	291.1941528
78.6094321	299.9956055
78.6927931	285.0131531
78.7761541	299.8200073
78.8595151	327.1130676
78.9428761	292.3771057
79.0262371	326.5349731
79.1095981	333.6506653
79.1929591	308.5715027
79.2763202	310.5289612
79.3596812	302.2418823
79.4430422	278.1040649
79.5264032	279.2682190
79.6097642	318.1713257
79.6931252	287.1290588
79.7764862	248.1006012
79.8598472	248.6963196
79.9432082	271.7686157
80.0265692	303.5271301
80.1099303	316.7135925
80.1932913	322.6581116
80.2766523	303.4339600
80.3600133	310.6594238
80.4433743	289.0464783
80.5267353	255.8430786
80.6100963	304.1994934
80.6934573	330.9458923
80.7768183	305.5430298
80.8601793	319.5077209
80.9435404	317.8173828
