# time(yr)	runoff(mm/month)
0.0000000	37.9558164
0.0833610	38.2045821
0.1667220	36.5745390
0.2500830	31.2852907
0.3334440	34.6073532
0.4168050	31.6261510
0.5001661	30.4471842
0.5835271	31.5949742
0.6668881	42.5293078
0.7502491	29.5997942
0.8336101	26.0167357
0.9169711	26.8675062
1.0003321	28.7285849
1.0836931	26.4736395
1.1670541	27.5699461
1.2504151	34.1080679
1.3337762	33.7037909
1.4171372	34.1806478
1.5004982	34.5938005
1.5838592	44.1955443
1.6672202	47.4055685
1.7505812	42.2929916
1.8339422	47.9365941
1.9173032	41.3168352
2.0006642	47.2181544
2.0840252	40.2761941
2.1673863	48.6111576
2.2507473	41.4974505
2.3341083	39.0874158
2.4174693	41.5915866
2.5008303	41.4021404
2.5841913	41.3824843
2.6675523	47.5527087
2.7509133	39.4294053
2.8342743	30.4138551
2.9176353	34.0947886
3.0009963	28.1090976
3.0843574	36.0470991
3.1677184	38.8085200
3.2510794	35.9239999
3.3344404	31.3531652
3.4178014	28.8376906
3.5011624	34.8912467
3.5845234	33.5797604
3.6678844	32.9857614
3.7512454	34.5738662
3.8346064	40.1943401
3.9179675	24.6219385
4.0013285	26.4376890
4.0846895	23.9983163
4.1680505	27.4951195
4.2514115	23.3165650
4.3347725	21.4313181
4.4181335	22.8441494
4.5014945	23.6918176
4.5848555	25.6371337
4.6682165	21.5203598
4.7515775	27.0201037
4.8349386	33.2672716
4.9182996	24.8605556
5.0016606	27.6076081
5.0850216	24.2934806
5.1683826	29.3510544
5.2517436	22.9344901
5.3351046	30.0029608
5.4184656	31.7041459
5.5018266	48.6759816
5.5851876	33.6584696
5.6685487	40.1199214
5.7519097	48.6045663
5.8352707	44.3694268
5.9186317	41.4708495
6.0019927	43.1803680
6.0853537	44.7605448
6.1687147	41.5458717
6.2520757	45.2972139
6.3354367	38.3171414
6.4187977	44.5988406
6.5021588	35.0624395
6.5855198	35.8665403
6.6688808	41.7012062
6.7522418	37.9224496
6.8356028	35.6936408
6.9189638	29.7545252
7.0023248	31.0493799
7.0856858	32.6766153
7.1690468	30.2124403
7.2524078	32.4828787
7.3357688	30.4290180
7.4191299	31.6307951
7.5024909	30.2163324
7.5858519	41.7041482
7.6692129	32.0700843
7.7525739	32.0585684
7.8359349	28.2145705
7.9192959	28.8532778
8.0026569	27.4775238
8.0860179	28.5951178
8.1693789	28.0728972
8.2527400	38.5777885
8.3361010	29.9299259
8.4194620	30.6294615
8.5028230	32.8961728
8.5861840	41.0594060
8.6695450	29.2562606
8.7529060	25.6698074
8.8362670	26.6515933
8.9196280	23.5019306
9.0029890	32.4297403
9.0863500	28.1444352
9.1697111	27.6416514
9.2530721	26.4126109
9.3364331	34.1177356
9.4197941	26.7250314
9.5031551	34.5917024
9.5865161	31.0784680
9.6698771	27.0105892
9.7532381	24.2086091
9.8365991	21.7480574
9.9199601	25.7281179
10.0033212	24.2177440
10.0866822	22.9923362
10.1700432	21.9870516
10.2534042	22.1342130
10.3367652	20.6793419
10.4201262	21.7784043
10.5034872	22.5551380
10.5868482	22.3752983
10.6702092	18.0186343
10.7535702	19.5150123
10.8369313	29.5653430
10.9202923	17.9300264
11.0036533	16.3779346
11.0870143	16.7149334
11.1703753	17.3354981
11.2537363	18.9025595
11.3370973	29.1941216
11.4204583	20.9730234
11.5038193	28.9044407
11.5871803	26.6058478
11.6705413	22.9867303
11.7539024	41.5226748
11.8372634	23.9697185
11.9206244	29.4989253
12.0039854	34.6702961
12.0873464	37.2479191
12.1707074	46.1557026
12.2540684	43.8719944
12.3374294	39.2893044
12.4207904	43.8780718
12.5041514	48.4738101
12.5875125	46.5108983
12.6708735	35.9815419
12.7542345	32.4455443
12.8375955	42.4077880
12.9209565	38.1805695
13.0043175	37.9081920
13.0876785	34.6280348
13.1710395	44.7911911
13.2544005	50.0301771
13.3377615	55.8309575
13.4211226	54.6110779
13.5044836	59.0682806
13.5878446	60.3835694
13.6712056	53.3328335
13.7545666	43.7596874
13.8379276	39.3268886
13.9212886	47.2944072
14.0046496	36.3432087
14.0880106	38.7222906
14.1713716	38.0480831
14.2547326	35.6436731
14.3380937	31.4986717
14.4214547	36.5360944
14.5048157	32.8205117
14.5881767	31.2743028
14.6715377	29.0688913
14.7548987	27.7040261
14.8382597	26.1904886
14.9216207	28.9440074
15.0049817	25.5790754
15.0883427	29.8982117
15.1717038	28.2782701
15.2550648	24.6002362
15.3384258	33.2956383
15.4217868	29.6691044
15.5051478	32.1841358
15.5885088	30.2801522
15.6718698	32.8068057
15.7552308	29.1855147
15.8385918	28.4970778
15.9219528	24.0400425
16.0053138	25.6486921
16.0886749	25.6341138
16.1720359	25.7534295
16.2553969	24.5509970
16.3387579	26.7529172
16.4221189	24.1703153
16.5054799	26.9935310
16.5888409	29.1025645
16.6722019	22.6943431
16.7555629	24.2884475
16.8389239	19.4614449
16.9222850	21.2590362
17.0056460	24.2548756
17.0890070	26.9405340
17.1723680	29.2194732
17.2557290	21.0343585
17.3390900	30.0506230
17.4224510	22.9555441
17.5058120	22.6861322
17.5891730	27.7061832
17.6725340	25.6755147
17.7558951	23.3599343
17.8392561	20.3477227
17.9226171	24.2913825
18.0059781	27.0981552
18.0893391	21.3614916
18.1727001	22.0665836
18.2560611	22.7035818
18.3394221	24.8408524
18.4227831	20.5443920
18.5061441	20.2585466
18.5895051	21.4095969
18.6728662	22.3387655
18.7562272	25.7758201
18.8395882	19.0426568
18.9229492	19.2245711
19.0063102	17.9127595
19.0896712	21.1944950
19.1730322	19.7342291
19.2563932	21.3201309
19.3397542	22.7948136
19.4231152	23.1630316
19.5064763	23.6891231
19.5898373	24.8663713
19.6731983	19.6519731
19.7565593	23.1537151
19.8399203	23.1718295
19.9232813	23.2813359
20.0066423	28.1190883
20.0900033	24.6962205
20.1733643	26.5011316
20.2567253	21.2842558
20.3400864	27.9777262
20.4234474	29.5613095
20.5068084	35.7252395
20.5901694	31.1219929
20.6735304	31.8427805
20.7568914	35.5014223
20.8402524	32.5555812
20.9236134	33.1453157
21.0069744	27.6043077
21.0903354	34.4172941
21.1736964	30.4838938
21.2570575	26.7601285
21.3404185	25.3107762
21.4237795	24.8254255
21.5071405	30.9957606
21.5905015	26.6636515
21.6738625	24.0889729
21.7572235	23.1668671
21.8405845	22.5345319
21.9239455	19.8795740
22.0073065	26.9026033
22.0906676	28.8527002
22.1740286	29.7415759
22.2573896	24.9353044
22.3407506	33.3745149
22.4241116	24.4533365
22.5074726	30.2584145
22.5908336	32.9659214
22.6741946	33.7619222
22.7575556	26.9270261
22.8409166	31.6755977
22.9242776	28.7228022
23.0076387	25.0959430
23.0909997	27.1229504
23.1743607	28.7527342
23.2577217	30.9692822
23.3410827	34.0463650
23.4244437	28.7261073
23.5078047	31.4421174
23.5911657	29.0869561
23.6745267	28.2502570
23.7578877	39.8385267
23.8412488	35.5483041
23.9246098	26.8037029
24.0079708	30.3380149
24.0913318	29.6990223
24.1746928	39.5381031
24.2580538	33.8255370
24.3414148	32.2223117
24.4247758	35.9218405
24.5081368	34.2264169
24.5914978	38.8922906
24.6748589	44.7861463
24.7582199	39.0190839
24.8415809	36.5303729
24.9249419	31.6012214
25.0083029	38.0445588
25.0916639	34.0282412
25.1750249	41.0347097
25.2583859	42.8286046
25.3417469	49.4405699
25.4251079	44.9590387
25.5084689	43.2687520
25.5918300	49.6197756
25.6751910	46.4444194
25.7585520	39.3898668
25.8419130	44.3254894
25.9252740	37.5876926
26.0086350	39.2315007
26.0919960	42.1863094
26.1753570	43.8695003
26.2587180	55.6662972
26.3420790	52.6118478
26.4254401	45.6074208
26.5088011	44.2354552
26.5921621	49.2155221
26.6755231	76.9660600
26.7588841	71.2976010
26.8422451	53.9090835
26.9256061	46.4304776
27.0089671	50.1042752
27.0923281	54.3434600
27.1756891	49.2792995
27.2590501	57.4487351
27.3424112	47.8471728
27.4257722	47.9051792
27.5091332	46.9999620
27.5924942	42.4310698
27.6758552	42.5720571
27.7592162	46.5425442
27.8425772	37.1791676
27.9259382	34.8581628
28.0092992	37.3536301
28.0926602	33.6695094
28.1760213	29.5638107
28.2593823	35.7145062
28.3427433	30.9451777
28.4261043	38.1836365
28.5094653	38.9557355
28.5928263	37.0360634
28.6761873	36.9157930
28.7595483	40.2660761
28.8429093	37.5143017
28.9262703	33.2496169
29.0096314	41.2622564
29.0929924	35.6583692
29.1763534	55.6826199
29.2597144	47.9194132
29.3430754	45.5926682
29.4264364	44.9531971
29.5097974	41.6341237
29.5931584	47.4899308
29.6765194	46.6497545
29.7598804	38.0766455
29.8432414	32.7481958
29.9266025	39.8765942
30.0099635	28.5985667
30.0933245	47.2149295
30.1766855	30.8700941
30.2600465	42.6966038
30.3434075	40.9248025
30.4267685	40.1267343
30.5101295	44.6841788
30.5934905	38.3784010
30.6768515	47.6479763
30.7602126	38.5925034
30.8435736	35.8101652
30.9269346	52.1996028
31.0102956	53.9243454
31.0936566	52.6224892
31.1770176	53.0813119
31.2603786	50.6252770
31.3437396	56.6117082
31.4271006	42.6493377
31.5104616	50.9148047
31.5938227	49.9921615
31.6771837	41.6216106
31.7605447	41.4423107
31.8439057	34.7616551
31.9272667	31.2605921
32.0106277	32.4529938
32.0939887	32.3815760
32.1773497	32.6177485
32.2607107	34.6914397
32.3440717	28.3975385
32.4274327	26.2747189
32.5107938	30.1556456
32.5941548	29.8471172
32.6775158	28.6872996
32.7608768	26.1835484
32.8442378	22.2747193
32.9275988	22.6883246
33.0109598	23.1929684
33.0943208	26.0262667
33.1776818	25.9991753
33.2610428	24.8084427
33.3444039	23.3521171
33.4277649	24.1057388
33.5111259	29.5964797
33.5944869	28.8694449
33.6778479	28.5829253
33.7612089	25.3968169
33.8445699	29.0281434
33.9279309	28.7925721
34.0112919	38.7170171
34.0946529	41.8388695
34.1780139	48.9793521
34.2613750	51.1756616
34.3447360	45.1799045
34.4280970	44.1904287
34.5114580	46.9781653
34.5948190	44.1514088
34.6781800	58.3618119
34.7615410	39.9773499
34.8449020	34.9372138
34.9282630	35.9746370
35.0116240	33.8891870
35.0949851	34.2981930
35.1783461	35.3564604
35.2617071	33.0693269
35.3450681	35.3695275
35.4284291	32.5300410
35.5117901	37.1145698
35.5951511	30.5647812
35.6785121	45.3734243
35.7618731	31.8584313
35.8452341	23.6042964
35.9285952	32.5645889
36.0119562	28.8314953
36.0953172	31.2895859
36.1786782	30.5949042
36.2620392	27.3217061
36.3454002	33.6990690
36.4287612	27.7391633
36.5121222	42.4295281
36.5954832	33.8026748
36.6788442	27.1215784
36.7622052	38.8293218
36.8455663	24.5150229
36.9289273	32.9108005
37.0122883	31.6753572
37.0956493	45.2267038
37.1790103	48.6244298
37.2623713	50.7663020
37.3457323	44.7859671
37.4290933	43.6897477
37.5124543	48.0984303
37.5958153	47.0033613
37.6791764	50.4640160
37.7625374	53.5029300
37.8458984	44.5114891
37.9292594	54.6798341
38.0126204	44.6667623
38.0959814	47.2827286
38.1793424	47.5120999
38.2627034	45.9513387
38.3460644	44.7733832
38.4294254	41.1530659
38.5127864	48.2803658
38.5961475	50.6003121
38.6795085	39.4554688
38.7628695	38.3308049
38.8462305	50.3248204
38.9295915	33.9226858
39.0129525	42.6478337
39.0963135	45.1520776
39.1796745	82.0943514
39.2630355	56.8392879
39.3463965	61.4040593
39.4297576	46.2473870
39.5131186	50.0649678
39.5964796	48.5377384
39.6798406	40.3939892
39.7632016	41.8075678
39.8465626	48.8673468
39.9299236	38.6089935
40.0132846	39.6937157
40.0966456	40.8731753
40.1800066	36.3598827
40.2633677	36.8610846
40.3467287	36.1329654
40.4300897	42.3569811
40.5134507	34.5309307
40.5968117	47.1544430
40.6801727	35.3688981
40.7635337	49.7920174
40.8468947	40.9944829
40.9302557	37.5302897
41.0136167	44.1163871
41.0969777	63.2280395
41.1803388	56.1559218
41.2636998	66.4936751
41.3470608	51.1032090
41.4304218	63.9236641
41.5137828	53.6077782
41.5971438	58.8437986
41.6805048	57.4023318
41.7638658	47.5731003
41.8472268	62.2558435
41.9305878	55.1045121
42.0139489	58.0063333
42.0973099	60.9179330
42.1806709	58.2865257
42.2640319	61.6985706
42.3473929	69.6175548
42.4307539	73.4369414
42.5141149	53.8311051
42.5974759	56.1619804
42.6808369	70.0030527
42.7641979	59.1837560
42.8475590	47.7177745
42.9309200	48.3770243
43.0142810	45.4951751
43.0976420	47.6116722
43.1810030	40.0529898
43.2643640	44.3061257
43.3477250	52.0256117
43.4310860	47.4546404
43.5144470	47.3812448
43.5978080	45.1779101
43.6811690	41.7973649
43.7645301	67.9190785
43.8478911	39.4906390
43.9312521	46.7670121
44.0146131	47.8147489
44.0979741	48.7478968
44.1813351	39.0981561
44.2646961	40.2997022
44.3480571	41.1163798
44.4314181	42.3910080
44.5147791	40.5130195
44.5981402	40.7188356
44.6815012	32.2870533
44.7648622	41.0340826
44.8482232	35.6480532
44.9315842	35.1176524
45.0149452	38.2793592
45.0983062	31.6894781
45.1816672	46.3167420
45.2650282	36.9738112
45.3483892	47.6164577
45.4317502	41.6904045
45.5151113	46.3925893
45.5984723	38.0507210
45.6818333	37.7563913
45.7651943	36.6507517
45.8485553	29.4752734
45.9319163	33.4997193
46.0152773	41.6870711
46.0986383	42.3291307
46.1819993	45.8724221
46.2653603	35.6869175
46.3487214	49.1463557
46.4320824	39.3651470
46.5154434	41.5192377
46.5988044	48.1610384
46.6821654	37.7332651
46.7655264	40.4852540
46.8488874	29.9285822
46.9322484	34.0777681
47.0156094	39.3297976
47.0989704	34.3726754
47.1823315	36.8534796
47.2656925	41.8595251
47.3490535	35.3682805
47.4324145	31.5491226
47.5157755	40.0557197
47.5991365	37.8685239
47.6824975	45.5029169
47.7658585	34.0800335
47.8492195	37.3909691
47.9325805	28.9801277
48.0159415	37.3252917
48.0993026	33.2176976
48.1826636	35.7197680
48.2660246	39.8428125
48.3493856	33.5550666
48.4327466	35.4208648
48.5161076	33.1781214
48.5994686	38.2019630
48.6828296	42.3445104
48.7661906	31.1810248
48.8495516	32.4428192
48.9329127	35.7759498
49.0162737	33.8149263
49.0996347	30.3259850
49.1829957	50.8353364
49.2663567	41.7837014
49.3497177	54.8134003
49.4330787	44.1436011
49.5164397	43.5663656
49.5998007	46.2352275
49.6831617	52.0847167
49.7665227	40.8657258
49.8498838	35.9978929
49.9332448	31.5560699
50.0166058	36.4211447
50.0999668	35.6176167
50.1833278	34.2195899
50.2666888	36.0147861
50.3500498	32.7983072
50.4334108	35.0541155
50.5167718	43.6073563
50.6001328	40.3228567
50.6834939	43.3314120
50.7668549	31.5520576
50.8502159	38.0276302
50.9335769	39.2658481
51.0169379	40.7165301
51.1002989	38.1108067
51.1836599	58.4358535
51.2670209	65.3225466
51.3503819	58.5674347
51.4337429	60.4301471
51.5171040	52.3026357
51.6004650	54.9612900
51.6838260	50.0968070
51.7671870	61.2147404
51.8505480	43.4655297
51.9339090	40.2279992
52.0172700	49.4030824
52.1006310	50.1663128
52.1839920	47.2342508
52.2673530	59.7463708
52.3507140	54.0759882
52.4340751	53.4573472
52.5174361	55.5169694
52.6007971	53.4383370
52.6841581	48.0105319
52.7675191	60.8703086
52.8508801	39.5429523
52.9342411	40.2092672
53.0176021	44.9916134
53.1009631	45.4711673
53.1843241	38.5083368
53.2676852	47.7415608
53.3510462	39.9016158
53.4344072	34.7797836
53.5177682	38.6222021
53.6011292	40.6809190
53.6844902	41.6866421
53.7678512	43.4257131
53.8512122	30.8014817
53.9345732	41.2714880
54.0179342	41.6913381
54.1012953	36.7960059
54.1846563	38.4782562
54.2680173	37.7249222
54.3513783	38.1935542
54.4347393	47.6114742
54.5181003	37.3971573
54.6014613	38.7809807
54.6848223	35.3751405
54.7681833	37.2436121
54.8515443	30.4735141
54.9349053	37.2289537
55.0182664	34.2385765
55.1016274	44.6311324
55.1849884	39.9677505
55.2683494	43.6147208
55.3517104	40.4720053
55.4350714	43.8111449
55.5184324	43.1007912
55.6017934	43.4010734
55.6851544	38.4286610
55.7685154	38.4947958
55.8518765	42.5253757
55.9352375	34.7642978
56.0185985	34.8744879
56.1019595	45.1090172
56.1853205	38.6056106
56.2686815	36.1239530
56.3520425	45.3267900
56.4354035	39.9027143
56.5187645	38.5246666
56.6021255	38.0526706
56.6854865	37.1749502
56.7688476	57.3462443
56.8522086	38.2197568
56.9355696	40.0103961
57.0189306	40.2290789
57.1022916	42.7214321
57.1856526	41.6966328
57.2690136	43.2630565
57.3523746	40.8946465
57.4357356	48.1457341
57.5190966	49.0511116
57.6024577	54.4537255
57.6858187	48.4276332
57.7691797	53.8192143
57.8525407	47.5170175
57.9359017	52.1821674
58.0192627	47.5540712
58.1026237	57.8188202
58.1859847	65.2834278
58.2693457	68.6874150
58.3527067	66.3293494
58.4360678	51.6629666
58.5194288	53.5951991
58.6027898	54.2057212
58.6861508	55.6991264
58.7695118	47.4494682
58.8528728	40.6760297
58.9362338	47.3494669
59.0195948	38.8456798
59.1029558	42.0824371
59.1863168	40.6503245
59.2696778	34.4989006
59.3530389	36.4548792
59.4363999	40.6273492
59.5197609	37.9918447
59.6031219	36.8910496
59.6864829	37.3348180
59.7698439	39.0758998
59.8532049	37.7773934
59.9365659	32.4495354
60.0199269	36.4113143
60.1032879	28.4234936
60.1866490	35.0210339
60.2700100	40.4185958
60.3533710	33.4546786
60.4367320	38.0432245
60.5200930	44.5197448
60.6034540	35.1308468
60.6868150	36.4042491
60.7701760	38.6358114
60.8535370	46.3925516
60.9368980	33.6029456
61.0202591	49.9857918
61.1036201	49.0369860
61.1869811	54.3892550
61.2703421	62.9360742
61.3537031	64.3269934
61.4370641	49.2773287
61.5204251	60.2889665
61.6037861	44.6111887
61.6871471	49.5589355
61.7705081	49.5584687
61.8538691	50.0818893
61.9372302	37.5367301
62.0205912	45.5742568
62.1039522	43.6464421
62.1873132	36.8248559
62.2706742	48.6395455
62.3540352	40.1060221
62.4373962	47.6499141
62.5207572	50.9935941
62.6041182	37.4992355
62.6874792	40.1131085
62.7708403	35.3251870
62.8542013	47.1266822
62.9375623	34.5743448
63.0209233	42.4032807
63.1042843	39.0655579
63.1876453	42.1893740
63.2710063	39.0249302
63.3543673	40.7177889
63.4377283	39.7352109
63.5210893	50.0051084
63.6044503	49.7980712
63.6878114	44.7277438
63.7711724	49.9418497
63.8545334	37.9154457
63.9378944	45.0529108
64.0212554	39.1274658
64.1046164	39.6421828
64.1879774	45.6042101
64.2713384	35.2984327
64.3546994	36.4984229
64.4380604	37.6362435
64.5214215	37.4156441
64.6047825	45.5509090
64.6881435	36.7465357
64.7715045	50.6624345
64.8548655	38.5244638
64.9382265	36.9610529
65.0215875	47.7522729
65.1049485	51.6631175
65.1883095	57.0743877
65.2716705	60.6494711
65.3550316	51.2110416
65.4383926	64.3745141
65.5217536	45.8247411
65.6051146	47.6268162
65.6884756	43.0743552
65.7718366	39.5515592
65.8551976	45.4040424
65.9385586	42.0732244
66.0219196	40.2210779
66.1052806	35.5456732
66.1886416	42.0419651
66.2720027	37.5955640
66.3553637	36.6518974
66.4387247	37.1105363
66.5220857	34.5986709
66.6054467	36.6293983
66.6888077	32.0035205
66.7721687	32.3530726
66.8555297	37.3943991
66.9388907	32.7607466
67.0222517	25.8614696
67.1056128	28.7117460
67.1889738	42.7711168
67.2723348	43.4558408
67.3556958	41.3230729
67.4390568	45.4920256
67.5224178	42.7600983
67.6057788	50.5086135
67.6891398	34.2113814
67.7725008	38.4741166
67.8558618	32.8777802
67.9392228	33.9382895
68.0225839	39.2596741
68.1059449	44.3982533
68.1893059	36.3803921
68.2726669	45.8344536
68.3560279	52.5869771
68.4393889	42.8651869
68.5227499	49.4917540
68.6061109	39.3796663
68.6894719	49.8102732
68.7728329	36.8288116
68.8561940	32.7299470
68.9395550	40.0259456
69.0229160	35.2035894
69.1062770	42.3268157
69.1896380	35.6058909
69.2729990	46.5842609
69.3563600	40.8993849
69.4397210	44.4582965
69.5230820	48.8476011
69.6064430	38.8511537
69.6898041	42.2962118
69.7731651	45.5541104
69.8565261	36.1837935
69.9398871	37.2469738
70.0232481	41.5871358
70.1066091	41.2023735
70.1899701	54.9539443
70.2733311	56.3505166
70.3566921	54.2944164
70.4400531	44.8939271
70.5234141	60.7913306
70.6067752	53.5294886
70.6901362	44.8474531
70.7734972	41.2411859
70.8568582	41.2465089
70.9402192	44.6071057
71.0235802	42.2338677
71.1069412	42.7354916
71.1903022	37.6994716
71.2736632	37.3153505
71.3570242	38.3076057
71.4403853	42.2746415
71.5237463	35.1666064
71.6071073	40.5998995
71.6904683	33.3313295
71.7738293	39.8954346
71.8571903	29.7409701
71.9405513	33.2577311
72.0239123	31.8703174
72.1072733	30.0231851
72.1906343	30.4855062
72.2739954	32.7362932
72.3573564	32.3718234
72.4407174	35.0650939
72.5240784	30.2176643
72.6074394	29.7566020
72.6908004	31.3561238
72.7741614	27.5568247
72.8575224	24.6557367
72.9408834	25.4718226
73.0242444	35.8991433
73.1076054	23.9607887
73.1909665	26.2056397
73.2743275	33.2621018
73.3576885	25.3900559
73.4410495	28.4432864
73.5244105	32.7198998
73.6077715	28.3750983
73.6911325	30.2964514
73.7744935	32.4714216
73.8578545	26.0898649
73.9412155	22.6038067
74.0245766	27.4696666
74.1079376	23.4933543
74.1912986	22.5208188
74.2746596	25.8492110
74.3580206	28.5006021
74.4413816	22.3931533
74.5247426	27.7578953
74.6081036	26.7638226
74.6914646	26.4041242
74.7748256	34.8611614
74.8581866	23.1510607
74.9415477	20.8787105
75.0249087	24.6615972
75.1082697	23.0268841
75.1916307	24.1753012
75.2749917	27.4518115
75.3583527	23.9115424
75.4417137	24.8439665
75.5250747	27.7031940
75.6084357	23.3335125
75.6917967	25.5848770
75.7751578	28.1459416
75.8585188	20.5169942
75.9418798	28.3509302
76.0252408	25.9141860
76.1086018	32.5821138
76.1919628	29.1067018
76.2753238	38.6961187
76.3586848	42.0009179
76.4420458	48.0577084
76.5254068	41.0169018
76.6087679	42.1908261
76.6921289	36.8854743
76.7754899	33.9235180
76.8588509	93.0228339
76.9422119	55.6587110
77.0255729	68.1859986
77.1089339	56.8071847
77.1922949	58.7354944
77.2756559	60.0902038
77.3590169	51.9152944
77.4423779	50.6263662
77.5257390	51.2013291
77.6091000	49.2532737
77.6924610	44.4825731
77.7758220	46.6014417
77.8591830	42.6213930
77.9425440	47.8811761
78.0259050	38.4744514
78.1092660	34.8582854
78.1926270	39.9913859
78.2759880	40.5840059
78.3593491	33.1062463
78.4427101	35.8431902
78.5260711	34.3560698
78.6094321	34.9160608
78.6927931	36.9575687
78.7761541	38.7798774
78.8595151	31.7681920
78.9428761	28.8361253
79.0262371	32.1705501
79.1095981	25.7256497
79.1929591	27.8927840
79.2763202	30.5764716
79.3596812	27.7210867
79.4430422	23.9203379
79.5264032	29.3125249
79.6097642	31.2560753
79.6931252	29.7908411
79.7764862	29.5965197
79.8598472	38.4878650
79.9432082	23.6914805
80.0265692	29.1013575
80.1099303	25.9619447
80.1932913	28.1145126
80.2766523	26.0253379
80.3600133	26.3906351
80.4433743	24.0621172
80.5267353	29.1777447
80.6100963	27.7564714
80.6934573	24.5667869
80.7768183	32.3507882
80.8601793	23.6505016
80.9435404	25.4777586
81.0269014	24.9056741
81.1102624	30.9546521
81.1936234	25.7074906
81.2769844	28.8314175
81.3603454	25.7577388
81.4437064	32.1465186
81.5270674	23.6335683
81.6104284	29.9703201
81.6937894	27.8171842
81.7771504	25.7154751
81.8605115	27.5033092
81.9438725	28.1093876
82.0272335	27.3404545
82.1105945	27.7005325
82.1939555	22.5545628
82.2773165	35.0298954
82.3606775	34.9455614
82.4440385	36.2321110
82.5273995	32.6480435
82.6107605	34.2666485
82.6941216	33.9322074
82.7774826	40.6840167
82.8608436	31.4986221
82.9442046	29.9816027
83.0275656	42.9923645
83.1109266	34.7847578
83.1942876	42.8625843
83.2776486	47.9227325
83.3610096	58.9879024
83.4443706	49.3007284
83.5277317	49.9777483
83.6110927	41.6919180
83.6944537	47.1287048
83.7778147	44.3424156
83.8611757	37.8613644
83.9445367	43.0931391
84.0278977	40.3957290
84.1112587	39.2571682
84.1946197	43.2272993
84.2779807	46.2114648
84.3613417	40.9136991
84.4447028	39.0314862
84.5280638	35.9911530
84.6114248	41.6045146
84.6947858	42.2649148
84.7781468	53.7480253
84.8615078	29.6518199
84.9448688	36.0922647
85.0282298	34.6716563
85.1115908	33.6392615
85.1949518	33.2811638
85.2783129	28.4881503
85.3616739	29.0930995
85.4450349	31.8459889
85.5283959	28.7458648
85.6117569	31.2596279
85.6951179	26.8702219
85.7784789	24.6670806
85.8618399	23.6537124
85.9452009	23.3488120
86.0285619	24.7356859
86.1119229	21.1081643
86.1952840	22.4818108
86.2786450	20.1826474
86.3620060	19.4431973
86.4453670	18.5525100
86.5287280	19.3918753
86.6120890	26.0050241
86.6954500	21.4134324
86.7788110	15.7895874
86.8621720	27.3513552
86.9455330	18.5238356
87.0288941	16.5411051
87.1122551	18.9854272
87.1956161	22.7546928
87.2789771	19.6964044
87.3623381	20.5947086
87.4456991	23.3111689
87.5290601	27.5690455
87.6124211	26.4909971
87.6957821	26.2634387
87.7791431	22.1517498
87.8625042	25.4206527
87.9458652	27.6765010
88.0292262	27.2094085
88.1125872	31.8057526
88.1959482	40.8286343
88.2793092	44.2067985
88.3626702	46.1741611
88.4460312	49.1915284
88.5293922	47.6085793
88.6127532	43.9933162
88.6961142	38.1029094
88.7794753	48.5974752
88.8628363	43.3025290
88.9461973	36.2185040
89.0295583	39.7527736
89.1129193	42.1353893
89.1962803	58.7351267
89.2796413	52.8768160
89.3630023	72.6293068
89.4463633	58.8527332
89.5297243	52.8175366
89.6130854	46.4323871
89.6964464	49.3986128
89.7798074	44.8412012
89.8631684	45.3123202
89.9465294	38.4028639
90.0298904	44.4768305
90.1132514	32.6987326
90.1966124	32.8219827
90.2799734	33.7145784
90.3633344	31.0655682
90.4466955	29.8468909
90.5300565	34.7796328
90.6134175	39.6072978
90.6967785	28.3340818
90.7801395	33.2189989
90.8635005	22.8209431
90.9468615	27.0889212
91.0302225	24.0121684
91.1135835	26.7135531
91.1969445	26.1676477
91.2803055	30.6182968
91.3636666	29.2979867
91.4470276	24.9080975
91.5303886	28.1709560
91.6137496	33.1433071
91.6971106	24.0162185
91.7804716	22.6605048
91.8638326	28.6157829
91.9471936	25.0378706
92.0305546	26.0624482
92.1139156	26.7922011
92.1972767	24.2544796
92.2806377	27.9965147
92.3639987	27.4362762
92.4473597	25.4402593
92.5307207	38.8368254
92.6140817	26.8973510
92.6974427	28.7387006
92.7808037	32.1727590
92.8641647	25.2919122
92.9475257	24.5670934
93.0308867	28.6434329
93.1142478	23.9735635
93.1976088	23.0146326
93.2809698	28.8046256
93.3643308	31.7593093
93.4476918	26.1847931
93.5310528	26.2895682
93.6144138	26.5222988
93.6977748	28.0062273
93.7811358	25.3755177
93.8644968	24.7303511
93.9478579	29.9282875
94.0312189	34.1523565
94.1145799	30.2982878
94.1979409	39.9784438
94.2813019	35.4013313
94.3646629	40.9883253
94.4480239	34.3511994
94.5313849	41.8316181
94.6147459	37.6232848
94.6981069	39.0394330
94.7814680	33.8584134
94.8648290	46.6203105
94.9481900	39.8658869
95.0315510	36.2368895
95.1149120	40.1283656
95.1982730	48.6723512
95.2816340	54.6264341
95.3649950	47.8651032
95.4483560	48.9373854
95.5317170	44.3927699
95.6150780	46.7158516
95.6984391	43.0089654
95.7818001	43.3430717
95.8651611	33.8834491
95.9485221	36.4633682
96.0318831	41.2105112
96.1152441	39.8842511
96.1986051	32.4213125
96.2819661	34.1896555
96.3653271	32.1025742
96.4486881	32.0849855
96.5320492	37.2037035
96.6154102	31.4740344
96.6987712	34.9824997
96.7821322	41.1510573
96.8654932	27.3317321
96.9488542	23.5339112
97.0322152	25.5190722
97.1155762	23.1645380
97.1989372	23.5235669
97.2822982	27.9142859
97.3656592	25.0497778
97.4490203	24.1070118
97.5323813	29.3001084
97.6157423	23.4746223
97.6991033	24.6241309
97.7824643	28.4336682
97.8658253	30.4904874
97.9491863	20.6432241
98.0325473	31.9942441
98.1159083	26.1292360
98.1992693	26.9677433
98.2826304	37.4102857
98.3659914	30.1021112
98.4493524	35.8674479
98.5327134	36.3317493
98.6160744	37.1983451
98.6994354	31.0431422
98.7827964	31.5974118
98.8661574	29.8261174
98.9495184	25.5710555
99.0328794	29.5582425
99.1162405	31.3113330
99.1996015	31.8507721
99.2829625	35.2109045
99.3663235	34.3164181
99.4496845	33.5015180
99.5330455	39.3172562
99.6164065	42.9138344
99.6997675	30.7104574
99.7831285	41.6012237
99.8664895	40.4869230
99.9498505	40.1138911
100.0332116	54.0080240
100.1165726	45.3616137
100.1999336	63.3193938
100.2832946	66.9595182
100.3666556	60.2275230
100.4500166	64.2357098
100.5333776	59.5874719
100.6167386	53.7211319
100.7000996	56.3795269
100.7834606	51.0039903
100.8668217	56.3662971
100.9501827	46.3994164
101.0335437	53.6825176
101.1169047	47.2799186
101.2002657	57.1361849
101.2836267	43.1458178
101.3669877	51.3234901
101.4503487	47.3213053
101.5337097	41.1413401
101.6170707	41.0711553
101.7004318	38.5007624
101.7837928	39.2438559
101.8671538	32.6167796
101.9505148	38.7504098
102.0338758	30.7890464
102.1172368	30.0680725
102.2005978	30.9784572
102.2839588	37.9210870
102.3673198	31.4983039
102.4506808	29.2778521
102.5340418	36.7509888
102.6174029	33.2169126
102.7007639	32.8825210
102.7841249	32.8459128
102.8674859	28.8964090
102.9508469	34.4307125
103.0342079	33.0508307
103.1175689	28.4675182
103.2009299	24.3971288
103.2842909	24.6865009
103.3676519	26.9095553
103.4510130	22.6226283
103.5343740	23.6667536
103.6177350	24.7766813
103.7010960	31.9307685
103.7844570	30.3614192
103.8678180	21.2938905
103.9511790	20.4612226
104.0345400	24.7021541
104.1179010	25.7985338
104.2012620	24.7914293
104.2846230	28.5783542
104.3679841	33.5150495
104.4513451	47.5547266
104.5347061	50.9935800
104.6180671	43.6957921
104.7014281	48.8754893
104.7847891	40.4526604
104.8681501	36.7931228
104.9515111	44.1755016
105.0348721	45.3583510
105.1182331	46.0608263
105.2015942	49.9294921
105.2849552	54.1715199
105.3683162	59.6796985
105.4516772	53.0279496
105.5350382	58.0110906
105.6183992	50.5805240
105.7017602	46.6909526
105.7851212	61.0141059
105.8684822	39.3430628
105.9518432	49.8718346
106.0352043	51.4231048
106.1185653	42.7981280
106.2019263	43.6888236
106.2852873	45.3976255
106.3686483	49.2295440
106.4520093	41.7625271
106.5353703	47.0665918
106.6187313	47.0242056
106.7020923	43.0560664
106.7854533	43.9071481
106.8688143	40.6410976
106.9521754	43.2756215
107.0355364	46.5241894
107.1188974	53.0957110
107.2022584	54.8782762
107.2856194	54.5308175
107.3689804	56.9857538
107.4523414	55.1389209
107.5357024	48.0444173
107.6190634	50.9036448
107.7024244	44.3632551
107.7857855	44.6273888
107.8691465	36.7986061
107.9525075	38.1638979
108.0358685	44.1375520
108.1192295	32.6237905
108.2025905	46.3688691
108.2859515	38.1336995
108.3693125	45.4492150
108.4526735	50.3196294
108.5360345	45.2261286
108.6193955	41.3778874
108.7027566	38.8290955
108.7861176	40.3043982
108.8694786	42.4317865
108.9528396	38.9519024
109.0362006	52.3512691
109.1195616	42.8188921
109.2029226	41.6613612
109.2862836	37.8977086
109.3696446	45.6585389
109.4530056	42.7941582
109.5363667	51.2040354
109.6197277	33.5826978
109.7030887	39.0617365
109.7864497	30.0275534
109.8698107	28.2556460
109.9531717	32.4456127
110.0365327	32.8500335
110.1198937	33.8668176
110.2032547	27.2269947
110.2866157	23.1318737
110.3699768	26.6054352
110.4533378	23.7582636
110.5366988	26.7317099
110.6200598	23.2411774
110.7034208	27.0301086
110.7867818	28.5661004
110.8701428	22.5238269
110.9535038	19.9015309
111.0368648	28.9034930
111.1202258	22.1467167
111.2035868	18.8888075
111.2869479	23.2080228
111.3703089	21.5329107
111.4536699	22.1914580
111.5370309	22.8379589
111.6203919	34.3616875
111.7037529	23.5300073
111.7871139	20.2161226
111.8704749	19.2902651
111.9538359	29.6744864
112.0371969	21.2316030
112.1205580	24.1156210
112.2039190	29.0563593
112.2872800	32.1443310
112.3706410	36.1178073
112.4540020	36.6442736
112.5373630	37.4678914
112.6207240	39.1414099
112.7040850	32.9741441
112.7874460	33.6965630
112.8708070	33.5496705
112.9541681	47.7376616
113.0375291	36.2377358
113.1208901	39.5121457
113.2042511	42.8874692
113.2876121	51.9087974
113.3709731	37.6503668
113.4543341	39.5511679
113.5376951	41.1652348
113.6210561	42.9865936
113.7044171	42.7073536
113.7877781	42.3819508
113.8711392	48.6187390
113.9545002	31.2500167
114.0378612	39.8988482
114.1212222	35.6605640
114.2045832	53.9186593
114.2879442	45.3733630
114.3713052	45.2738049
114.4546662	48.3732666
114.5380272	45.1618514
114.6213882	38.1545579
114.7047493	38.6128856
114.7881103	33.6089263
114.8714713	30.0379472
114.9548323	29.8549296
115.0381933	35.5324481
115.1215543	33.6919072
115.2049153	28.0327057
115.2882763	29.4648584
115.3716373	24.4410191
115.4549983	24.9805124
115.5383593	22.3615687
115.6217204	26.9020823
115.7050814	23.8818885
115.7884424	19.0204323
115.8718034	34.7627348
115.9551644	29.7798909
116.0385254	23.7361275
116.1218864	21.4019023
116.2052474	19.5321177
116.2886084	30.5109898
116.3719694	27.7027131
116.4553305	26.6211615
116.5386915	26.9015071
116.6220525	30.2672690
116.7054135	27.1929302
116.7887745	28.4445948
116.8721355	23.7425868
116.9554965	27.7511743
117.0388575	27.7622801
117.1222185	30.2121763
117.2055795	41.4180623
117.2889406	39.6356103
117.3723016	47.9030481
117.4556626	44.2098585
117.5390236	39.0314791
117.6223846	49.5692845
117.7057456	34.9216927
117.7891066	37.1622485
117.8724676	34.9112045
117.9558286	40.4278463
118.0391896	38.9178472
118.1225506	31.4671531
118.2059117	38.1936343
118.2892727	35.8821252
118.3726337	37.0211740
118.4559947	36.5422236
118.5393557	35.9527037
118.6227167	39.8698473
118.7060777	38.5019741
118.7894387	34.4006555
118.8727997	31.3803037
118.9561607	40.1340706
119.0395218	30.1660276
119.1228828	32.6021990
119.2062438	31.1021270
119.2896048	33.0531056
119.3729658	32.9481536
119.4563268	31.8384146
119.5396878	35.8686479
119.6230488	28.2038466
119.7064098	33.8503181
119.7897708	24.4136731
119.8731318	24.7872095
119.9564929	23.1395660
120.0398539	28.3290558
120.1232149	23.2653055
120.2065759	27.4401211
120.2899369	29.9532289
120.3732979	21.7504926
120.4566589	23.3162845
120.5400199	28.8289069
120.6233809	30.3067815
120.7067419	22.4365320
120.7901030	31.5597781
120.8734640	24.1805724
120.9568250	21.9996850
121.0401860	26.5588457
121.1235470	27.4916730
121.2069080	22.7427832
121.2902690	22.3125204
121.3736300	25.5026646
121.4569910	24.7323596
121.5403520	23.1200466
121.6237131	23.3051717
121.7070741	27.0907765
121.7904351	22.6989306
121.8737961	27.3087827
121.9571571	27.3487974
122.0405181	30.1516922
122.1238791	26.2896601
122.2072401	29.7410974
122.2906011	30.9574008
122.3739621	32.8241138
122.4573231	30.0342272
122.5406842	39.4453296
122.6240452	31.5674161
122.7074062	37.2341000
122.7907672	25.7242235
122.8741282	30.7968235
122.9574892	23.0557671
123.0408502	28.8013629
123.1242112	44.1818619
123.2075722	45.2028845
123.2909332	47.7521691
123.3742943	62.4614757
123.4576553	46.3769644
123.5410163	64.1008612
123.6243773	56.0102009
123.7077383	48.9937794
123.7910993	57.7624026
123.8744603	49.2160455
123.9578213	45.7583564
124.0411823	47.1198740
124.1245433	46.6474443
124.2079044	57.5542339
124.2912654	67.4624764
124.3746264	73.7116928
124.4579874	59.6607120
124.5413484	49.7885473
124.6247094	59.4438962
124.7080704	52.6176140
124.7914314	78.4294601
124.8747924	51.8768544
124.9581534	49.3779147
125.0415144	71.9804532
125.1248755	84.3316092
125.2082365	79.5801828
125.2915975	75.8496706
125.3749585	74.3005645
125.4583195	61.1729152
125.5416805	52.0725572
125.6250415	57.6076622
125.7084025	69.4986282
125.7917635	44.6685209
125.8751245	46.3220038
125.9584856	43.3247688
126.0418466	39.5048141
126.1252076	36.8255867
126.2085686	49.7567034
126.2919296	37.8240301
126.3752906	50.3339247
126.4586516	39.3914439
126.5420126	38.6960927
126.6253736	38.8475422
126.7087346	44.1491363
126.7920956	36.4564540
126.8754567	41.7853893
126.9588177	36.6695945
127.0421787	34.0328240
127.1255397	37.0840649
127.2089007	33.7565756
127.2922617	30.5437531
127.3756227	32.0113212
127.4589837	33.5408231
127.5423447	36.5071406
127.6257057	33.2868852
127.7090668	39.1961961
127.7924278	41.1962725
127.8757888	26.8043582
127.9591498	32.6958023
128.0425108	32.6519356
128.1258718	37.6109037
128.2092328	55.8739143
128.2925938	56.1407778
128.3759548	51.6235036
128.4593158	47.6764303
128.5426769	45.4368952
128.6260379	42.3886034
128.7093989	38.6544986
128.7927599	39.4013592
128.8761209	38.1265919
128.9594819	32.0079901
129.0428429	38.5382264
129.1262039	40.1195536
129.2095649	31.8443741
129.2929259	37.5736731
129.3762869	33.9611446
129.4596480	36.1364968
129.5430090	28.8408024
129.6263700	31.1392067
129.7097310	31.5710701
129.7930920	29.4326632
129.8764530	28.1532236
129.9598140	33.7030035
130.0431750	28.7860162
130.1265360	33.4452560
130.2098970	33.2849592
130.2932581	44.5942531
130.3766191	34.9563772
130.4599801	39.2266727
130.5433411	44.8075185
130.6267021	36.1418528
130.7100631	37.0128617
130.7934241	50.0579568
130.8767851	45.1090407
130.9601461	38.4703141
131.0435071	56.4353315
131.1268682	38.7464282
131.2102292	38.3307059
131.2935902	43.4166323
131.3769512	40.0028760
131.4603122	38.0894698
131.5436732	40.3095467
131.6270342	38.1463659
131.7103952	34.0205797
131.7937562	35.3641644
131.8771172	33.8734702
131.9604782	38.0996939
132.0438393	37.5329135
132.1272003	29.0451262
132.2105613	26.9484054
132.2939223	28.4023806
132.3772833	26.0089586
132.4606443	29.5733818
132.5440053	33.0914111
132.6273663	34.1967206
132.7107273	30.3963395
132.7940883	29.2682669
132.8774494	25.1265068
132.9608104	31.9043560
133.0441714	34.3528991
133.1275324	27.3420246
133.2108934	32.2935692
133.2942544	31.4223293
133.3776154	30.5187151
133.4609764	29.7701076
133.5443374	27.4784220
133.6276984	29.3030905
133.7110594	29.1788974
133.7944205	32.1796780
133.8777815	23.9181926
133.9611425	21.9529234
134.0445035	24.9445431
134.1278645	22.0043503
134.2112255	29.1867877
134.2945865	20.3469424
134.3779475	25.6832328
134.4613085	21.5155107
134.5446695	23.8799531
134.6280306	23.1188962
134.7113916	25.4166758
134.7947526	32.0238037
134.8781136	21.3006799
134.9614746	25.7854407
135.0448356	20.2537752
135.1281966	30.9076571
135.2115576	32.2381865
135.2949186	41.4053936
135.3782796	40.8900685
135.4616407	42.8006646
135.5450017	39.5364270
135.6283627	42.4955073
135.7117237	41.8867249
135.7950847	39.4197752
135.8784457	38.8491240
135.9618067	38.2404265
136.0451677	35.9002537
136.1285287	34.8261798
136.2118897	41.0110743
136.2952507	36.4431770
136.3786118	33.9412599
136.4619728	35.9207820
136.5453338	41.4144979
136.6286948	39.0355716
136.7120558	33.4108638
136.7954168	29.9963483
136.8787778	33.3400660
136.9621388	29.6241392
137.0454998	25.0775859
137.1288608	28.4807551
137.2122219	22.5237137
137.2955829	24.2305495
137.3789439	19.8565374
137.4623049	21.5083630
137.5456659	23.3334347
137.6290269	24.7173665
137.7123879	26.0013630
137.7957489	24.5670179
137.8791099	23.4399377
137.9624709	19.8408536
138.0458319	23.9204557
138.1291930	20.4135722
138.2125540	26.3828344
138.2959150	21.9703895
138.3792760	22.5878424
138.4626370	25.9607943
138.5459980	27.3552379
138.6293590	29.1929052
138.7127200	23.4057671
138.7960810	27.2597580
138.8794420	25.6441753
138.9628031	20.8527696
139.0461641	23.2179145
139.1295251	25.6655546
139.2128861	31.8671632
139.2962471	31.1839550
139.3796081	34.7882632
139.4629691	34.4401869
139.5463301	67.0284064
139.6296911	45.1052925
139.7130521	45.5233886
139.7964132	47.3033512
139.8797742	42.9023067
139.9631352	35.6462168
140.0464962	47.8191149
140.1298572	41.5578285
140.2132182	43.5692511
140.2965792	44.4428460
140.3799402	39.8680085
140.4633012	39.1034367
140.5466622	43.9268938
140.6300232	42.8514102
140.7133843	33.8625294
140.7967453	36.0886414
140.8801063	35.4978649
140.9634673	31.1670359
141.0468283	33.4049585
141.1301893	34.9188661
141.2135503	33.2209461
141.2969113	32.2005175
141.3802723	43.2685021
141.4636333	36.3181494
141.5469944	39.2731066
141.6303554	35.1710972
141.7137164	47.3950309
141.7970774	35.3683724
141.8804384	36.2474743
141.9637994	38.2288540
142.0471604	41.4454932
142.1305214	33.2542775
142.2138824	41.3409939
142.2972434	45.4990601
142.3806045	47.2629924
142.4639655	37.2919956
142.5473265	42.6481496
142.6306875	43.7169853
142.7140485	41.1522879
142.7974095	48.4653848
142.8807705	31.5441131
142.9641315	48.6203609
143.0474925	38.1557696
143.1308535	44.4639731
143.2142145	58.5022287
143.2975756	63.8269961
143.3809366	54.9448023
143.4642976	47.9546565
143.5476586	49.1009048
143.6310196	49.9382805
143.7143806	43.9069077
143.7977416	42.4114373
143.8811026	35.3979673
143.9644636	37.1835972
144.0478246	36.2139448
144.1311857	35.2537858
144.2145467	37.3732838
144.2979077	35.5802611
144.3812687	29.8154854
144.4646297	31.2756276
144.5479907	33.1043415
144.6313517	30.0361862
144.7147127	31.0466382
144.7980737	29.5019805
144.8814347	23.9501308
144.9647957	23.7634569
145.0481568	25.4495357
145.1315178	26.5179541
145.2148788	22.3573277
145.2982398	29.5057594
145.3816008	22.4005060
145.4649618	22.9060173
145.5483228	22.6785367
145.6316838	32.0400509
145.7150448	25.7008875
145.7984058	20.8086718
145.8817669	22.6823604
145.9651279	27.5187785
146.0484889	24.5669001
146.1318499	24.6580706
146.2152109	27.4615806
146.2985719	24.1236810
146.3819329	21.8142087
146.4652939	24.7844725
146.5486549	25.2843449
146.6320159	24.0146979
146.7153770	28.1643600
146.7987380	23.7173153
146.8820990	40.0620470
146.9654600	23.4303926
147.0488210	27.6047037
147.1321820	29.7500626
147.2155430	33.4716779
147.2989040	37.3085540
147.3822650	40.4257152
147.4656260	39.4529346
147.5489870	37.1986563
147.6323481	41.9036700
147.7157091	34.7644628
147.7990701	53.0407220
147.8824311	43.0328978
147.9657921	39.1621150
148.0491531	59.2936962
148.1325141	55.5219293
148.2158751	47.2523039
148.2992361	61.8645888
148.3825971	49.6318266
148.4659582	49.1058365
148.5493192	49.3042079
148.6326802	56.2324057
148.7160412	40.5423457
148.7994022	38.8525258
148.8827632	38.7754809
148.9661242	38.6464079
149.0494852	37.7724476
149.1328462	38.0704926
149.2162072	36.3352124
149.2995682	34.5776263
149.3829293	40.1681163
149.4662903	38.0905919
149.5496513	35.2640428
149.6330123	42.5917981
149.7163733	47.9045710
149.7997343	35.8543454
149.8830953	46.1001149
149.9664563	38.4029865
150.0498173	39.9732905
150.1331783	47.5808090
150.2165394	50.1969545
150.2999004	42.2473804
150.3832614	43.6049658
150.4666224	43.6902994
150.5499834	54.0744606
150.6333444	52.5288198
150.7167054	40.3576851
150.8000664	46.7620191
150.8834274	37.8556052
150.9667884	32.1076355
151.0501495	41.1419907
151.1335105	46.0088454
151.2168715	50.9521791
151.3002325	83.5094671
151.3835935	69.0608948
151.4669545	67.5282104
151.5503155	58.2354123
151.6336765	55.1515000
151.7170375	59.7383132
151.8003985	46.2823285
151.8837595	54.0421028
151.9671206	38.8922858
152.0504816	46.2134403
152.1338426	47.3799152
152.2172036	44.6344705
152.3005646	43.1143888
152.3839256	38.6744376
152.4672866	41.9767309
152.5506476	39.9355153
152.6340086	38.1322709
152.7173696	44.2022440
152.8007307	40.2493338
152.8840917	53.9633983
152.9674527	47.3442429
153.0508137	60.8298036
153.1341747	48.4189438
153.2175357	60.0632303
153.3008967	57.6305998
153.3842577	54.1486671
153.4676187	58.8188760
153.5509797	54.4896854
153.6343408	50.6566400
153.7177018	53.0378884
153.8010628	55.3425729
153.8844238	47.5345142
153.9677848	42.9398461
154.0511458	61.0165953
154.1345068	55.8283314
154.2178678	66.4403646
154.3012288	70.0697250
154.3845898	59.4862165
154.4679508	52.9527011
154.5513119	49.8421784
154.6346729	48.5330566
154.7180339	50.6906952
154.8013949	43.6022595
154.8847559	40.3365108
154.9681169	36.3136090
155.0514779	38.4633692
155.1348389	34.8104653
155.2181999	36.7670475
155.3015609	34.1886276
155.3849220	29.1178830
155.4682830	32.6821317
155.5516440	29.6657239
155.6350050	29.6401177
155.7183660	25.2047399
155.8017270	23.4898017
155.8850880	26.9547728
155.9684490	25.9270079
156.0518100	23.2289967
156.1351710	20.4116274
156.2185320	25.2735456
156.3018931	23.3348279
156.3852541	32.7915650
156.4686151	31.1920527
156.5519761	28.5373966
156.6353371	30.1184150
156.7186981	28.8821278
156.8020591	27.7587181
156.8854201	33.7797631
156.9687811	36.0348877
157.0521421	30.9482942
157.1355032	32.2894956
157.2188642	38.6771863
157.3022252	34.7535150
157.3855862	42.2510486
157.4689472	36.2635659
157.5523082	33.8341203
157.6356692	46.6190092
157.7190302	45.9335403
157.8023912	42.1068835
157.8857522	40.6829040
157.9691133	49.2233204
158.0524743	44.5947717
158.1358353	43.3438449
158.2191963	46.2591316
158.3025573	54.0534466
158.3859183	65.1160988
158.4692793	55.2246269
158.5526403	52.3602226
158.6360013	74.3802261
158.7193623	52.5498196
158.8027233	60.7253232
158.8860844	43.4533844
158.9694454	57.6140037
159.0528064	44.1359442
159.1361674	46.0712885
159.2195284	42.0298999
159.3028894	41.1120705
159.3862504	39.4542241
159.4696114	36.3988813
159.5529724	49.1425650
159.6363334	40.7269074
159.7196945	39.9756856
159.8030555	55.1430841
159.8864165	42.2325004
159.9697775	38.6992894
160.0531385	38.3874087
160.1364995	42.5826607
160.2198605	36.2050173
160.3032215	35.2814264
160.3865825	39.4808605
160.4699435	36.2081197
160.5533045	37.2524288
160.6366656	34.6269527
160.7200266	36.2258356
160.8033876	39.1926859
160.8867486	40.6740448
160.9701096	31.9687935
161.0534706	38.9796255
161.1368316	35.0067834
161.2201926	57.3091198
161.3035536	54.1651690
161.3869146	59.4863768
161.4702757	51.8842096
161.5536367	42.7217385
161.6369977	44.2845318
161.7203587	44.5615275
161.8037197	43.1209989
161.8870807	50.0751329
161.9704417	36.8188091
162.0538027	32.9974306
162.1371637	37.8171795
162.2205247	35.0044825
162.3038858	29.8943785
162.3872468	29.5567644
162.4706078	35.9580196
162.5539688	32.2670436
162.6373298	30.9578393
162.7206908	33.0733109
162.8040518	30.3397711
162.8874128	26.3845671
162.9707738	24.3248765
163.0541348	24.3846440
163.1374958	25.6666060
163.2208569	24.1244425
163.3042179	32.4996233
163.3875789	20.8179200
163.4709399	21.9665752
163.5543009	25.7320642
163.6376619	23.8920207
163.7210229	24.6701476
163.8043839	26.6620602
163.8877449	25.4523481
163.9711059	21.3497163
164.0544670	24.5875321
164.1378280	22.1004855
164.2211890	20.7447695
164.3045500	18.2468800
164.3879110	24.5302659
164.4712720	19.4860091
164.5546330	18.8810870
164.6379940	16.8673624
164.7213550	16.2576100
164.8047160	15.3790291
164.8880771	23.2224714
164.9714381	18.3407933
165.0547991	25.3806781
165.1381601	22.6258603
165.2215211	32.0545655
165.3048821	28.8456327
165.3882431	49.1408582
165.4716041	42.1338523
165.5549651	46.8038961
165.6383261	37.6420592
165.7216871	42.3013227
165.8050482	36.4437404
165.8884092	41.2871459
165.9717702	37.8965605
166.0551312	39.8544298
166.1384922	47.4019994
166.2218532	67.1526419
166.3052142	61.6640816
166.3885752	69.4850024
166.4719362	58.2537718
166.5552972	58.0892246
166.6386583	50.2454982
166.7220193	43.3337411
166.8053803	50.3827561
166.8887413	50.5583455
166.9721023	43.9073839
167.0554633	39.2131765
167.1388243	40.6877932
167.2221853	40.6414088
167.3055463	35.1730562
167.3889073	41.9232129
167.4722683	39.5222849
167.5556294	38.5394617
167.6389904	32.2998140
167.7223514	39.1490385
167.8057124	41.4843433
167.8890734	31.6629148
167.9724344	32.9861339
168.0557954	32.4109494
168.1391564	36.5570470
168.2225174	57.4715878
168.3058784	49.2858625
168.3892395	52.0570407
168.4726005	48.9788429
168.5559615	42.5805815
168.6393225	49.8007115
168.7226835	47.7853426
168.8060445	40.8347070
168.8894055	35.6278219
168.9727665	32.1088755
169.0561275	44.7579752
169.1394885	39.0961735
169.2228496	39.5973212
169.3062106	36.2020587
169.3895716	36.1868535
169.4729326	44.7898945
169.5562936	47.8264558
169.6396546	41.3882647
169.7230156	48.6056742
169.8063766	47.8229433
169.8897376	47.0553139
169.9730986	51.3575170
170.0564596	45.8183195
170.1398207	45.2875014
170.2231817	45.6630934
170.3065427	42.6899936
170.3899037	38.2635928
170.4732647	52.4692386
170.5566257	37.9788153
170.6399867	49.9497093
170.7233477	44.0845715
170.8067087	41.6242839
170.8900697	47.3596650
170.9734308	45.7164982
171.0567918	53.3645783
171.1401528	69.0645960
171.2235138	83.2667104
171.3068748	96.1933056
171.3902358	64.8112479
171.4735968	60.2014406
171.5569578	58.6961351
171.6403188	59.6971245
171.7236798	56.9931891
171.8070409	61.2011051
171.8904019	47.0008248
171.9737629	49.5829434
172.0571239	44.1009225
172.1404849	44.5560064
172.2238459	44.9253561
172.3072069	40.4917840
172.3905679	39.4474395
172.4739289	36.5991126
172.5572899	38.1423701
172.6406509	38.3541999
172.7240120	31.0552852
172.8073730	35.2948848
172.8907340	51.1699048
172.9740950	40.3420837
173.0574560	35.0777226
173.1408170	31.9132105
173.2241780	29.3288193
173.3075390	40.3283872
173.3909000	31.3134381
173.4742610	31.7355749
173.5576221	32.1424875
173.6409831	28.1537658
173.7243441	34.7143113
173.8077051	26.0197980
173.8910661	32.6904958
173.9744271	22.4488777
174.0577881	28.3780663
174.1411491	37.2396328
174.2245101	32.4338233
174.3078711	39.0897543
174.3912321	44.1950869
174.4745932	34.6828351
174.5579542	35.3122896
174.6413152	46.7976962
174.7246762	34.6645558
174.8080372	36.3320464
174.8913982	40.1093602
174.9747592	35.3579739
175.0581202	31.5718127
175.1414812	31.3069364
175.2248422	33.1758088
175.3082033	30.4085344
175.3915643	29.0899052
175.4749253	30.3732770
175.5582863	33.3176117
175.6416473	27.2338454
175.7250083	29.1976389
175.8083693	29.0464133
175.8917303	25.6201273
175.9750913	24.0304030
176.0584523	22.0406568
176.1418134	24.4678606
176.2251744	26.1681168
176.3085354	26.0022352
176.3918964	25.2007440
176.4752574	22.1940629
176.5586184	26.5693739
176.6419794	20.8185093
176.7253404	20.2083832
176.8087014	28.8731696
176.8920624	31.8506330
176.9754234	21.7224606
177.0587845	24.2664081
177.1421455	34.9570821
177.2255065	26.4557279
177.3088675	33.6719823
177.3922285	54.3540683
177.4755895	38.0210954
177.5589505	48.7546013
177.6423115	41.0949698
177.7256725	62.5986487
177.8090335	48.7284953
177.8923946	52.0747213
177.9757556	65.8870380
178.0591166	64.8501216
178.1424776	83.6830573
178.2258386	88.2781686
178.3091996	89.0059483
178.3925606	132.4157818
178.4759216	97.5141625
178.5592826	81.3453739
178.6426436	72.3757437
178.7260046	65.0039285
178.8093657	151.6262332
178.8927267	169.2637922
178.9760877	73.5709601
179.0594487	93.3177365
179.1428097	107.8501901
179.2261707	91.7017224
179.3095317	85.6394155
179.3928927	73.2599234
179.4762537	60.5639066
179.5596147	69.9935618
179.6429758	62.2874469
179.7263368	54.0714290
179.8096978	80.3522724
179.8930588	54.2873630
179.9764198	52.5486692
180.0597808	55.4864315
180.1431418	50.9059267
180.2265028	55.6666178
180.3098638	52.1694609
180.3932248	52.3397037
180.4765859	59.5690181
180.5599469	44.9991524
180.6433079	43.3753494
180.7266689	43.3850525
180.8100299	52.3603121
180.8933909	33.8628265
180.9767519	35.4322676
181.0601129	38.0929658
181.1434739	38.9512187
181.2268349	37.8094919
181.3101959	36.9908058
181.3935570	36.1495498
181.4769180	31.3733965
181.5602790	31.0827420
181.6436400	32.9201170
181.7270010	25.4132811
181.8103620	29.4128586
181.8937230	26.7645227
181.9770840	22.0659966
182.0604450	22.9400772
182.1438060	21.4266386
182.2271671	25.7750705
182.3105281	23.9735116
182.3938891	23.1382081
182.4772501	17.9161082
182.5606111	23.2591409
182.6439721	18.8768366
182.7273331	17.5704447
182.8106941	18.3064105
182.8940551	16.9557158
182.9774161	20.9723468
183.0607772	23.8438281
183.1441382	25.9871455
183.2274992	29.6788028
183.3108602	31.2356365
183.3942212	37.5584277
183.4775822	40.7580818
183.5609432	36.4525265
183.6443042	35.5322053
183.7276652	35.5968880
183.8110262	35.1769601
183.8943872	27.7897086
183.9777483	31.9240946
184.0611093	45.9376705
184.1444703	38.0068708
184.2278313	40.5324635
184.3111923	36.1284486
184.3945533	41.4319098
184.4779143	37.3242780
184.5612753	41.9872968
184.6446363	38.1030107
184.7279973	39.2078464
184.8113584	38.0580408
184.8947194	37.5819217
184.9780804	34.7597834
185.0614414	47.0078923
185.1448024	50.8143838
185.2281634	49.6434911
185.3115244	50.1551387
185.3948854	52.8495644
185.4782464	55.4748283
185.5616074	47.6339120
185.6449684	45.7635191
185.7283295	47.5737650
185.8116905	39.4792786
185.8950515	40.1588092
185.9784125	39.1454293
186.0617735	37.8900022
186.1451345	48.3131432
186.2284955	43.6984655
186.3118565	57.3586584
186.3952175	40.3845548
186.4785785	62.7973831
186.5619396	49.8994068
186.6453006	51.6284305
186.7286616	50.8188864
186.8120226	48.6521388
186.8953836	51.0324112
186.9787446	36.7403239
187.0621056	39.0230702
187.1454666	37.9423674
187.2288276	42.5324903
187.3121886	35.7634814
187.3955497	38.2366759
187.4789107	40.5835485
187.5622717	41.5181061
187.6456327	55.0785476
187.7289937	62.5741646
187.8123547	67.8148055
187.8957157	71.1578773
187.9790767	54.3012387
188.0624377	59.5174946
188.1457987	58.0512184
188.2291597	46.0339754
188.3125208	46.6281182
188.3958818	51.3750089
188.4792428	45.3914396
188.5626038	48.2830626
188.6459648	46.0102645
188.7293258	40.1293086
188.8126868	41.8632451
188.8960478	35.9034479
188.9794088	35.6724595
189.0627698	33.7152950
189.1461309	35.9954482
189.2294919	34.0177767
189.3128529	40.5364852
189.3962139	33.7322165
189.4795749	47.7868608
189.5629359	51.6274074
189.6462969	40.7607032
189.7296579	40.4625050
189.8130189	42.1387415
189.8963799	38.7502330
189.9797409	39.0168773
190.0631020	48.6163910
190.1464630	49.1635790
190.2298240	44.6462905
190.3131850	50.7701871
190.3965460	45.0224814
190.4799070	56.8405279
190.5632680	43.3210158
190.6466290	50.5649981
190.7299900	49.7168066
190.8133510	46.5494750
190.8967121	34.6243266
190.9800731	36.3757551
191.0634341	36.3698239
191.1467951	47.1359091
191.2301561	34.6266863
191.3135171	35.4077506
191.3968781	33.9089822
191.4802391	34.6951667
191.5636001	32.2509236
191.6469611	32.8382653
191.7303222	31.2600499
191.8136832	31.5778618
191.8970442	25.6023242
191.9804052	22.6141133
192.0637662	34.0491185
192.1471272	28.5704334
192.2304882	33.2548999
192.3138492	31.6117260
192.3972102	29.7242725
192.4805712	28.8129378
192.5639322	31.1619840
192.6472933	28.7297047
192.7306543	29.7879674
192.8140153	29.4816172
192.8973763	29.6597903
192.9807373	29.2181483
193.0640983	33.1745169
193.1474593	47.9916726
193.2308203	55.1234374
193.3141813	69.9337166
193.3975423	58.5881374
193.4809034	50.2034892
193.5642644	56.1176469
193.6476254	54.5823222
193.7309864	46.5637656
193.8143474	58.0825154
193.8977084	50.0421622
193.9810694	53.3800100
194.0644304	43.1027997
194.1477914	46.5570187
194.2311524	51.2454504
194.3145135	60.0595433
194.3978745	60.5121237
194.4812355	54.7867332
194.5645965	52.2418947
194.6479575	50.9380441
194.7313185	52.2033982
194.8146795	40.1690451
194.8980405	54.5508272
194.9814015	54.0086794
195.0647625	73.7153610
195.1481235	87.5331043
195.2314846	90.4848272
195.3148456	82.0383865
195.3982066	65.5894338
195.4815676	61.0476613
195.5649286	57.4493386
195.6482896	60.8959855
195.7316506	56.4712867
195.8150116	58.8785515
195.8983726	60.4597562
195.9817336	45.0424156
196.0650947	53.3298490
196.1484557	58.1883254
196.2318167	49.4325689
196.3151777	55.8179635
196.3985387	68.8642208
196.4818997	48.2407377
196.5652607	47.1200107
196.6486217	45.4530671
196.7319827	44.1540633
196.8153437	43.4778920
196.8987047	65.6048277
196.9820658	41.7911272
197.0654268	55.9133490
197.1487878	56.3795646
197.2321488	51.5960680
197.3155098	64.8911641
197.3988708	68.7290799
197.4822318	51.7795311
197.5655928	53.4228111
197.6489538	48.3748932
197.7323148	43.4469816
197.8156759	58.9968558
197.8990369	55.3356845
197.9823979	40.2632944
198.0657589	44.0234816
198.1491199	49.6981406
198.2324809	42.9815676
198.3158419	42.3010068
198.3992029	46.4560320
198.4825639	41.0606601
198.5659249	35.9893661
198.6492860	40.4253380
198.7326470	37.5079839
198.8160080	47.3954175
198.8993690	36.8982586
198.9827300	37.1177382
199.0660910	41.6650529
199.1494520	35.4963845
199.2328130	42.7299329
199.3161740	65.5069621
199.3995350	56.5799162
199.4828960	44.1919469
199.5662571	51.1943417
199.6496181	59.1010062
199.7329791	54.4972810
199.8163401	44.3491343
199.8997011	54.6017944
199.9830621	51.3006421
200.0664231	45.8154812
200.1497841	52.0383088
200.2331451	69.7818380
200.3165061	65.7293225
200.3998672	100.7641166
200.4832282	64.1577974
200.5665892	54.3005787
200.6499502	59.2248645
200.7333112	51.9804249
200.8166722	50.9729668
200.9000332	54.5593752
200.9833942	43.5789730
201.0667552	50.4977600
201.1501162	55.8990914
201.2334773	42.2508930
201.3168383	47.0998407
201.4001993	49.4852712
201.4835603	44.9470442
201.5669213	45.2417347
201.6502823	39.0048192
201.7336433	36.7102740
201.8170043	37.2615261
201.9003653	29.7980430
201.9837263	37.9487701
202.0670873	31.2759765
202.1504484	36.7649659
202.2338094	42.0291691
202.3171704	31.2335974
202.4005314	32.8437439
202.4838924	30.3334556
202.5672534	30.2133338
202.6506144	39.8880512
202.7339754	36.6676897
202.8173364	34.8160618
202.9006974	33.1263149
202.9840585	26.2567059
203.0674195	33.5500806
203.1507805	32.9472248
203.2341415	37.4299277
203.3175025	43.2100808
203.4008635	44.3795307
203.4842245	54.0461009
203.5675855	43.6699314
203.6509465	75.1924341
203.7343075	58.5871568
203.8176685	51.3735426
203.9010296	51.5210599
203.9843906	52.5753127
204.0677516	78.9159589
204.1511126	100.3892695
204.2344736	70.8421210
204.3178346	106.2666611
204.4011956	77.8502020
204.4845566	62.2670742
204.5679176	54.0749839
204.6512786	58.6497319
204.7346397	58.0021183
204.8180007	52.9081931
204.9013617	50.8610605
204.9847227	46.6305888
205.0680837	45.7106754
205.1514447	55.6464525
205.2348057	49.2849479
205.3181667	43.9877197
205.4015277	40.2295174
205.4848887	42.9377339
205.5682498	43.9902421
205.6516108	45.0516284
205.7349718	38.1933915
205.8183328	36.8834116
205.9016938	48.1189162
205.9850548	31.0183045
206.0684158	33.5693996
206.1517768	31.7534582
206.2351378	26.4981141
206.3184988	28.4619147
206.4018598	32.7275991
206.4852209	29.5338551
206.5685819	32.2104799
206.6519429	27.8363900
206.7353039	27.9408374
206.8186649	28.9214187
206.9020259	30.1742361
206.9853869	23.5927144
207.0687479	27.8868339
207.1521089	29.8358653
207.2354699	30.5858258
207.3188310	28.6870214
207.4021920	47.1109441
207.4855530	34.8896790
207.5689140	41.6969581
207.6522750	39.7731699
207.7356360	37.6667130
207.8189970	43.8012674
207.9023580	38.4106363
207.9857190	34.5462774
208.0690800	52.9892362
208.1524410	56.0824366
208.2358021	52.1195687
208.3191631	59.8633785
208.4025241	65.9310791
208.4858851	45.9251243
208.5692461	49.7432143
208.6526071	47.7677658
208.7359681	56.6808511
208.8193291	40.5893855
208.9026901	55.2779657
208.9860511	42.7168775
209.0694122	53.5509222
209.1527732	55.9001617
209.2361342	63.1744885
209.3194952	80.5008552
209.4028562	59.9434550
209.4862172	57.3263100
209.5695782	56.2915295
209.6529392	65.4143961
209.7363002	46.7781532
209.8196612	47.9713847
209.9030223	47.0353608
209.9863833	45.7912046
210.0697443	47.7154313
210.1531053	60.8575597
210.2364663	48.3702114
210.3198273	65.8868399
210.4031883	51.3163141
210.4865493	50.2500103
210.5699103	49.1679920
210.6532713	43.1143133
210.7366323	50.0252030
210.8199934	49.9693512
210.9033544	61.2863349
210.9867154	42.3340011
211.0700764	39.5785421
211.1534374	52.2781800
211.2367984	54.3917586
211.3201594	49.0043312
211.4035204	52.7925669
211.4868814	46.7460217
211.5702424	50.7672497
211.6536035	48.9170033
211.7369645	38.2764478
211.8203255	36.6870841
211.9036865	40.1343817
211.9870475	34.7456860
212.0704085	33.7606728
212.1537695	36.8163150
212.2371305	33.0793530
212.3204915	30.7635887
212.4038525	37.2308892
212.4872136	41.3712819
212.5705746	34.2136044
212.6539356	46.1943736
212.7372966	48.3378724
212.8206576	60.3427626
212.9040186	37.8086244
212.9873796	40.8703794
213.0707406	47.9633224
213.1541016	41.1096612
213.2374626	44.8807303
213.3208236	50.1310837
213.4041847	41.4354742
213.4875457	40.7827497
213.5709067	40.2790089
213.6542677	46.2655155
213.7376287	40.9660997
213.8209897	47.7238896
213.9043507	36.4315361
213.9877117	51.3068185
214.0710727	43.0443077
214.1544337	54.1681582
214.2377948	56.7004223
214.3211558	74.8662156
214.4045168	64.4454297
214.4878778	59.0364933
214.5712388	47.7110559
214.6545998	43.6359846
214.7379608	50.7101910
214.8213218	38.3209604
214.9046828	38.4940957
214.9880438	35.0101663
215.0714048	44.9281991
215.1547659	37.6055689
215.2381269	42.9800022
215.3214879	54.5212228
215.4048489	37.4519577
215.4882099	54.6428181
215.5715709	45.3104296
215.6549319	44.0066167
215.7382929	41.3965675
215.8216539	50.7136658
215.9050149	43.7254625
215.9883760	36.1037925
216.0717370	44.0450519
216.1550980	39.5578488
216.2384590	43.9395578
216.3218200	44.7395214
216.4051810	55.1295337
216.4885420	45.1403566
216.5719030	50.7013318
216.6552640	46.7738392
216.7386250	47.1801247
216.8219861	43.7541003
216.9053471	48.5596717
216.9887081	46.0031923
217.0720691	58.4391680
217.1554301	44.6318726
217.2387911	52.3880259
217.3221521	52.5976845
217.4055131	57.6718686
217.4888741	52.3109951
217.5722351	47.9880799
217.6555961	52.8857600
217.7389572	48.7941822
217.8223182	47.9311720
217.9056792	35.4466643
217.9890402	45.2157277
218.0724012	44.9381804
218.1557622	43.7644164
218.2391232	42.8478411
218.3224842	52.2922490
218.4058452	48.1174310
218.4892062	42.9766123
218.5725673	43.8746206
218.6559283	41.5540661
218.7392893	47.0957341
218.8226503	43.9094301
218.9060113	44.9253655
218.9893723	39.0544097
219.0727333	39.5629738
219.1560943	45.6129891
219.2394553	62.5968099
219.3228163	62.6073711
219.4061773	71.2560870
219.4895384	60.7684543
219.5728994	54.9274329
219.6562604	54.4743999
219.7396214	57.9935184
219.8229824	60.7093399
219.9063434	49.6047258
219.9897044	45.5412436
220.0730654	43.2585491
220.1564264	40.6907117
220.2397874	49.0233366
220.3231485	56.0579337
220.4065095	59.9157272
220.4898705	48.1302176
220.5732315	53.9095173
220.6565925	58.2612825
220.7399535	52.4879848
220.8233145	57.6553243
220.9066755	43.8303248
220.9900365	54.0127954
221.0733975	49.4084007
221.1567586	68.8108160
221.2401196	77.7474566
221.3234806	71.6472521
221.4068416	62.0700183
221.4902026	64.3702990
221.5735636	55.0365716
221.6569246	50.9884220
221.7402856	68.7221303
221.8236466	60.9891551
221.9070076	50.5462472
221.9903686	51.8434075
222.0737297	48.8057335
222.1570907	42.2303741
222.2404517	44.6281008
222.3238127	50.1957333
222.4071737	45.0290255
222.4905347	39.3499464
222.5738957	41.4846733
222.6572567	46.1630577
222.7406177	36.0734549
222.8239787	33.3013597
222.9073398	42.5052245
222.9907008	36.2460127
223.0740618	34.0169139
223.1574228	32.2056566
223.2407838	33.6064840
223.3241448	49.9825904
223.4075058	59.4325665
223.4908668	61.8696054
223.5742278	57.7215346
223.6575888	61.1145929
223.7409499	48.0417204
223.8243109	45.9259871
223.9076719	44.5181040
223.9910329	37.6623259
224.0743939	37.7758116
224.1577549	48.3366843
224.2411159	40.8068566
224.3244769	40.8102371
224.4078379	33.7947421
224.4911989	43.4013233
224.5745599	43.9806427
224.6579210	47.5995363
224.7412820	43.2330561
224.8246430	36.2386905
224.9080040	38.1616466
224.9913650	46.8282718
225.0747260	36.1541585
225.1580870	39.3686359
225.2414480	39.7091474
225.3248090	43.0101158
225.4081700	38.8619955
225.4915311	39.2487310
225.5748921	44.5693164
225.6582531	41.1457720
225.7416141	36.7829152
225.8249751	31.9076022
225.9083361	33.3190686
225.9916971	31.8870456
226.0750581	43.1042708
226.1584191	38.6029939
226.2417801	35.1386498
226.3251411	41.2437271
226.4085022	48.7581185
226.4918632	50.3029813
226.5752242	45.1351278
226.6585852	42.0954972
226.7419462	38.4208604
226.8253072	41.6543833
226.9086682	35.9160271
226.9920292	45.7077098
227.0753902	41.7613767
227.1587512	33.1766739
227.2421123	38.1849991
227.3254733	51.0546557
227.4088343	40.6209701
227.4921953	45.8542747
227.5755563	48.1032535
227.6589173	41.0910895
227.7422783	36.1328240
227.8256393	46.4680029
227.9090003	41.0964597
227.9923613	44.4889051
228.0757224	45.9762283
228.1590834	56.6543491
228.2424444	60.4967911
228.3258054	61.7774401
228.4091664	54.0213198
228.4925274	51.0964621
228.5758884	40.9793342
228.6592494	60.4200008
228.7426104	48.3939835
228.8259714	63.5198492
228.9093324	47.7188825
228.9926935	51.3072664
229.0760545	60.2084421
229.1594155	49.5544234
229.2427765	54.7699579
229.3261375	52.5109412
229.4094985	49.3397577
229.4928595	50.0079844
229.5762205	47.8600678
229.6595815	48.3835260
229.7429425	38.7734889
229.8263036	50.6808742
229.9096646	44.4671887
229.9930256	35.1490578
230.0763866	52.0231553
230.1597476	48.8537115
230.2431086	51.0642693
230.3264696	43.5203584
230.4098306	45.4174937
230.4931916	41.0637624
230.5765526	38.1429406
230.6599136	50.6062810
230.7432747	42.6635105
230.8266357	49.6436278
230.9099967	40.4465641
230.9933577	62.3238265
231.0767187	57.3120005
231.1600797	66.8363529
231.2434407	52.9420173
231.3268017	62.3337748
231.4101627	50.0066454
231.4935237	52.4334626
231.5768848	54.1666636
231.6602458	53.9346803
231.7436068	63.7890183
231.8269678	49.5788132
231.9103288	39.0115449
231.9936898	39.0917369
232.0770508	53.8886872
232.1604118	44.6499068
232.2437728	39.1300118
232.3271338	41.0977516
232.4104949	41.2559527
232.4938559	41.0984682
232.5772169	39.7678469
232.6605779	39.7453289
232.7439389	37.2514222
232.8272999	34.0911134
232.9106609	45.5181174
232.9940219	30.3866223
233.0773829	36.3521951
233.1607439	35.6244319
233.2441049	32.8328834
233.3274660	45.7882625
233.4108270	40.2197388
233.4941880	35.3812274
233.5775490	47.0457570
233.6609100	42.8086892
233.7442710	32.2050555
233.8276320	54.1363049
233.9109930	29.3345620
233.9943540	37.7986997
234.0777150	34.0189766
234.1610761	33.2575472
234.2444371	32.0337283
234.3277981	35.6772686
234.4111591	33.1818602
234.4945201	30.1746086
234.5778811	34.1891557
234.6612421	27.8836137
234.7446031	34.6875382
234.8279641	31.2386634
234.9113251	40.2045005
234.9946862	26.6689415
235.0780472	43.1698256
235.1614082	36.2362860
235.2447692	46.4647732
235.3281302	49.6954060
235.4114912	48.1239374
235.4948522	39.8881172
235.5782132	49.0430493
235.6615742	44.3524582
235.7449352	38.8082229
235.8282962	47.8794127
235.9116573	41.1870597
235.9950183	51.5789674
236.0783793	47.9470138
236.1617403	50.8972326
236.2451013	55.0992598
236.3284623	64.5621404
236.4118233	62.4665017
236.4951843	55.3184660
236.5785453	53.5513984
236.6619063	61.7599528
236.7452674	52.7793984
236.8286284	56.0277589
236.9119894	47.9005068
236.9953504	45.0717889
237.0787114	49.9378609
237.1620724	54.7000701
237.2454334	51.3004582
237.3287944	64.7801490
237.4121554	65.2103763
237.4955164	60.4050831
237.5788774	57.5585857
237.6622385	56.9190815
237.7455995	41.7650779
237.8289605	56.1721267
237.9123215	44.2620327
237.9956825	41.5488656
238.0790435	44.7686543
238.1624045	45.8415258
238.2457655	47.2045333
238.3291265	42.2912895
238.4124875	55.9260743
238.4958486	45.3212595
238.5792096	50.7351088
238.6625706	49.7703764
238.7459316	46.7180440
238.8292926	42.6067582
238.9126536	46.5464151
238.9960146	37.5224466
239.0793756	45.0820861
239.1627366	56.9933730
239.2460976	68.7358598
239.3294587	70.2685443
239.4128197	71.6846123
239.4961807	57.6669747
239.5795417	55.3051608
239.6629027	49.3449392
239.7462637	62.0759778
239.8296247	55.0955257
239.9129857	48.8607555
239.9963467	49.9250508
240.0797077	50.1797595
240.1630687	49.8119705
240.2464298	52.7912703
240.3297908	49.5984646
240.4131518	55.4013148
240.4965128	48.8763379
240.5798738	57.9557669
240.6632348	56.6056308
240.7465958	48.5941324
240.8299568	46.4158334
240.9133178	49.3077016
240.9966788	52.2476515
241.0800399	54.8128439
241.1634009	58.5407818
241.2467619	66.7615712
241.3301229	63.4242703
241.4134839	53.1924167
241.4968449	47.8894364
241.5802059	46.3582654
241.6635669	44.7160887
241.7469279	40.9870523
241.8302889	71.4505120
241.9136500	53.3266335
241.9970110	63.8510040
242.0803720	59.0822601
242.1637330	46.2998583
242.2470940	61.6598902
242.3304550	45.1293711
242.4138160	56.9033576
242.4971770	49.4738990
242.5805380	53.2898437
242.6638990	49.5348569
242.7472600	53.6918718
242.8306211	38.5920272
242.9139821	43.8552144
242.9973431	42.0161751
243.0807041	64.6574128
243.1640651	64.4751567
243.2474261	65.6268082
243.3307871	62.2764048
243.4141481	117.8587357
243.4975091	88.2764147
243.5808701	82.3814651
243.6642312	59.8347171
243.7475922	71.4879854
243.8309532	67.8195439
243.9143142	60.7701092
243.9976752	59.6375858
244.0810362	48.5748959
244.1643972	58.2497642
244.2477582	50.6752541
244.3311192	61.1661070
244.4144802	50.7021993
244.4978412	51.3513735
244.5812023	55.9446177
244.6645633	53.3216169
244.7479243	46.8254806
244.8312853	41.2308227
244.9146463	42.7250955
244.9980073	42.3113935
245.0813683	46.3606747
245.1647293	48.6054432
245.2480903	62.0093008
245.3314513	55.9671451
245.4148124	63.4330587
245.4981734	47.4559747
245.5815344	49.0478820
245.6648954	43.1628241
245.7482564	55.9160695
245.8316174	50.9244796
245.9149784	35.9160577
245.9983394	40.5928367
246.0817004	39.9933992
246.1650614	41.0194903
246.2484225	42.6643356
246.3317835	47.0350261
246.4151445	39.0155996
246.4985055	33.9027115
246.5818665	47.1105575
246.6652275	34.8581675
246.7485885	30.5415749
246.8319495	28.8964373
246.9153105	38.3945257
246.9986715	39.6349078
247.0820325	33.3713300
247.1653936	32.6161761
247.2487546	43.7608944
247.3321156	40.8176488
247.4154766	40.4813501
247.4988376	52.7743158
247.5821986	46.3071709
247.6655596	44.1827624
247.7489206	35.7990241
247.8322816	43.2204958
247.9156426	45.5722907
247.9990037	49.2091760
248.0823647	46.4527080
248.1657257	40.4373608
248.2490867	103.4881985
248.3324477	73.8181959
248.4158087	86.8696820
248.4991697	61.7641726
248.5825307	55.9065173
248.6658917	54.3720648
248.7492527	58.3902941
248.8326137	57.0423128
248.9159748	43.1668270
248.9993358	71.3565221
249.0826968	91.8172072
249.1660578	68.9501201
249.2494188	106.4279174
249.3327798	130.0442271
249.4161408	109.2804592
249.4995018	65.4997909
249.5828628	55.5548058
249.6662238	71.7203271
249.7495849	56.8529232
249.8329459	55.9458719
249.9163069	60.2526153
249.9996679	49.0751855
