# time(yr)	T(C)
0.0000000	14.5917358
0.0833610	13.3179626
0.1667220	18.2886047
0.2500830	17.6226501
0.3334440	20.7096863
0.4168050	25.7910156
0.5001661	28.2420959
0.5835271	29.9848938
0.6668881	28.8427124
0.7502491	27.3654785
0.8336101	23.5522766
0.9169711	17.7315063
1.0003321	13.7447205
1.0836931	11.5275269
1.1670541	13.4745178
1.2504151	16.0319824
1.3337762	22.6390686
1.4171372	24.6354980
1.5004982	28.0675354
1.5838592	29.0788269
1.6672202	29.9280396
1.7505812	27.1635437
1.8339422	22.5359802
1.9173032	15.4184265
2.0006642	11.6251831
2.0840252	12.8050842
2.1673863	14.3091431
2.2507473	18.3463440
2.3341083	22.8592224
2.4174693	25.6116638
2.5008303	27.3155518
2.5841913	28.5921021
2.6675523	28.2385864
2.7509133	27.5940247
2.8342743	21.3684387
2.9176353	19.0303650
3.0009963	14.8817749
3.0843574	13.0461121
3.1677184	16.1844482
3.2510794	13.3346252
3.3344404	20.3404846
3.4178014	25.4721069
3.5011624	27.0452881
3.5845234	28.7502747
3.6678844	29.0235596
3.7512454	26.6549988
3.8346064	21.0967407
3.9179675	15.3890381
4.0013285	14.3183289
4.0846895	10.0437622
4.1680505	14.3576355
4.2514115	18.6470032
4.3347725	22.0896301
4.4181335	25.6834106
4.5014945	27.5110474
4.5848555	29.1157227
4.6682165	29.8162842
4.7515775	26.9119263
4.8349386	24.8237000
4.9182996	16.7216187
5.0016606	10.3396912
5.0850216	11.3038330
5.1683826	14.8269043
5.2517436	16.1205139
5.3351046	21.6854248
5.4184656	23.7451477
5.5018266	26.5010071
5.5851876	29.5290833
5.6685487	29.2091675
5.7519097	26.3599243
5.8352707	22.8186646
5.9186317	15.2852478
6.0019927	13.0473022
6.0853537	12.7219849
6.1687147	14.1046753
6.2520757	18.9400330
6.3354367	23.7153320
6.4187977	25.0823975
6.5021588	28.8714600
6.5855198	29.2942810
6.6688808	29.2490234
6.7522418	27.4439087
6.8356028	23.1159668
6.9189638	16.6431580
7.0023248	10.8025818
7.0856858	10.3456726
7.1690468	9.2677307
7.2524078	18.8311768
7.3357688	21.1266785
7.4191299	24.5556641
7.5024909	28.4110718
7.5858519	29.0751953
7.6692129	29.1817932
7.7525739	27.5195923
7.8359349	24.0689392
7.9192959	19.7865295
8.0026569	10.2376099
8.0860179	10.2977295
8.1693789	10.9801025
8.2527400	18.5864563
8.3361010	20.6848450
8.4194620	25.0354919
8.5028230	27.7278442
8.5861840	29.0632935
8.6695450	30.1933289
8.7529060	27.6974792
8.8362670	21.4022217
8.9196280	17.7388611
9.0029890	12.1578369
9.0863500	9.0393982
9.1697111	13.2075195
9.2530721	18.3621521
9.3364331	19.9851685
9.4197941	24.0603027
9.5031551	27.8268738
9.5865161	30.4162598
9.6698771	29.9363708
9.7532381	28.1015930
9.8365991	22.3168640
9.9199601	17.5951538
10.0033212	15.4073181
10.0866822	11.1582336
10.1700432	15.0757751
10.2534042	18.2445984
10.3367652	21.4441223
10.4201262	24.4806519
10.5034872	27.6214600
10.5868482	28.8468323
10.6702092	29.3414001
10.7535702	27.7298889
10.8369313	23.5898132
10.9202923	15.1482544
11.0036533	13.5030212
11.0870143	11.6720581
11.1703753	12.4785461
11.2537363	18.3899231
11.3370973	20.7883911
11.4204583	23.3794250
11.5038193	26.3441772
11.5871803	29.3516541
11.6705413	29.5718689
11.7539024	25.5694885
11.8372634	21.9295044
11.9206244	14.5196228
12.0039854	15.9451904
12.0873464	11.4172058
12.1707074	11.6549683
12.2540684	18.1784973
12.3374294	24.3726501
12.4207904	25.1613770
12.5041514	26.3139038
12.5875125	28.5285034
12.6708735	28.8039246
12.7542345	27.3123779
12.8375955	21.1779785
12.9209565	13.2468872
13.0043175	11.1781616
13.0876785	12.3786621
13.1710395	10.1449280
13.2544005	16.5627747
13.3377615	19.3824463
13.4211226	25.0338745
13.5044836	26.8686218
13.5878446	28.7372742
13.6712056	28.6532898
13.7545666	25.4140930
13.8379276	23.1578674
13.9212886	17.7767944
14.0046496	14.0991516
14.0880106	14.1093445
14.1713716	14.5481873
14.2547326	16.3363647
14.3380937	20.4942017
14.4214547	24.2354736
14.5048157	27.0741577
14.5881767	28.4317322
14.6715377	28.7621460
14.7548987	27.5895081
14.8382597	22.5092773
14.9216207	16.8800354
15.0049817	12.9002075
15.0883427	8.1975403
15.1717038	11.7716675
15.2550648	13.8178406
15.3384258	20.0549622
15.4217868	23.9578247
15.5051478	27.7021179
15.5885088	28.6036072
15.6718698	29.4006042
15.7552308	26.6222229
15.8385918	21.7116089
15.9219528	16.7869263
16.0053138	8.3893738
16.0886749	8.4874268
16.1720359	11.8775024
16.2553969	14.5177612
16.3387579	21.1207581
16.4221189	24.8863525
16.5054799	27.3051453
16.5888409	28.1612244
16.6722019	29.3465576
16.7555629	27.0301514
16.8389239	19.8341675
16.9222850	18.0158997
17.0056460	13.4144592
17.0890070	11.4157715
17.1723680	15.5049744
17.2557290	15.1473083
17.3390900	22.4560852
17.4224510	24.8981934
17.5058120	29.2535095
17.5891730	30.0972595
17.6725340	29.5743103
17.7558951	28.0081177
17.8392561	23.8992920
17.9226171	15.6377258
18.0059781	11.1326599
18.0893391	13.5740051
18.1727001	13.6334839
18.2560611	20.7660217
18.3394221	22.5522461
18.4227831	25.5406799
18.5061441	29.3741150
18.5895051	29.3695679
18.6728662	28.6769409
18.7562272	26.1741943
18.8395882	22.5621948
18.9229492	20.0151672
19.0063102	15.5118408
19.0896712	10.2858887
19.1730322	13.2603455
19.2563932	18.5354614
19.3397542	21.5808716
19.4231152	24.1932068
19.5064763	28.4737549
19.5898373	29.5082092
19.6731983	29.5318909
19.7565593	26.2016907
19.8399203	22.9868469
19.9232813	15.9285889
20.0066423	8.5783386
20.0900033	9.8376160
20.1733643	11.5103760
20.2567253	18.6792603
20.3400864	21.4885559
20.4234474	24.1486206
20.5068084	27.4315186
20.5901694	28.8694763
20.6735304	29.4752197
20.7568914	27.4735107
20.8402524	22.5126648
20.9236134	22.2132874
21.0069744	16.0591431
21.0903354	14.9491882
21.1736964	12.0780640
21.2570575	20.9634094
21.3404185	20.6071472
21.4237795	26.1223450
21.5071405	27.3949280
21.5905015	29.0210266
21.6738625	29.2442322
21.7572235	27.5113220
21.8405845	22.2075500
21.9239455	16.2147522
22.0073065	12.9597778
22.0906676	8.2387695
22.1740286	12.4628601
22.2573896	18.8185120
22.3407506	20.9992371
22.4241116	26.1724243
22.5074726	27.9930115
22.5908336	30.8403931
22.6741946	28.8794556
22.7575556	27.7210083
22.8409166	23.8367004
22.9242776	16.8590698
23.0076387	10.5170898
23.0909997	12.1011658
23.1743607	12.0512390
23.2577217	16.0699463
23.3410827	22.0274048
23.4244437	26.4026489
23.5078047	27.4450684
23.5911657	28.8083496
23.6745267	29.2732544
23.7578877	26.2974548
23.8412488	20.5839539
23.9246098	12.8293457
24.0079708	8.6178284
24.0913318	10.0121460
24.1746928	13.3732605
24.2580538	16.8643494
24.3414148	21.9257812
24.4247758	24.9288025
24.5081368	27.5297852
24.5914978	29.1742554
24.6748589	28.0963135
24.7582199	27.2010803
24.8415809	23.1011353
24.9249419	16.9019775
25.0083029	11.9059143
25.0916639	13.8336487
25.1750249	12.1365051
25.2583859	17.1412048
25.3417469	19.7273865
25.4251079	25.1872253
25.5084689	27.4160767
25.5918300	28.8412170
25.6751910	28.5227661
25.7585520	27.1026306
25.8419130	23.3183899
25.9252740	15.5420837
26.0086350	10.3455505
26.0919960	4.3213196
26.1753570	7.9969788
26.2587180	13.4515686
26.3420790	19.4274902
26.4254401	25.4211426
26.5088011	28.7005615
26.5921621	29.5389404
26.6755231	28.7306213
26.7588841	27.3300476
26.8422451	22.5261536
26.9256061	15.6540527
27.0089671	12.8569031
27.0923281	13.0153198
27.1756891	16.7430115
27.2590501	17.2886047
27.3424112	20.5823669
27.4257722	24.1090698
27.5091332	28.3494873
27.5924942	29.1919556
27.6758552	29.3233948
27.7592162	28.0245667
27.8425772	21.7989502
27.9259382	19.4294739
28.0092992	13.6275024
28.0926602	13.4881897
28.1760213	16.6586914
28.2593823	19.5268860
28.3427433	22.1070251
28.4261043	23.8835144
28.5094653	26.2653809
28.5928263	27.7669983
28.6761873	27.8888245
28.7595483	27.1031494
28.8429093	21.6617737
28.9262703	14.8286438
29.0096314	12.3975525
29.0929924	10.4720459
29.1763534	10.8240051
29.2597144	18.0829773
29.3430754	19.9019470
29.4264364	23.8067932
29.5097974	27.3588257
29.5931584	28.6531372
29.6765194	28.7628479
29.7598804	27.8057251
29.8432414	21.8844299
29.9266025	18.3951416
30.0099635	10.7060547
30.0933245	11.7324524
30.1766855	13.9457703
30.2600465	16.3726501
30.3434075	21.9021912
30.4267685	25.7493286
30.5101295	28.3620605
30.5934905	29.3265686
30.6768515	28.6098938
30.7602126	27.7088318
30.8435736	23.1954651
30.9269346	14.2581482
31.0102956	13.3609924
31.0936566	12.2525635
31.1770176	15.0225830
31.2603786	18.6871033
31.3437396	20.3394470
31.4271006	23.5911255
31.5104616	27.8774414
31.5938227	29.0192261
31.6771837	30.2031250
31.7605447	27.7903137
31.8439057	20.5422974
31.9272667	14.2054138
32.0106277	14.5853271
32.0939887	12.5597534
32.1773497	15.3494568
32.2607107	16.8136292
32.3440717	22.4939270
32.4274327	24.9780579
32.5107938	27.5702515
32.5941548	28.6757202
32.6775158	28.2322693
32.7608768	26.0418701
32.8442378	21.7304077
32.9275988	18.2109375
33.0109598	16.0514526
33.0943208	14.2525635
33.1776818	12.0047607
33.2610428	15.7609558
33.3444039	18.9353027
33.4277649	23.7072144
33.5111259	26.1509705
33.5944869	28.3991089
33.6778479	28.1798096
33.7612089	28.2875061
33.8445699	20.7288513
33.9279309	16.0042725
34.0112919	14.1750183
34.0946529	7.3438416
34.1780139	10.7133484
34.2613750	14.8397217
34.3447360	20.7020569
34.4280970	23.8117981
34.5114580	27.1372070
34.5948190	28.9559326
34.6781800	28.1534424
34.7615410	25.5752258
34.8449020	20.4949646
34.9282630	15.7981873
35.0116240	11.6389771
35.0949851	9.9315186
35.1783461	18.0522461
35.2617071	16.3311157
35.3450681	21.6470337
35.4284291	23.8211670
35.5117901	27.3250122
35.5951511	29.6300354
35.6785121	28.3937988
35.7618731	26.0364685
35.8452341	21.9194946
35.9285952	18.0093384
36.0119562	10.4622192
36.0953172	7.5995483
36.1786782	11.4991760
36.2620392	17.4500427
36.3454002	20.1930542
36.4287612	26.6037598
36.5121222	26.7609863
36.5954832	29.5214539
36.6788442	28.9443970
36.7622052	27.0120850
36.8455663	23.7759705
36.9289273	17.2699585
37.0122883	9.1294250
37.0956493	13.3362427
37.1790103	13.9255981
37.2623713	16.6685791
37.3457323	21.0900269
37.4290933	24.0138550
37.5124543	26.6228638
37.5958153	28.8791199
37.6791764	28.1943359
37.7625374	27.3507690
37.8458984	22.2758179
37.9292594	16.4469299
38.0126204	15.4065247
38.0959814	8.7082214
38.1793424	13.5159607
38.2627034	18.7133179
38.3460644	22.7756042
38.4294254	24.9077454
38.5127864	27.9272766
38.5961475	28.8279724
38.6795085	29.7562561
38.7628695	26.2758789
38.8462305	22.1052246
38.9295915	14.5434265
39.0129525	10.1857300
39.0963135	11.3037415
39.1796745	9.5417480
39.2630355	19.1892700
39.3463965	21.6492615
39.4297576	23.7561646
39.5131186	27.4453125
39.5964796	30.0431213
39.6798406	29.8043213
39.7632016	28.1642761
39.8465626	23.0361023
39.9299236	16.5181885
40.0132846	10.6594543
40.0966456	8.5584412
40.1800066	18.7559204
40.2633677	19.5926819
40.3467287	22.8522644
40.4300897	24.0435486
40.5134507	28.4814758
40.5968117	28.7160034
40.6801727	29.6140747
40.7635337	27.1228027
40.8468947	21.0077209
40.9302557	18.4847412
41.0136167	14.4846191
41.0969777	9.6946106
41.1803388	13.7135925
41.2636998	18.7725220
41.3470608	23.2705994
41.4304218	23.5365906
41.5137828	27.4335327
41.5971438	28.1181946
41.6805048	28.2370300
41.7638658	27.1821289
41.8472268	22.8391724
41.9305878	16.1919250
42.0139489	15.1469116
42.0973099	8.9876099
42.1806709	13.2971802
42.2640319	16.4783936
42.3473929	21.3426208
42.4307539	23.5298157
42.5141149	28.1587524
42.5974759	29.4877625
42.6808369	28.5991211
42.7641979	27.6417847
42.8475590	22.4311829
42.9309200	17.8870239
43.0142810	16.2703552
43.0976420	15.2927246
43.1810030	13.1118164
43.2643640	15.9033508
43.3477250	20.4082336
43.4310860	23.7539673
43.5144470	28.4998779
43.5978080	28.2108154
43.6811690	29.2558594
43.7645301	27.6160889
43.8478911	23.6832581
43.9312521	18.1118164
44.0146131	10.0486145
44.0979741	13.2490234
44.1813351	17.8880920
44.2646961	19.7523193
44.3480571	18.7596741
44.4314181	23.0093994
44.5147791	27.1807556
44.5981402	28.8317566
44.6815012	29.5186768
44.7648622	27.3850098
44.8482232	22.1112671
44.9315842	18.0125122
45.0149452	12.9697571
45.0983062	8.7287292
45.1816672	11.7632141
45.2650282	19.7844849
45.3483892	21.1826782
45.4317502	23.2144470
45.5151113	27.4651184
45.5984723	29.3023071
45.6818333	29.8150024
45.7651943	28.3399353
45.8485553	23.9648743
45.9319163	15.2572021
46.0152773	14.1125793
46.0986383	12.7038269
46.1819993	6.8214111
46.2653603	14.6743164
46.3487214	21.4997864
46.4320824	25.3325500
46.5154434	28.3182678
46.5988044	28.7709656
46.6821654	29.5672607
46.7655264	27.1656799
46.8488874	24.0713196
46.9322484	15.4452820
47.0156094	14.0981140
47.0989704	12.3116760
47.1823315	15.8879089
47.2656925	17.7777405
47.3490535	20.5247192
47.4324145	25.9187927
47.5157755	26.7770691
47.5991365	28.6209717
47.6824975	28.1174622
47.7658585	27.3544922
47.8492195	22.1770325
47.9325805	19.6119690
48.0159415	15.6463928
48.0993026	13.7905273
48.1826636	13.9006348
48.2660246	17.1735229
48.3493856	22.3914795
48.4327466	24.3636169
48.5161076	28.5980835
48.5994686	29.7850037
48.6828296	27.5400696
48.7661906	28.4124451
48.8495516	23.5239563
48.9329127	13.8338928
49.0162737	12.5137939
49.0996347	9.9676514
49.1829957	12.6168518
49.2663567	15.4059753
49.3497177	20.3832397
49.4330787	23.6724243
49.5164397	27.6859436
49.5998007	29.6117554
49.6831617	29.2490540
49.7665227	28.5604858
49.8498838	21.9147034
49.9332448	14.2154236
50.0166058	13.2747192
50.0999668	17.1123352
50.1833278	18.1104431
50.2666888	19.4148254
50.3500498	21.6729431
50.4334108	25.1414185
50.5167718	27.0047302
50.6001328	28.5914917
50.6834939	28.4866028
50.7668549	27.4238892
50.8502159	21.6763611
50.9335769	18.6751099
51.0169379	9.7267761
51.1002989	11.1604309
51.1836599	13.3836060
51.2670209	16.0655823
51.3503819	21.4146118
51.4337429	25.1317749
51.5171040	28.6145630
51.6004650	30.0737000
51.6838260	30.2164001
51.7671870	25.5823059
51.8505480	23.3417969
51.9339090	17.2011108
52.0172700	14.6611938
52.1006310	14.3941345
52.1839920	16.8611755
52.2673530	17.0502930
52.3507140	23.8523560
52.4340751	24.6491394
52.5174361	28.4637756
52.6007971	28.6736450
52.6841581	28.8285828
52.7675191	27.0942993
52.8508801	23.2604980
52.9342411	17.3864441
53.0176021	13.4415283
53.1009631	13.1007690
53.1843241	14.3284912
53.2676852	15.1303101
53.3510462	19.3835754
53.4344072	24.1039429
53.5177682	27.7531128
53.6011292	29.2817383
53.6844902	28.1598511
53.7678512	25.4205627
53.8512122	21.9161072
53.9345732	20.0010986
54.0179342	16.1358643
54.1012953	8.5523071
54.1846563	10.1828308
54.2680173	11.8217163
54.3513783	22.4091492
54.4347393	24.7249756
54.5181003	27.5898743
54.6014613	29.2010498
54.6848223	29.8258362
54.7681833	26.4052124
54.8515443	23.0272217
54.9349053	17.7296143
55.0182664	15.3405457
55.1016274	12.4470215
55.1849884	12.0777283
55.2683494	16.1496887
55.3517104	20.5214539
55.4350714	23.3889160
55.5184324	26.7132874
55.6017934	28.3400269
55.6851544	28.9674988
55.7685154	27.6217346
55.8518765	22.8555603
55.9352375	18.8575439
56.0185985	10.4354858
56.1019595	12.3502808
56.1853205	14.9489746
56.2686815	15.6752625
56.3520425	19.7927246
56.4354035	24.5890808
56.5187645	26.0043030
56.6021255	28.8775635
56.6854865	28.5874023
56.7688476	26.2079773
56.8522086	20.1838379
56.9355696	18.4162598
57.0189306	11.5033875
57.1022916	12.1602783
57.1856526	16.3561707
57.2690136	18.8012390
57.3523746	21.4184570
57.4357356	24.1153564
57.5190966	26.0362244
57.6024577	27.7056580
57.6858187	27.6423645
57.7691797	26.7247620
57.8525407	21.1219177
57.9359017	17.1171875
58.0192627	10.0472717
58.1026237	8.6610718
58.1859847	5.6392822
58.2693457	14.2940674
58.3527067	20.0918579
58.4360678	23.9584656
58.5194288	27.8785400
58.6027898	29.1579590
58.6861508	29.1714172
58.7695118	28.1400757
58.8528728	21.0543823
58.9362338	18.7692871
59.0195948	14.5121765
59.1029558	10.9019165
59.1863168	14.3263855
59.2696778	18.5133362
59.3530389	21.2489929
59.4363999	24.6983643
59.5197609	27.6589966
59.6031219	27.8715820
59.6864829	28.3215942
59.7698439	27.1544800
59.8532049	22.7527161
59.9365659	17.3078613
60.0199269	13.0442810
60.1032879	7.8153381
60.1866490	13.1264648
60.2700100	17.1051636
60.3533710	19.1396179
60.4367320	23.1462708
60.5200930	25.8661499
60.6034540	28.8105469
60.6868150	28.6388855
60.7701760	27.2073975
60.8535370	23.5473328
60.9368980	16.6511230
61.0202591	12.7355652
61.1036201	10.7947693
61.1869811	10.9330139
61.2703421	14.8116455
61.3537031	21.4595337
61.4370641	24.8516541
61.5204251	27.6068420
61.6037861	29.7286072
61.6871471	29.3011169
61.7705081	27.8112183
61.8538691	22.3898010
61.9372302	15.9883118
62.0205912	14.2954407
62.1039522	13.3201294
62.1873132	15.0744629
62.2706742	16.6332397
62.3540352	22.1981201
62.4373962	22.8677673
62.5207572	26.6818542
62.6041182	28.8551941
62.6874792	28.2118835
62.7708403	25.9065857
62.8542013	20.8685913
62.9375623	14.6306458
63.0209233	13.6513977
63.1042843	12.6595154
63.1876453	17.7705994
63.2710063	14.7682800
63.3543673	21.1040039
63.4377283	23.7821045
63.5210893	25.4165344
63.6044503	27.5252991
63.6878114	29.1266479
63.7711724	26.8774719
63.8545334	22.1890564
63.9378944	18.0837097
64.0212554	9.8751831
64.1046164	12.1928101
64.1879774	14.0891418
64.2713384	19.7272339
64.3546994	23.2626343
64.4380604	23.3047791
64.5214215	27.8260498
64.6047825	28.7028503
64.6881435	28.9835815
64.7715045	26.2326050
64.8548655	21.8387756
64.9382265	15.9471130
65.0215875	14.4397278
65.1049485	10.6902466
65.1883095	11.6708679
65.2716705	15.1302795
65.3550316	20.3802490
65.4383926	23.2422791
65.5217536	26.0801392
65.6051146	29.6907959
65.6884756	28.3005371
65.7718366	26.2630615
65.8551976	24.5914307
65.9385586	15.5053711
66.0219196	10.0317383
66.1052806	10.4209900
66.1886416	15.1012878
66.2720027	19.5576477
66.3553637	21.9977112
66.4387247	22.1029968
66.5220857	26.4497375
66.6054467	29.1534119
66.6888077	29.6375427
66.7721687	26.2673950
66.8555297	23.0336304
66.9388907	19.1746216
67.0222517	15.0383911
67.1056128	9.0274963
67.1889738	14.0688477
67.2723348	18.2332458
67.3556958	21.1895752
67.4390568	24.6204224
67.5224178	27.6328735
67.6057788	28.5451965
67.6891398	30.2831726
67.7725008	28.3109741
67.8558618	20.5558777
67.9392228	20.8350525
68.0225839	12.3320312
68.1059449	11.4237366
68.1893059	11.8257751
68.2726669	14.3045654
68.3560279	20.8590088
68.4393889	23.2429810
68.5227499	26.0386353
68.6061109	30.1711731
68.6894719	29.2673340
68.7728329	28.4000244
68.8561940	21.5249329
68.9395550	16.2200928
69.0229160	10.3934631
69.1062770	11.6481018
69.1896380	13.8117676
69.2729990	16.1024475
69.3563600	21.5012817
69.4397210	24.0793457
69.5230820	26.6465759
69.6064430	28.9106750
69.6898041	29.7462769
69.7731651	27.3099365
69.8565261	21.6337585
69.9398871	16.5686035
70.0232481	11.1521912
70.1066091	9.7617188
70.1899701	11.0765076
70.2733311	17.3511658
70.3566921	19.1446838
70.4400531	24.0324097
70.5234141	26.5677490
70.6067752	28.8848267
70.6901362	30.4317322
70.7734972	26.7073669
70.8568582	24.6243286
70.9402192	21.7241821
71.0235802	9.3851013
71.1069412	15.1907959
71.1903022	16.5954895
71.2736632	18.7290649
71.3570242	19.5063477
71.4403853	22.4972839
71.5237463	27.7435913
71.6071073	28.0604248
71.6904683	29.2592773
71.7738293	26.5986938
71.8571903	21.0797119
71.9405513	19.4697571
72.0239123	15.9320679
72.1072733	15.2801514
72.1906343	12.9201660
72.2739954	18.1071472
72.3573564	22.5032959
72.4407174	25.6793823
72.5240784	27.5577698
72.6074394	29.1414490
72.6908004	28.8705139
72.7741614	26.4077759
72.8575224	23.6836548
72.9408834	19.3190002
73.0242444	12.1220093
73.1076054	5.2388306
73.1909665	9.4014893
73.2743275	15.5515137
73.3576885	21.1390381
73.4410495	23.5067444
73.5244105	26.6550598
73.6077715	29.2562256
73.6911325	28.4754639
73.7744935	25.6890564
73.8578545	20.5932922
73.9412155	16.0020142
74.0245766	17.3389282
74.1079376	13.4344788
74.1912986	15.4695435
74.2746596	16.5656128
74.3580206	19.4818420
74.4413816	22.9479675
74.5247426	26.7866516
74.6081036	28.4953613
74.6914646	29.0981445
74.7748256	26.5817566
74.8581866	23.2290955
74.9415477	13.1344604
75.0249087	15.0655212
75.1082697	13.0584717
75.1916307	13.3583069
75.2749917	17.2681580
75.3583527	21.6639404
75.4417137	23.3477173
75.5250747	27.6691589
75.6084357	29.4740906
75.6917967	29.3048706
75.7751578	26.5649719
75.8585188	20.7131042
75.9418798	15.3222961
76.0252408	11.1099854
76.1086018	9.1813660
76.1919628	9.7366028
76.2753238	17.1777649
76.3586848	20.5058899
76.4420458	24.0447998
76.5254068	27.4445801
76.6087679	29.1905823
76.6921289	29.5317993
76.7754899	27.2416687
76.8588509	23.2144470
76.9422119	16.2439575
77.0255729	14.6624146
77.1089339	12.0669556
77.1922949	15.8080750
77.2756559	20.4828491
77.3590169	24.2638550
77.4423779	24.9507751
77.5257390	27.7268372
77.6091000	29.2724304
77.6924610	28.7023926
77.7758220	26.8056030
77.8591830	23.2037964
77.9425440	14.4574890
78.0259050	12.8468628
78.1092660	13.1203613
78.1926270	11.2934570
78.2759880	19.6616516
78.3593491	20.7699890
78.4427101	23.9403381
78.5260711	27.8063354
78.6094321	28.1539917
78.6927931	28.7117615
78.7761541	27.5676270
78.8595151	22.9542236
78.9428761	17.0784302
79.0262371	15.8013306
79.1095981	14.3813782
79.1929591	13.0459900
79.2763202	13.8029175
79.3596812	21.9370117
79.4430422	25.3184204
79.5264032	27.0442505
79.6097642	28.3359985
79.6931252	29.6610413
79.7764862	27.3128662
79.8598472	23.1138306
79.9432082	20.5600281
80.0265692	14.6261597
80.1099303	10.1162720
80.1932913	17.3691711
80.2766523	18.5717468
80.3600133	21.8979797
80.4433743	24.9257507
80.5267353	28.7125549
80.6100963	28.9380493
80.6934573	29.6171875
80.7768183	27.2575378
80.8601793	22.1784058
80.9435404	15.3729858
81.0269014	9.1989746
81.1102624	9.7333374
81.1936234	13.1661987
81.2769844	15.6019897
81.3603454	21.5655823
81.4437064	24.5263977
81.5270674	28.1372986
81.6104284	30.0171509
81.6937894	29.2868958
81.7771504	29.1155090
81.8605115	20.5483704
81.9438725	15.2173462
82.0272335	14.1397705
82.1105945	12.6724243
82.1939555	12.5374146
82.2773165	15.7209473
82.3606775	22.3538513
82.4440385	25.6350708
82.5273995	26.7183228
82.6107605	29.4930420
82.6941216	30.0105286
82.7774826	28.3693237
82.8608436	23.2372742
82.9442046	15.7343445
83.0275656	10.8575134
83.1109266	9.8438721
83.1942876	10.1807861
83.2776486	17.3865967
83.3610096	22.9034729
83.4443706	23.6270142
83.5277317	27.9615173
83.6110927	30.0367126
83.6944537	29.4490967
83.7778147	28.4562073
83.8611757	26.1861572
83.9445367	17.1786194
84.0278977	15.0824280
84.1112587	11.8029175
84.1946197	13.1271362
84.2779807	16.8196106
84.3613417	22.6986389
84.4447028	24.3679504
84.5280638	29.4363403
84.6114248	29.9183044
84.6947858	28.9981995
84.7781468	26.6268921
84.8615078	21.2845764
84.9448688	16.4875793
85.0282298	13.7955933
85.1115908	10.6588135
85.1949518	14.7817383
85.2783129	18.1864319
85.3616739	21.4600525
85.4450349	24.6404114
85.5283959	27.9270020
85.6117569	28.9841309
85.6951179	28.5881958
85.7784789	28.4679565
85.8618399	23.1094360
85.9452009	16.0743713
86.0285619	10.0038147
86.1119229	17.9800415
86.1952840	15.3400879
86.2786450	17.9465027
86.3620060	22.6308289
86.4453670	25.3450928
86.5287280	29.3473816
86.6120890	28.3511047
86.6954500	28.9830933
86.7788110	26.8531799
86.8621720	23.2359619
86.9455330	16.0662537
87.0288941	13.4983521
87.1122551	13.5618286
87.1956161	15.6296997
87.2789771	14.6505127
87.3623381	22.2402039
87.4456991	26.1973877
87.5290601	28.2008667
87.6124211	29.7780457
87.6957821	29.0522766
87.7791431	27.9940796
87.8625042	21.9582214
87.9458652	15.8943481
88.0292262	10.6107483
88.1125872	11.7804871
88.1959482	13.5865173
88.2793092	16.4315796
88.3626702	21.2538147
88.4460312	24.0488586
88.5293922	27.3872986
88.6127532	28.8470459
88.6961142	30.0906372
88.7794753	26.0038452
88.8628363	23.7875671
88.9461973	19.0321350
89.0295583	9.7948303
89.1129193	9.7422180
89.1962803	10.1131287
89.2796413	16.8519287
89.3630023	19.3429565
89.4463633	24.2613831
89.5297243	27.9944458
89.6130854	30.8652649
89.6964464	29.4684143
89.7798074	28.1737061
89.8631684	21.3944092
89.9465294	14.4692383
90.0298904	14.8048401
90.1132514	12.7800903
90.1966124	18.1730042
90.2799734	20.1776428
90.3633344	22.3820496
90.4466955	24.2400208
90.5300565	28.3398438
90.6134175	28.5521240
90.6967785	29.6291199
90.7801395	27.6247559
90.8635005	24.1188354
90.9468615	16.9283752
91.0302225	9.9284668
91.1135835	12.0866699
91.1969445	13.7716370
91.2803055	16.6915588
91.3636666	19.7188110
91.4470276	23.8150940
91.5303886	26.9614868
91.6137496	29.0937500
91.6971106	30.3274536
91.7804716	28.1060486
91.8638326	23.5816956
91.9471936	14.2410889
92.0305546	9.4774475
92.1139156	10.2279663
92.1972767	12.4796143
92.2806377	16.0388794
92.3639987	20.6405334
92.4473597	23.8214722
92.5307207	26.9001465
92.6140817	28.6683960
92.6974427	28.8304443
92.7808037	25.5149841
92.8641647	23.4552307
92.9475257	18.2713928
93.0308867	12.6433716
93.1142478	13.9208984
93.1976088	12.1886902
93.2809698	19.8095093
93.3643308	22.6617432
93.4476918	24.4370728
93.5310528	28.2854004
93.6144138	29.5261841
93.6977748	28.6287537
93.7811358	27.6903687
93.8644968	21.2358398
93.9478579	18.2890015
94.0312189	11.0772400
94.1145799	8.0780640
94.1979409	10.0932922
94.2813019	12.7158508
94.3646629	21.3139343
94.4480239	23.9319153
94.5313849	28.1188049
94.6147459	29.4867554
94.6981069	29.7772827
94.7814680	26.9336243
94.8648290	24.4214478
94.9481900	12.7218323
95.0315510	8.8085632
95.1149120	8.9247742
95.1982730	11.6679077
95.2816340	15.5840149
95.3649950	21.0173340
95.4483560	25.0094910
95.5317170	27.9279785
95.6150780	29.3316650
95.6984391	29.6492615
95.7818001	28.1958008
95.8651611	21.9471436
95.9485221	17.8669434
96.0318831	11.4210205
96.1152441	8.4974976
96.1986051	15.7536926
96.2819661	16.7126160
96.3653271	21.6131592
96.4486881	25.3026428
96.5320492	26.7987671
96.6154102	30.1377563
96.6987712	29.3846741
96.7821322	26.9088745
96.8654932	23.2158203
96.9488542	18.2442932
97.0322152	10.8531189
97.1155762	13.3668213
97.1989372	14.3010559
97.2822982	15.8505249
97.3656592	21.8290405
97.4490203	25.3876038
97.5323813	26.3952026
97.6157423	30.0176697
97.6991033	29.8761597
97.7824643	26.2575073
97.8658253	22.7529602
97.9491863	18.5505066
98.0325473	12.6772766
98.1159083	11.6239929
98.1992693	8.5466614
98.2826304	12.9366150
98.3659914	20.8455811
98.4493524	23.9072876
98.5327134	27.5904541
98.6160744	29.3567200
98.6994354	30.0704346
98.7827964	26.6344299
98.8661574	21.7257080
98.9495184	17.6620483
99.0328794	13.9677734
99.1162405	13.2426147
99.1996015	11.5611267
99.2829625	16.8046570
99.3663235	21.4830017
99.4496845	25.3600769
99.5330455	27.3872681
99.6164065	29.2294922
99.6997675	29.7068481
99.7831285	26.5980225
99.8664895	24.6202393
99.9498505	17.2075500
100.0332116	10.0771790
100.1165726	9.8934631
100.1999336	12.3148804
100.2832946	15.0542297
100.3666556	22.2458496
100.4500166	23.9364929
100.5333776	27.7976990
100.6167386	30.2482605
100.7000996	28.5639343
100.7834606	26.3735962
100.8668217	21.9313965
100.9501827	16.0120850
101.0335437	10.6926270
101.1169047	10.2814026
101.2002657	15.2431030
101.2836267	17.9293518
101.3669877	21.7306519
101.4503487	22.9763489
101.5337097	27.9808044
101.6170707	29.6756592
101.7004318	29.7000122
101.7837928	27.3480835
101.8671538	22.8448486
101.9505148	15.2060242
102.0338758	15.1059570
102.1172368	8.0854797
102.2005978	13.6719360
102.2839588	15.1622925
102.3673198	19.8962402
102.4506808	24.4189148
102.5340418	27.3413391
102.6174029	28.2759705
102.7007639	29.2603455
102.7841249	28.0352783
102.8674859	20.3925781
102.9508469	15.7292786
103.0342079	13.0406799
103.1175689	13.0550537
103.2009299	13.6582031
103.2842909	16.8323364
103.3676519	21.0707092
103.4510130	26.6303101
103.5343740	28.4038696
103.6177350	31.2693481
103.7010960	28.2543640
103.7844570	25.5999451
103.8678180	20.7649841
103.9511790	17.5013733
104.0345400	11.9370422
104.1179010	7.7780762
104.2012620	11.4271851
104.2846230	16.5778503
104.3679841	20.9278564
104.4513451	25.1452026
104.5347061	26.4761963
104.6180671	29.1719055
104.7014281	29.5962524
104.7847891	28.4498901
104.8681501	21.2150574
104.9515111	18.9527588
105.0348721	10.6477966
105.1182331	10.9587708
105.2015942	15.6446228
105.2849552	20.1694031
105.3683162	21.0944519
105.4516772	26.4288025
105.5350382	27.7167969
105.6183992	29.2130127
105.7017602	29.0299377
105.7851212	27.2956238
105.8684822	22.2884521
105.9518432	18.7097778
106.0352043	13.1260376
106.1185653	11.5634460
106.2019263	16.0489502
106.2852873	15.9879456
106.3686483	21.0744629
106.4520093	24.9780273
106.5353703	28.0885620
106.6187313	28.8374939
106.7020923	28.6532288
106.7854533	25.2198486
106.8688143	22.6083679
106.9521754	17.0450439
107.0355364	11.8203430
107.1188974	10.7973633
107.2022584	11.5176697
107.2856194	17.8887024
107.3689804	22.2721252
107.4523414	23.0963440
107.5357024	28.2637024
107.6190634	29.4263916
107.7024244	28.8310852
107.7857855	27.2602234
107.8691465	21.8168030
107.9525075	18.5829163
108.0358685	13.5257263
108.1192295	7.4617310
108.2025905	11.2105713
108.2859515	14.7752380
108.3693125	20.4350281
108.4526735	21.4728088
108.5360345	26.7511597
108.6193955	29.7510071
108.7027566	29.0560608
108.7861176	27.6788025
108.8694786	23.3366394
108.9528396	16.5377502
109.0362006	12.4953918
109.1195616	8.5516968
109.2029226	13.9032898
109.2862836	17.4680786
109.3696446	21.0610962
109.4530056	23.5738831
109.5363667	26.6322327
109.6197277	29.8987427
109.7030887	28.7015076
109.7864497	26.7891846
109.8698107	20.0805664
109.9531717	13.1137390
110.0365327	10.3382874
110.1198937	10.1998901
110.2032547	17.5935364
110.2866157	21.2926331
110.3699768	20.4392090
110.4533378	24.1252441
110.5366988	27.4372559
110.6200598	29.5425110
110.7034208	28.1864929
110.7867818	26.8959656
110.8701428	23.8779297
110.9535038	14.9516602
111.0368648	10.1664124
111.1202258	8.0443115
111.2035868	10.4513550
111.2869479	15.0748291
111.3703089	19.6534729
111.4536699	24.7021790
111.5370309	27.4108887
111.6203919	28.3277283
111.7037529	28.8862305
111.7871139	27.0328979
111.8704749	22.1174316
111.9538359	16.0173645
112.0371969	10.4403381
112.1205580	9.2110901
112.2039190	11.3004150
112.2872800	16.1892395
112.3706410	20.7560425
112.4540020	24.6222534
112.5373630	27.4143677
112.6207240	28.1976929
112.7040850	28.9455566
112.7874460	27.3825073
112.8708070	21.5968018
112.9541681	18.0154419
113.0375291	13.9606934
113.1208901	15.3964233
113.2042511	13.0701294
113.2876121	16.4164124
113.3709731	20.6389160
113.4543341	24.4636841
113.5376951	27.1244202
113.6210561	29.5258484
113.7044171	28.0928650
113.7877781	25.7558899
113.8711392	23.3024292
113.9545002	17.2465820
114.0378612	11.5705872
114.1212222	13.2796631
114.2045832	15.4350586
114.2879442	17.4189453
114.3713052	24.1158752
114.4546662	22.0725098
114.5380272	26.6127625
114.6213882	29.5826111
114.7047493	29.0742493
114.7881103	26.2649231
114.8714713	24.6899414
114.9548323	21.9663086
115.0381933	10.3672485
115.1215543	11.2346802
115.2049153	13.7671509
115.2882763	17.5125427
115.3716373	20.7782898
115.4549983	24.5673218
115.5383593	27.8385620
115.6217204	28.7925720
115.7050814	28.9605408
115.7884424	28.5194702
115.8718034	22.4370117
115.9551644	17.2290649
116.0385254	15.4343567
116.1218864	10.1427612
116.2052474	10.2746277
116.2886084	16.7190247
116.3719694	23.1450195
116.4553305	25.5021057
116.5386915	28.4944763
116.6220525	28.3865662
116.7054135	28.7792664
116.7887745	26.1277466
116.8721355	22.7217407
116.9554965	16.2548218
117.0388575	9.3776855
117.1222185	11.8689270
117.2055795	11.9499817
117.2889406	15.9790649
117.3723016	22.6298828
117.4556626	24.8628540
117.5390236	28.0837097
117.6223846	27.9362793
117.7057456	29.3766785
117.7891066	27.0997620
117.8724676	22.5605469
117.9558286	21.1894836
118.0391896	16.7684631
118.1225506	8.9735718
118.2059117	11.6303406
118.2892727	16.5450134
118.3726337	19.9211426
118.4559947	24.2898560
118.5393557	27.6067810
118.6227167	28.8969727
118.7060777	27.8763428
118.7894387	26.1451416
118.8727997	22.8061523
118.9561607	18.8728333
119.0395218	10.9626770
119.1228828	7.6374512
119.2062438	18.3389893
119.2896048	16.8517456
119.3729658	22.6864929
119.4563268	22.4631042
119.5396878	26.6257629
119.6230488	29.4893188
119.7064098	27.6908569
119.7897708	27.3475037
119.8731318	22.8345032
119.9564929	14.9661255
120.0398539	12.0234375
120.1232149	11.0281677
120.2065759	13.3482666
120.2899369	11.3580322
120.3732979	18.6342468
120.4566589	23.7970886
120.5400199	26.3544312
120.6233809	29.4405212
120.7067419	29.9866943
120.7901030	26.6709595
120.8734640	22.8044128
120.9568250	19.4213867
121.0401860	13.7041016
121.1235470	12.0423279
121.2069080	13.6939392
121.2902690	16.0773315
121.3736300	19.5570374
121.4569910	23.5140686
121.5403520	28.6214600
121.6237131	29.3162537
121.7070741	28.6780396
121.7904351	26.9391785
121.8737961	21.0953979
121.9571571	18.2217102
122.0405181	10.2577209
122.1238791	13.9472656
122.2072401	13.4468384
122.2906011	16.1027832
122.3739621	20.2971497
122.4573231	25.0096130
122.5406842	27.2377014
122.6240452	29.0778809
122.7074062	27.8188477
122.7907672	26.2097778
122.8741282	21.9003296
122.9574892	16.9964905
123.0408502	11.7680664
123.1242112	8.7030334
123.2075722	12.5760193
123.2909332	15.5127869
123.3742943	21.8016052
123.4576553	24.1622925
123.5410163	27.1105957
123.6243773	29.1560059
123.7077383	28.9162598
123.7910993	26.9661255
123.8744603	18.8811340
123.9578213	16.3100891
124.0411823	10.9326477
124.1245433	9.7445679
124.2079044	12.1405640
124.2912654	14.0995483
124.3746264	20.4300232
124.4579874	23.0477295
124.5413484	28.5955811
124.6247094	28.5015564
124.7080704	28.6071167
124.7914314	25.4981384
124.8747924	21.3002014
124.9581534	18.7594604
125.0415144	12.0470886
125.1248755	6.7410278
125.2082365	10.4147034
125.2915975	12.5446472
125.3749585	20.1602478
125.4583195	23.1694946
125.5416805	27.4354248
125.6250415	29.3447266
125.7084025	27.7273560
125.7917635	28.1384888
125.8751245	23.5399780
125.9584856	20.3382263
126.0418466	13.5456238
126.1252076	14.3831482
126.2085686	7.7218018
126.2919296	14.2885437
126.3752906	21.2252197
126.4586516	23.5929260
126.5420126	27.2767944
126.6253736	28.7241211
126.7087346	28.2174072
126.7920956	26.5401306
126.8754567	21.5160522
126.9588177	16.2178650
127.0421787	10.4790039
127.1255397	14.3555908
127.2089007	14.1425171
127.2922617	21.5241394
127.3756227	22.6611938
127.4589837	25.0038757
127.5423447	27.0969543
127.6257057	27.8611145
127.7090668	27.7803955
127.7924278	26.6317444
127.8757888	21.6271973
127.9591498	17.6122742
128.0425108	14.1665344
128.1258718	6.8984985
128.2092328	12.4060974
128.2925938	16.0559998
128.3759548	17.3220520
128.4593158	22.4249878
128.5426769	27.3464661
128.6260379	28.3833008
128.7093989	29.7589722
128.7927599	27.3765564
128.8761209	21.4468079
128.9594819	17.7999268
129.0428429	12.1749268
129.1262039	7.4422607
129.2095649	11.3464661
129.2929259	18.6225891
129.3762869	19.5629883
129.4596480	19.3273621
129.5430090	27.4999390
129.6263700	29.4280090
129.7097310	28.9229736
129.7930920	28.3031006
129.8764530	21.1444397
129.9598140	14.9626465
130.0431750	11.2743530
130.1265360	11.5550537
130.2098970	12.0755005
130.2932581	17.1381531
130.3766191	21.9901428
130.4599801	23.1959839
130.5433411	27.6913757
130.6267021	29.8381348
130.7100631	29.1045837
130.7934241	27.7831421
130.8767851	24.3177185
130.9601461	17.7209778
131.0435071	12.7043457
131.1268682	10.4858704
131.2102292	15.6466064
131.2935902	18.1937561
131.3769512	25.0845642
131.4603122	24.9208984
131.5436732	27.1771545
131.6270342	28.1882935
131.7103952	28.4823303
131.7937562	26.2870178
131.8771172	23.1358643
131.9604782	14.1877441
132.0438393	7.9914856
132.1272003	9.9214783
132.2105613	12.5535278
132.2939223	15.9803162
132.3772833	22.4421997
132.4606443	23.1211243
132.5440053	27.2370911
132.6273663	28.1513062
132.7107273	28.5819702
132.7940883	27.5042725
132.8774494	20.0898132
132.9608104	17.7409973
133.0441714	10.4422302
133.1275324	11.0585938
133.2108934	13.2919006
133.2942544	20.3877563
133.3776154	22.5952759
133.4609764	23.7809753
133.5443374	28.3613281
133.6276984	28.6257629
133.7110594	28.4520264
133.7944205	26.1481934
133.8777815	22.8361511
133.9611425	15.3591614
134.0445035	14.3875427
134.1278645	13.2829895
134.2112255	11.6899414
134.2945865	14.3207092
134.3779475	21.2579041
134.4613085	22.8294067
134.5446695	25.9326782
134.6280306	29.2430115
134.7113916	28.9671936
134.7947526	27.6318054
134.8781136	24.3693237
134.9614746	16.7745361
135.0448356	12.0332336
135.1281966	11.8781128
135.2115576	11.9070740
135.2949186	13.3132324
135.3782796	20.4246826
135.4616407	24.2368469
135.5450017	26.6148682
135.6283627	28.8095703
135.7117237	28.9678345
135.7950847	27.0664062
135.8784457	21.0426941
135.9618067	14.2967529
136.0451677	12.2627869
136.1285287	13.9246216
136.2118897	8.0267029
136.2952507	18.1933289
136.3786118	22.1594238
136.4619728	23.7281799
136.5453338	26.8765564
136.6286948	28.7786255
136.7120558	29.1976318
136.7954168	27.7884216
136.8787778	20.2975769
136.9621388	16.6493835
137.0454998	16.5213928
137.1288608	12.5038147
137.2122219	14.6189880
137.2955829	16.5755310
137.3789439	22.9567261
137.4623049	24.2861023
137.5456659	27.8819580
137.6290269	28.8513489
137.7123879	27.8604736
137.7957489	26.7669983
137.8791099	22.6828308
137.9624709	20.0696106
138.0458319	15.4851990
138.1291930	11.5922546
138.2125540	13.4970398
138.2959150	20.9684143
138.3792760	22.3287964
138.4626370	24.7417297
138.5459980	28.0323792
138.6293590	28.4030762
138.7127200	29.5126953
138.7960810	26.9265442
138.8794420	20.7858582
138.9628031	18.5711060
139.0461641	9.9012146
139.1295251	12.2397461
139.2128861	15.9220886
139.2962471	16.4015503
139.3796081	23.0931091
139.4629691	25.5161743
139.5463301	26.4778137
139.6296911	28.8094177
139.7130521	29.0987854
139.7964132	27.0330811
139.8797742	23.3243408
139.9631352	16.3562927
140.0464962	12.8701477
140.1298572	10.2879944
140.2132182	11.5907288
140.2965792	18.0798035
140.3799402	22.2397766
140.4633012	24.0726013
140.5466622	27.0965576
140.6300232	28.0939941
140.7133843	29.0752258
140.7967453	27.2727356
140.8801063	23.0686340
140.9634673	15.2609863
141.0468283	14.0044556
141.1301893	12.9693604
141.2135503	10.6793823
141.2969113	15.0256958
141.3802723	22.2057800
141.4636333	24.3844299
141.5469944	26.8314819
141.6303554	29.2156067
141.7137164	28.5143127
141.7970774	27.9111938
141.8804384	23.3294067
141.9637994	16.9808655
142.0471604	13.1381836
142.1305214	7.0203857
142.2138824	12.0411377
142.2972434	14.5209961
142.3806045	17.8523865
142.4639655	23.9696350
142.5473265	26.6250305
142.6306875	28.2532654
142.7140485	28.0518799
142.7974095	25.8824158
142.8807705	23.9710083
142.9641315	18.2174072
143.0474925	10.1953430
143.1308535	11.3592529
143.2142145	11.0691223
143.2975756	14.3426208
143.3809366	20.5378418
143.4642976	23.1593628
143.5476586	27.4868774
143.6310196	29.2010803
143.7143806	29.1873474
143.7977416	27.5715332
143.8811026	22.8935242
143.9644636	17.3404846
144.0478246	11.9952393
144.1311857	7.9170837
144.2145467	16.3985291
144.2979077	19.9429016
144.3812687	20.2527771
144.4646297	24.6723328
144.5479907	26.9172058
144.6313517	28.5788574
144.7147127	29.2575684
144.7980737	27.3229370
144.8814347	22.2815552
144.9647957	16.7316895
145.0481568	15.7159424
145.1315178	14.5329895
145.2148788	15.1163330
145.2982398	17.2778015
145.3816008	22.3116150
145.4649618	25.2255859
145.5483228	27.9698792
145.6316838	27.6431274
145.7150448	28.3777466
145.7984058	27.8065186
145.8817669	23.0725403
145.9651279	18.5016174
146.0484889	11.2137756
146.1318499	12.2700500
146.2152109	16.5757141
146.2985719	18.2819519
146.3819329	20.8654480
146.4652939	24.4135132
146.5486549	26.5927734
146.6320159	29.0480042
146.7153770	28.9506836
146.7987380	28.4358215
146.8820990	21.1589661
146.9654600	18.8142700
147.0488210	11.5177002
147.1321820	8.4815063
147.2155430	8.8216858
147.2989040	15.0365906
147.3822650	23.1485291
147.4656260	24.9340210
147.5489870	28.6985474
147.6323481	29.6220398
147.7157091	29.8834534
147.7990701	27.2794189
147.8824311	23.4173279
147.9657921	22.0405884
148.0491531	17.0208435
148.1325141	12.3596497
148.2158751	12.5102539
148.2992361	15.9002075
148.3825971	21.0663452
148.4659582	23.3185425
148.5493192	27.3885498
148.6326802	28.5221558
148.7160412	29.9659424
148.7994022	27.9848328
148.8827632	24.8068848
148.9661242	16.0928650
149.0494852	13.7758789
149.1328462	15.8639526
149.2162072	14.3122253
149.2995682	22.7827454
149.3829293	21.2048035
149.4662903	24.8190613
149.5496513	29.1509094
149.6330123	28.3610229
149.7163733	28.5301819
149.7997343	27.8932190
149.8830953	23.2093811
149.9664563	19.1125488
150.0498173	16.0178528
150.1331783	12.4517517
150.2165394	12.5792236
150.2999004	18.5528259
150.3832614	22.8409729
150.4666224	24.5756531
150.5499834	27.2122192
150.6333444	27.8692017
150.7167054	29.2145691
150.8000664	27.1608582
150.8834274	21.5232544
150.9667884	16.4841003
151.0501495	9.5246277
151.1335105	10.6976318
151.2168715	12.8751526
151.3002325	16.4931946
151.3835935	22.5050354
151.4669545	24.6359253
151.5503155	27.8223877
151.6336765	29.1737976
151.7170375	28.8360291
151.8003985	27.8214417
151.8837595	24.7396851
151.9671206	19.3420715
152.0504816	11.5732422
152.1338426	11.3822937
152.2172036	15.0971069
152.3005646	16.9940186
152.3839256	19.4516602
152.4672866	24.7427368
152.5506476	28.0644226
152.6340086	28.9711914
152.7173696	29.2862854
152.8007307	27.5991211
152.8840917	22.1394653
152.9674527	18.5732117
153.0508137	12.7887878
153.1341747	11.2078247
153.2175357	13.5002136
153.3008967	16.4704895
153.3842577	21.6405945
153.4676187	24.9608154
153.5509797	28.3376465
153.6343408	30.1694946
153.7177018	28.9201965
153.8010628	26.4571228
153.8844238	23.9778137
153.9677848	17.6057434
154.0511458	12.0455933
154.1345068	11.0582581
154.2178678	13.3279114
154.3012288	18.2764893
154.3845898	23.7828064
154.4679508	24.1566467
154.5513119	27.8794556
154.6346729	31.0166321
154.7180339	29.9391785
154.8013949	27.8066101
154.8847559	22.8123779
154.9681169	16.0351868
155.0514779	14.2765808
155.1348389	16.5493469
155.2181999	17.0294495
155.3015609	16.9395447
155.3849220	22.3592224
155.4682830	24.1458740
155.5516440	28.7333374
155.6350050	28.7055359
155.7183660	29.6450806
155.8017270	28.5838623
155.8850880	24.4250793
155.9684490	16.8406372
156.0518100	13.6947327
156.1351710	15.6214600
156.2185320	16.4854736
156.3018931	21.3379822
156.3852541	20.2343750
156.4686151	24.8015747
156.5519761	26.7278748
156.6353371	28.6996460
156.7186981	28.3677368
156.8020591	27.6650391
156.8854201	23.9820251
156.9687811	20.5220947
157.0521421	17.4782104
157.1355032	11.7335510
157.2188642	12.5038452
157.3022252	16.6143799
157.3855862	21.9224548
157.4689472	24.3912048
157.5523082	28.1179199
157.6356692	27.8688354
157.7190302	28.2829590
157.8023912	26.9904480
157.8857522	24.5881348
157.9691133	18.4287720
158.0524743	12.9110107
158.1358353	8.8326721
158.2191963	12.8826599
158.3025573	17.8236084
158.3859183	21.6455688
158.4692793	24.9468994
158.5526403	28.4947205
158.6360013	28.8025208
158.7193623	29.2000732
158.8027233	27.4491882
158.8860844	22.1771851
158.9694454	18.8749084
159.0528064	14.6942139
159.1361674	15.0316772
159.2195284	17.1560364
159.3028894	21.1907959
159.3862504	22.9589539
159.4696114	26.7149658
159.5529724	26.9576111
159.6363334	30.2486572
159.7196945	28.7791748
159.8030555	26.1572876
159.8864165	23.6394958
159.9697775	14.7138977
160.0531385	10.3797607
160.1364995	13.6861267
160.2198605	13.7350159
160.3032215	14.4999084
160.3865825	23.1887207
160.4699435	25.2851562
160.5533045	27.4435120
160.6366656	29.3750305
160.7200266	28.9016724
160.8033876	26.3650513
160.8867486	23.0218201
160.9701096	17.2091064
161.0534706	13.7645874
161.1368316	11.8516235
161.2201926	15.3675842
161.3035536	14.8398132
161.3869146	22.3886108
161.4702757	24.7089844
161.5536367	28.8659973
161.6369977	30.4356079
161.7203587	30.0560608
161.8037197	28.8045349
161.8870807	23.6751709
161.9704417	14.8846436
162.0538027	12.6579590
162.1371637	17.8700562
162.2205247	17.3684998
162.3038858	22.6734619
162.3872468	22.3078308
162.4706078	24.2218323
162.5539688	27.8635864
162.6373298	29.9613342
162.7206908	28.9672852
162.8040518	26.5810852
162.8874128	24.5186462
162.9707738	16.1227112
163.0541348	15.5622253
163.1374958	14.5030518
163.2208569	15.8413391
163.3042179	17.4357605
163.3875789	24.0858765
163.4709399	26.7946472
163.5543009	27.7437744
163.6376619	29.9855042
163.7210229	28.9567566
163.8043839	28.1068726
163.8877449	24.0959778
163.9711059	17.4488525
164.0544670	15.4488220
164.1378280	10.8126221
164.2211890	12.7786865
164.3045500	22.1732178
164.3879110	24.7022095
164.4712720	23.9450989
164.5546330	27.4370117
164.6379940	30.8776855
164.7213550	29.7371216
164.8047160	28.1899109
164.8880771	23.5388184
164.9714381	20.0242004
165.0547991	11.2752686
165.1381601	12.2225647
165.2215211	14.4905396
165.3048821	16.7860718
165.3882431	22.9768677
165.4716041	25.8333740
165.5549651	26.8994751
165.6383261	30.2637634
165.7216871	29.1898804
165.8050482	27.5323792
165.8884092	22.0048523
165.9717702	17.3876648
166.0551312	16.6304321
166.1384922	13.0971069
166.2218532	13.7816467
166.3052142	16.1502380
166.3885752	22.1622925
166.4719362	25.5396118
166.5552972	28.3497925
166.6386583	31.3139343
166.7220193	30.4428711
166.8053803	28.3486633
166.8887413	24.2815552
166.9721023	19.2459412
167.0554633	14.9227295
167.1388243	13.1902771
167.2221853	14.6097412
167.3055463	21.9383545
167.3889073	22.3641357
167.4722683	25.5351257
167.5556294	28.9174500
167.6389904	30.5442200
167.7223514	29.3495178
167.8057124	28.1720886
167.8890734	25.2575073
167.9724344	20.7612000
168.0557954	12.0005493
168.1391564	12.8531189
168.2225174	14.2010803
168.3058784	16.3303528
168.3892395	21.7298279
168.4726005	24.5881958
168.5559615	28.7841187
168.6393225	29.9804993
168.7226835	29.6261597
168.8060445	28.2215576
168.8894055	26.5014343
168.9727665	20.9535828
169.0561275	17.5030823
169.1394885	11.2975464
169.2228496	11.5179138
169.3062106	17.0674133
169.3895716	22.7557678
169.4729326	24.9255066
169.5562936	27.5500793
169.6396546	29.5426331
169.7230156	30.0073853
169.8063766	28.6070557
169.8897376	23.2140503
169.9730986	20.2933655
170.0564596	14.3540955
170.1398207	11.8115540
170.2231817	17.4813843
170.3065427	17.0761108
170.3899037	22.0133362
170.4732647	25.8557739
170.5566257	28.3917542
170.6399867	29.6911926
170.7233477	30.0806885
170.8067087	28.6905518
170.8900697	24.4597778
170.9734308	21.4369507
171.0567918	12.9662476
171.1401528	9.4018860
171.2235138	11.6715393
171.3068748	18.4311829
171.3902358	22.8496094
171.4735968	24.7914124
171.5569578	28.3148804
171.6403188	29.4868469
171.7236798	29.6824036
171.8070409	27.6186829
171.8904019	23.0209351
171.9737629	20.3402710
172.0571239	14.2330322
172.1404849	10.0984497
172.2238459	17.8673096
172.3072069	22.0337524
172.3905679	23.2676086
172.4739289	26.7386169
172.5572899	29.3666382
172.6406509	31.1686401
172.7240120	32.3610535
172.8073730	30.4737854
172.8907340	24.4801025
172.9740950	17.2983093
173.0574560	14.1542664
173.1408170	12.3396606
173.2241780	15.2317505
173.3075390	17.7056885
173.3909000	21.7319641
173.4742610	26.2554016
173.5576221	28.9636841
173.6409831	31.7093811
173.7243441	30.5493469
173.8077051	29.2822876
173.8910661	25.7678223
173.9744271	19.1339722
174.0577881	13.3171997
174.1411491	11.9822998
174.2245101	13.8979492
174.3078711	18.4586487
174.3912321	22.6988220
174.4745932	25.0334167
174.5579542	29.6627197
174.6413152	30.3128967
174.7246762	31.1393433
174.8080372	29.0437927
174.8913982	24.3387146
174.9747592	17.5227966
175.0581202	14.0706177
175.1414812	16.5302429
175.2248422	16.5836792
175.3082033	20.3030090
175.3915643	23.7350159
175.4749253	24.3197937
175.5582863	28.3257751
175.6416473	31.1166992
175.7250083	30.8722839
175.8083693	28.3516235
175.8917303	24.9318848
175.9750913	23.2651978
176.0584523	20.7132874
176.1418134	13.4146729
176.2251744	12.2158508
176.3085354	19.9439087
176.3918964	24.1132812
176.4752574	26.2638855
176.5586184	27.9538574
176.6419794	31.4645996
176.7253404	30.5385437
176.8087014	28.4574280
176.8920624	22.2929077
176.9754234	16.8890991
177.0587845	13.2465210
177.1421455	11.4984741
177.2255065	18.1416931
177.3088675	17.4275208
177.3922285	21.6074829
177.4755895	24.9927979
177.5589505	27.9951477
177.6423115	30.2188110
177.7256725	29.7581787
177.8090335	28.5849915
177.8923946	24.3796387
177.9757556	21.4714661
178.0591166	11.6835938
178.1424776	11.7548523
178.2258386	13.6566467
178.3091996	17.4618835
178.3925606	22.7627563
178.4759216	25.3746338
178.5592826	28.8291931
178.6426436	31.2186279
178.7260046	31.2414551
178.8093657	26.8612976
178.8927267	23.2449036
178.9760877	16.8862305
179.0594487	14.0992432
179.1428097	13.7038269
179.2261707	14.2348022
179.3095317	18.8548279
179.3928927	24.6090698
179.4762537	25.0788269
179.5596147	29.1536865
179.6429758	30.8999939
179.7263368	31.0867615
179.8096978	28.9241638
179.8930588	24.4945374
179.9764198	22.1250305
180.0597808	14.7623596
180.1431418	10.8853455
180.2265028	12.7264404
180.3098638	18.2475586
180.3932248	21.7301636
180.4765859	25.2522888
180.5599469	29.7324219
180.6433079	30.8213196
180.7266689	32.0987244
180.8100299	29.3552246
180.8933909	24.6210022
180.9767519	16.5757751
181.0601129	13.3522034
181.1434739	13.4755249
181.2268349	16.1573181
181.3101959	21.2086487
181.3935570	23.5654297
181.4769180	24.1736755
181.5602790	29.5436096
181.6436400	31.8910217
181.7270010	33.9070129
181.8103620	30.0780640
181.8937230	26.8110962
181.9770840	17.4856262
182.0604450	14.5348816
182.1438060	16.7810059
182.2271671	20.3231201
182.3105281	20.9885559
182.3938891	24.6370239
182.4772501	26.2882385
182.5606111	29.7775574
182.6439721	31.9693909
182.7273331	31.9940186
182.8106941	29.9088135
182.8940551	23.1311340
182.9774161	22.9950562
183.0607772	14.6511536
183.1441382	9.7233276
183.2274992	15.1118469
183.3108602	19.3104248
183.3942212	23.5318604
183.4775822	25.4888000
183.5609432	30.0923157
183.6443042	32.5270691
183.7276652	32.1970215
183.8110262	30.6228943
183.8943872	24.7135620
183.9777483	20.5490723
184.0611093	14.9408264
184.1444703	11.9386597
184.2278313	12.6712341
184.3111923	21.5477295
184.3945533	23.8942566
184.4779143	27.7774658
184.5612753	29.4946289
184.6446363	32.5481873
184.7279973	32.2491760
184.8113584	30.7412415
184.8947194	24.8824158
184.9780804	20.5416565
185.0614414	14.0784302
185.1448024	11.8937378
185.2281634	14.3436584
185.3115244	18.1233215
185.3948854	24.2367249
185.4782464	26.1858521
185.5616074	29.6071472
185.6449684	32.3332520
185.7283295	31.3292542
185.8116905	30.2023010
185.8950515	25.2355042
185.9784125	16.9490967
186.0617735	13.3532104
186.1451345	13.3920898
186.2284955	11.2046509
186.3118565	21.2792969
186.3952175	25.7381592
186.4785785	26.3461609
186.5619396	30.1063232
186.6453006	32.0101624
186.7286616	31.8505859
186.8120226	29.8811340
186.8953836	25.9009705
186.9787446	19.1527710
187.0621056	12.0198669
187.1454666	10.4974365
187.2288276	18.1673279
187.3121886	20.3130798
187.3955497	21.5513306
187.4789107	25.1638794
187.5622717	28.7072449
187.6456327	30.5801392
187.7289937	30.7059937
187.8123547	29.8302612
187.8957157	23.9295654
187.9790767	19.9201355
188.0624377	15.7884521
188.1457987	14.2582397
188.2291597	21.7680664
188.3125208	21.1718140
188.3958818	24.2210388
188.4792428	25.8849487
188.5626038	29.7958069
188.6459648	30.9953613
188.7293258	32.2616577
188.8126868	29.8117981
188.8960478	27.1929321
188.9794088	22.6457520
189.0627698	15.0496521
189.1461309	11.0025330
189.2294919	13.9018555
189.3128529	19.3650818
189.3962139	22.4465637
189.4795749	25.4322815
189.5629359	30.2043762
189.6462969	32.1673279
189.7296579	32.8828430
189.8130189	30.2695007
189.8963799	27.1152649
189.9797409	19.0016174
190.0631020	11.9430237
190.1464630	9.8726807
190.2298240	14.7720642
190.3131850	18.9957275
190.3965460	22.2634277
190.4799070	26.0327759
190.5632680	29.7614136
190.6466290	31.2993469
190.7299900	31.2567139
190.8133510	29.8569641
190.8967121	25.2177429
190.9800731	18.4343567
191.0634341	15.2791748
191.1467951	14.3709106
191.2301561	13.6563110
191.3135171	22.6003418
191.3968781	23.8699341
191.4802391	26.6278381
191.5636001	29.7072144
191.6469611	31.2560120
191.7303222	31.6417542
191.8136832	30.7712097
191.8970442	25.9092712
191.9804052	18.3607788
192.0637662	13.8996277
192.1471272	15.0919189
192.2304882	17.0727234
192.3138492	19.8730774
192.3972102	20.9158020
192.4805712	25.0215149
192.5639322	29.0673523
192.6472933	32.0717468
192.7306543	32.4293213
192.8140153	30.8669128
192.8973763	25.7958984
192.9807373	20.0066833
193.0640983	14.3026733
193.1474593	13.4812012
193.2308203	17.1428223
193.3141813	18.1352234
193.3975423	24.4407959
193.4809034	25.4225159
193.5642644	28.8178711
193.6476254	32.2310791
193.7309864	32.5519409
193.8143474	30.0645142
193.8977084	24.1271057
193.9810694	19.5322266
194.0644304	11.4876404
194.1477914	15.1291504
194.2311524	18.9770508
194.3145135	18.4410400
194.3978745	22.7774658
194.4812355	25.2759705
194.5645965	28.5866089
194.6479575	31.8749390
194.7313185	31.7748718
194.8146795	30.9507446
194.8980405	21.7828064
194.9814015	17.5780334
195.0647625	15.6592407
195.1481235	13.0875854
195.2314846	15.6578369
195.3148456	20.3337708
195.3982066	22.8605042
195.4815676	25.9643250
195.5649286	29.0528259
195.6482896	32.5991211
195.7316506	31.9620361
195.8150116	28.9066162
195.8983726	25.2658081
195.9817336	17.9089355
196.0650947	17.3208618
196.1484557	14.8534241
196.2318167	16.2920227
196.3151777	20.2794495
196.3985387	21.9903259
196.4818997	25.1137085
196.5652607	30.4719238
196.6486217	33.9797974
196.7319827	33.0700989
196.8153437	29.7610474
196.8987047	26.1652222
196.9820658	19.1279602
197.0654268	13.0494690
197.1487878	12.3977356
197.2321488	14.6681824
197.3155098	17.7317200
197.3988708	23.4984436
197.4822318	27.0588074
197.5655928	29.8673401
197.6489538	33.4651184
197.7323148	32.1547241
197.8156759	30.1685181
197.8990369	27.0911865
197.9823979	16.0384216
198.0657589	15.0260925
198.1491199	13.8692932
198.2324809	16.6682434
198.3158419	22.1335754
198.3992029	24.1298523
198.4825639	26.5098877
198.5659249	30.6311035
198.6492860	32.6028442
198.7326470	32.7436523
198.8160080	28.5852051
198.8993690	26.2341614
198.9827300	19.4860535
199.0660910	13.9725342
199.1494520	15.3728943
199.2328130	11.8507690
199.3161740	16.7480469
199.3995350	24.8757019
199.4828960	26.6945496
199.5662571	30.6162720
199.6496181	31.9417114
199.7329791	31.2524109
199.8163401	31.8147888
199.8997011	27.7202759
199.9830621	16.9730835
200.0664231	12.1301575
200.1497841	11.4044495
200.2331451	15.0534058
200.3165061	18.5024109
200.3998672	25.0864563
200.4832282	25.2638245
200.5665892	29.6962280
200.6499502	32.3640137
200.7333112	32.3859558
200.8166722	31.6722717
200.9000332	26.2769775
200.9833942	21.9132996
201.0667552	17.9173584
201.1501162	14.4748535
201.2334773	17.4928589
201.3168383	20.4497070
201.4001993	24.9643250
201.4835603	26.0620117
201.5669213	30.0262146
201.6502823	32.5469666
201.7336433	33.7476501
201.8170043	31.3721008
201.9003653	26.5341187
201.9837263	21.1944580
202.0670873	12.1218567
202.1504484	17.8403931
202.2338094	15.4183960
202.3171704	23.4817810
202.4005314	22.5536194
202.4838924	23.7760925
202.5672534	29.5854492
202.6506144	30.6845703
202.7339754	31.2282410
202.8173364	29.0779114
202.9006974	27.4534607
202.9840585	20.3786621
203.0674195	14.9143066
203.1507805	14.1484985
203.2341415	13.0944519
203.3175025	17.8117371
203.4008635	25.0266113
203.4842245	24.9069824
203.5675855	29.4915161
203.6509465	31.0805359
203.7343075	32.4156799
203.8176685	31.6998596
203.9010296	26.3367920
203.9843906	16.6664734
204.0677516	13.1791687
204.1511126	15.3273010
204.2344736	12.5036621
204.3178346	18.4659424
204.4011956	23.3680420
204.4845566	26.6492920
204.5679176	31.3750610
204.6512786	32.4093628
204.7346397	31.6458435
204.8180007	30.7008057
204.9013617	25.5147095
204.9847227	19.1670227
205.0680837	15.5822144
205.1514447	15.6911926
205.2348057	21.1490784
205.3181667	20.2124939
205.4015277	25.2778931
205.4848887	26.7730103
205.5682498	30.7130432
205.6516108	32.3628235
205.7349718	33.0719910
205.8183328	30.4840393
205.9016938	27.2343445
205.9850548	19.9529419
206.0684158	15.2332764
206.1517768	16.5034790
206.2351378	19.8732605
206.3184988	21.4623718
206.4018598	24.0692444
206.4852209	25.0129700
206.5685819	29.8425903
206.6519429	32.6861572
206.7353039	32.4566650
206.8186649	30.7356873
206.9020259	27.3843384
206.9853869	24.9805298
207.0687479	13.9049683
207.1521089	14.5364685
207.2354699	16.0302429
207.3188310	21.1970215
207.4021920	24.1241150
207.4855530	27.1113586
207.5689140	29.5010376
207.6522750	32.3119507
207.7356360	32.7262268
207.8189970	29.4293823
207.9023580	26.8686523
207.9857190	20.2377930
208.0690800	12.7122498
208.1524410	15.7863770
208.2358021	17.5082397
208.3191631	20.5416260
208.4025241	25.0519104
208.4858851	27.9594727
208.5692461	30.1976318
208.6526071	33.9410706
208.7359681	33.0781860
208.8193291	31.1029358
208.9026901	25.8097229
208.9860511	19.2532349
209.0694122	14.1086121
209.1527732	15.9443970
209.2361342	17.2982178
209.3194952	19.3414307
209.4028562	22.8016968
209.4862172	24.6722717
209.5695782	29.2848206
209.6529392	31.4758301
209.7363002	32.9432373
209.8196612	30.5645752
209.9030223	25.9183044
209.9863833	23.0621948
210.0697443	17.9341125
210.1531053	14.9162292
210.2364663	23.8008728
210.3198273	21.4107361
210.4031883	25.1365967
210.4865493	26.0710449
210.5699103	30.4541016
210.6532713	33.9549561
210.7366323	32.4270325
210.8199934	31.4018555
210.9033544	27.5727539
210.9867154	22.9920654
211.0700764	13.9588013
211.1534374	14.5806274
211.2367984	16.8727417
211.3201594	20.5922241
211.4035204	24.6689758
211.4868814	26.9491882
211.5702424	30.0350342
211.6536035	33.4191589
211.7369645	33.5690613
211.8203255	30.6960449
211.9036865	25.8798218
211.9870475	21.0617371
212.0704085	18.5001831
212.1537695	15.0130615
212.2371305	16.5684814
212.3204915	21.8798218
212.4038525	23.7660217
212.4872136	26.1026001
212.5705746	29.8930969
212.6539356	32.1260986
212.7372966	33.1231384
212.8206576	31.2153320
212.9040186	24.1728516
212.9873796	23.7556763
213.0707406	18.5082092
213.1541016	19.1735840
213.2374626	16.2169495
213.3208236	20.7541199
213.4041847	27.6631775
213.4875457	26.0564880
213.5709067	30.6167908
213.6542677	32.4185486
213.7376287	32.9672241
213.8209897	30.2124023
213.9043507	26.4267883
213.9877117	19.4356689
214.0710727	14.1405945
214.1544337	11.5997620
214.2377948	13.4633179
214.3211558	17.5246887
214.4045168	25.3583984
214.4878778	26.7214355
214.5712388	30.3738403
214.6545998	34.3551331
214.7379608	32.1962280
214.8213218	31.9470215
214.9046828	27.7633972
214.9880438	22.2234497
215.0714048	21.3713379
215.1547659	15.1753540
215.2381269	13.6469727
215.3214879	21.0305786
215.4048489	25.9079895
215.4882099	26.5724792
215.5715709	30.4418640
215.6549319	31.9223938
215.7382929	32.9909973
215.8216539	29.8652649
215.9050149	26.6185303
215.9883760	21.0281067
216.0717370	17.6204529
216.1550980	9.6289673
216.2384590	17.1344299
216.3218200	21.3789062
216.4051810	24.6350098
216.4885420	25.8468628
216.5719030	29.5952454
216.6552640	31.8609009
216.7386250	32.7602844
216.8219861	30.9450378
216.9053471	23.4447632
216.9887081	19.1284180
217.0720691	13.8793640
217.1554301	10.7384338
217.2387911	15.2904968
217.3221521	17.3443298
217.4055131	25.9400330
217.4888741	27.6092224
217.5722351	30.6092224
217.6555961	32.4150391
217.7389572	32.8278198
217.8223182	31.3166199
217.9056792	25.6300354
217.9890402	20.5057068
218.0724012	18.1144409
218.1557622	15.5320129
218.2391232	15.6205750
218.3224842	21.7723999
218.4058452	25.0187378
218.4892062	27.3394470
218.5725673	30.9590759
218.6559283	33.7791748
218.7392893	32.5843811
218.8226503	30.8891602
218.9060113	28.4247437
218.9893723	19.7076721
219.0727333	20.9218750
219.1560943	18.6451111
219.2394553	17.3031616
219.3228163	19.8509521
219.4061773	25.3463745
219.4895384	27.2136230
219.5728994	30.7140808
219.6562604	33.1734009
219.7396214	32.2489014
219.8229824	31.2812195
219.9063434	29.7763367
219.9897044	21.5682678
220.0730654	15.0823364
220.1564264	12.3413086
220.2397874	17.0494995
220.3231485	18.4248352
220.4065095	25.6368408
220.4898705	25.7788086
220.5732315	31.4013672
220.6565925	32.1782837
220.7399535	32.7693787
220.8233145	30.8736877
220.9066755	25.7128601
220.9900365	19.8338318
221.0733975	14.8519287
221.1567586	16.0828247
221.2401196	16.5220032
221.3234806	19.8591614
221.4068416	24.7538757
221.4902026	25.4653320
221.5735636	31.1772461
221.6569246	32.9772034
221.7402856	33.6654358
221.8236466	30.3130188
221.9070076	26.3353882
221.9903686	22.2171326
222.0737297	18.9617004
222.1570907	19.4128113
222.2404517	19.7268982
222.3238127	18.9635010
222.4071737	23.4436646
222.4905347	27.4948425
222.5738957	30.7794495
222.6572567	32.9600830
222.7406177	33.5975342
222.8239787	32.8594055
222.9073398	28.8597107
222.9907008	21.6034241
223.0740618	16.4531555
223.1574228	14.0887146
223.2407838	15.8681946
223.3241448	22.8592834
223.4075058	26.2888794
223.4908668	27.4354858
223.5742278	30.8354492
223.6575888	32.5550842
223.7409499	33.9916687
223.8243109	32.4321899
223.9076719	25.8061829
223.9910329	21.4828796
224.0743939	17.6300964
224.1577549	14.7331848
224.2411159	16.2915039
224.3244769	22.5006409
224.4078379	24.9225159
224.4911989	27.3995056
224.5745599	31.0463867
224.6579210	32.1920776
224.7412820	33.0672913
224.8246430	31.7303467
224.9080040	26.2212219
224.9913650	17.9090881
225.0747260	14.9896545
225.1580870	15.0163879
225.2414480	18.3244934
225.3248090	19.2863159
225.4081700	24.8984375
225.4915311	25.6818237
225.5748921	29.9900208
225.6582531	32.9682312
225.7416141	32.7926941
225.8249751	31.6695251
225.9083361	26.7073669
225.9916971	17.1185303
226.0750581	15.4183960
226.1584191	17.4363098
226.2417801	15.2697144
226.3251411	16.1238708
226.4085022	23.8862000
226.4918632	24.9469604
226.5752242	30.3608398
226.6585852	33.9659424
226.7419462	35.5160217
226.8253072	30.7565918
226.9086682	28.3181152
226.9920292	19.9772644
227.0753902	15.8882751
227.1587512	12.7647400
227.2421123	16.0195923
227.3254733	22.0751343
227.4088343	25.4413147
227.4921953	27.8508301
227.5755563	31.1949158
227.6589173	33.5868530
227.7422783	35.4073181
227.8256393	30.9781189
227.9090003	28.9724426
227.9923613	22.5988159
228.0757224	17.5784302
228.1590834	17.4314270
228.2424444	19.8113708
228.3258054	18.8175659
228.4091664	25.1899719
228.4925274	28.5406189
228.5758884	33.7083740
228.6592494	31.9094543
228.7426104	33.2767029
228.8259714	31.7258606
228.9093324	25.6084290
228.9926935	20.0549927
229.0760545	15.4699097
229.1594155	15.0835266
229.2427765	17.2604065
229.3261375	19.2314148
229.4094985	24.0965576
229.4928595	27.6651917
229.5762205	31.2123718
229.6595815	33.4031982
229.7429425	34.8963318
229.8263036	31.3508301
229.9096646	27.0098267
229.9930256	18.7138977
230.0763866	16.7802429
230.1597476	15.6217346
230.2431086	18.3678284
230.3264696	19.9881287
230.4098306	25.3533936
230.4931916	26.9306030
230.5765526	32.5936584
230.6599136	32.4959412
230.7432747	32.8418579
230.8266357	31.6900330
230.9099967	26.4394836
230.9933577	20.2301941
231.0767187	13.0351868
231.1600797	15.9254761
231.2434407	16.9256287
231.3268017	21.2966003
231.4101627	24.1815186
231.4935237	27.4632874
231.5768848	30.7282715
231.6602458	32.8587341
231.7436068	32.0459290
231.8269678	31.9258728
231.9103288	24.0629883
231.9936898	23.2173157
232.0770508	18.1659546
232.1604118	13.0024414
232.2437728	18.2684326
232.3271338	26.6631165
232.4104949	25.9339600
232.4938559	28.0113220
232.5772169	32.5230713
232.6605779	34.3942261
232.7439389	34.1601257
232.8272999	32.1335754
232.9106609	25.4683838
232.9940219	19.8951111
233.0773829	15.8743896
233.1607439	14.6904907
233.2441049	14.3553467
233.3274660	18.9367065
233.4108270	24.8790283
233.4941880	28.4220886
233.5775490	30.8238220
233.6609100	33.7069702
233.7442710	35.5821228
233.8276320	30.9521790
233.9109930	26.9042664
233.9943540	23.4150391
234.0777150	17.4754944
234.1610761	18.1350708
234.2444371	17.8197327
234.3277981	21.1778564
234.4111591	24.7606812
234.4945201	27.4806213
234.5778811	31.4755859
234.6612421	35.2347412
234.7446031	34.0049438
234.8279641	32.5724487
234.9113251	27.7644653
234.9946862	23.0361938
235.0780472	15.8692932
235.1614082	13.0051575
235.2447692	14.6606140
235.3281302	17.3895264
235.4114912	23.5048523
235.4948522	27.1563416
235.5782132	31.2648315
235.6615742	33.8262939
235.7449352	34.7558899
235.8282962	31.7989807
235.9116573	28.5563660
235.9950183	22.6336670
236.0783793	14.8836975
236.1617403	13.2338562
236.2451013	17.4289551
236.3284623	20.1244812
236.4118233	24.5810242
236.4951843	28.2269592
236.5785453	32.2029114
236.6619063	32.9425354
236.7452674	34.5625610
236.8286284	29.8789978
236.9119894	26.7533569
236.9953504	17.9384155
237.0787114	17.0796509
237.1620724	12.7172546
237.2454334	19.5141296
237.3287944	23.1171265
237.4121554	24.7710571
237.4955164	26.8891907
237.5788774	31.2319946
237.6622385	33.5405273
237.7455995	35.7040100
237.8289605	31.6066284
237.9123215	28.6434326
237.9956825	20.5031433
238.0790435	17.7774658
238.1624045	15.7227478
238.2457655	16.4558716
238.3291265	25.7395325
238.4124875	25.8531799
238.4958486	27.7237549
238.5792096	31.5751343
238.6625706	34.2041626
238.7459316	34.2496338
238.8292926	32.5021973
238.9126536	27.3892212
238.9960146	19.7606201
239.0793756	14.3504639
239.1627366	16.5820618
239.2460976	18.7807617
239.3294587	22.9724731
239.4128197	26.2805481
239.4961807	27.7554321
239.5795417	32.9781189
239.6629027	35.4107971
239.7462637	33.8256836
239.8296247	32.3494873
239.9129857	29.0304260
239.9963467	20.0000610
240.0797077	17.0017090
240.1630687	14.4386902
240.2464298	18.4348450
240.3297908	21.0640564
240.4131518	25.4894409
240.4965128	27.8565063
240.5798738	31.3238525
240.6632348	33.0402222
240.7465958	34.5514832
240.8299568	33.0637817
240.9133178	27.4875183
240.9966788	23.3788452
241.0800399	16.8539734
241.1634009	11.1191101
241.2467619	19.2988892
241.3301229	17.7482605
241.4134839	25.3773804
241.4968449	28.6782837
241.5802059	33.5434265
241.6635669	34.9085083
241.7469279	35.5997925
241.8302889	30.9774475
241.9136500	27.2806396
241.9970110	24.5718384
242.0803720	16.9455872
242.1637330	11.4861145
242.2470940	17.3039246
242.3304550	20.1777039
242.4138160	25.9605713
242.4971770	28.9062500
242.5805380	31.4800110
242.6638990	33.1886902
242.7472600	33.2147217
242.8306211	32.9774170
242.9139821	27.8773193
242.9973431	20.0903015
243.0807041	18.4402466
243.1640651	17.0785217
243.2474261	15.6729736
243.3307871	19.3104553
243.4141481	24.5143127
243.4975091	27.0425720
243.5808701	31.1675720
243.6642312	35.3800354
243.7475922	34.4076538
243.8309532	32.1674194
243.9143142	29.6543274
243.9976752	22.9614563
244.0810362	17.0935059
244.1643972	14.4668274
244.2477582	16.2397766
244.3311192	22.6018677
244.4144802	25.3370361
244.4978412	28.6746826
244.5812023	30.9859009
244.6645633	33.8507385
244.7479243	35.6809082
244.8312853	34.4760132
244.9146463	31.1719971
244.9980073	22.4018555
245.0813683	17.6569214
245.1647293	11.9282227
245.2480903	15.7141724
245.3314513	20.8888550
245.4148124	27.5641785
245.4981734	28.9702454
245.5815344	33.3846436
245.6648954	36.8410950
245.7482564	33.8784180
245.8316174	33.1930847
245.9149784	28.3919983
245.9983394	25.5358887
246.0817004	16.5807190
246.1650614	16.1984253
246.2484225	14.3825378
246.3317835	23.7531738
246.4151445	26.0459595
246.4985055	28.7691040
246.5818665	32.0243530
246.6652275	36.1435852
246.7485885	37.5479431
246.8319495	35.5581665
246.9153105	27.0325012
246.9986715	19.3038635
247.0820325	15.9067993
247.1653936	14.1959534
247.2487546	19.1690063
247.3321156	18.3947754
247.4154766	25.9289856
247.4988376	27.6479187
247.5821986	31.0435181
247.6655596	34.6269226
247.7489206	36.0753479
247.8322816	33.0524597
247.9156426	29.2210083
247.9990037	20.3231812
248.0823647	17.2781372
248.1657257	19.4533997
248.2490867	19.6846313
248.3324477	21.8598328
248.4158087	24.7012329
248.4991697	28.6596069
248.5825307	33.6328430
248.6658917	35.5873108
248.7492527	33.6888733
248.8326137	31.7062683
248.9159748	27.4199829
248.9993358	21.1567383
249.0826968	17.5140381
249.1660578	16.3079224
249.2494188	14.3117065
249.3327798	17.5022278
249.4161408	24.5392151
249.4995018	29.6918335
249.5828628	34.0461426
249.6662238	34.4114075
249.7495849	35.1879578
249.8329459	32.4149780
249.9163069	26.5566711
249.9996679	23.4734497
