# time(yr)	moisture(mm/m)
0.0000000	299.4855042
0.0833610	303.0183105
0.1667220	293.4337158
0.2500830	265.8023376
0.3334440	268.6332397
0.4168050	239.2816162
0.5001661	198.0270691
0.5835271	188.8603363
0.6668881	293.7718811
0.7502491	289.1792297
0.8336101	270.3663330
0.9169711	283.7098083
1.0003321	317.5382080
1.0836931	323.6903076
1.1670541	323.5928345
1.2504151	327.5578003
1.3337762	289.1183777
1.4171372	282.1745911
1.5004982	267.6189880
1.5838592	313.4151001
1.6672202	307.7337646
1.7505812	330.0561829
1.8339422	312.9187622
1.9173032	305.7140198
2.0006642	321.4171753
2.0840252	313.4368286
2.1673863	315.6407471
2.2507473	306.0860291
2.3341083	270.2204285
2.4174693	234.2749329
2.5008303	244.8927612
2.5841913	259.4452209
2.6675523	313.2558289
2.7509133	273.6611328
2.8342743	296.7127075
2.9176353	277.6580505
3.0009963	295.0902100
3.0843574	309.8687439
3.1677184	322.2358093
3.2510794	323.5916443
3.3344404	283.6238403
3.4178014	233.5218964
3.5011624	220.0777893
3.5845234	252.1816559
3.6678844	254.7153473
3.7512454	243.4841766
3.8346064	319.9469604
3.9179675	295.6743164
4.0013285	307.8810425
4.0846895	306.5299072
4.1680505	301.9855652
4.2514115	300.8606567
4.3347725	242.4268188
4.4181335	208.2768555
4.5014945	197.5072174
4.5848555	215.0863953
4.6682165	192.4257202
4.7515775	217.4168243
4.8349386	314.8632202
4.9182996	317.2422180
5.0016606	329.6532593
5.0850216	320.0100098
5.1683826	316.8737183
5.2517436	309.1584473
5.3351046	301.4466248
5.4184656	289.7237854
5.5018266	323.5568542
5.5851876	312.0871277
5.6685487	301.4902649
5.7519097	327.2400513
5.8352707	328.0071411
5.9186317	309.8488770
6.0019927	312.3206177
6.0853537	316.2598877
6.1687147	299.1098938
6.2520757	306.8532104
6.3354367	287.1362305
6.4187977	275.0815735
6.5021588	237.3545532
6.5855198	229.8768768
6.6688808	227.2602386
6.7522418	299.4805298
6.8356028	299.1595154
6.9189638	296.1283569
7.0023248	303.5425720
7.0856858	312.8317566
7.1690468	321.0550842
7.2524078	313.0927734
7.3357688	298.8402100
7.4191299	262.0863953
7.5024909	228.8000183
7.5858519	296.2472534
7.6692129	300.9140625
7.7525739	310.1418457
7.8359349	311.4554443
7.9192959	307.9839783
8.0026569	322.2350159
8.0860179	323.6246338
8.1693789	298.5759583
8.2527400	312.4486389
8.3361010	293.4580688
8.4194620	254.5325775
8.5028230	230.5798035
8.5861840	301.3347168
8.6695450	277.7036133
8.7529060	240.9862823
8.8362670	267.0837097
8.9196280	262.5933838
9.0029890	315.3169250
9.0863500	325.9686279
9.1697111	326.5366211
9.2530721	312.1773682
9.3364331	310.1915588
9.4197941	259.2486267
9.5031551	265.5899048
9.5865161	258.5897522
9.6698771	243.5450439
9.7532381	218.3733978
9.8365991	197.3790436
9.9199601	221.0674591
10.0033212	262.5288391
10.0866822	296.2077332
10.1700432	300.6220093
10.2534042	292.2830505
10.3367652	257.5151062
10.4201262	234.7438965
10.5034872	221.6723175
10.5868482	255.8726349
10.6702092	228.0836334
10.7535702	238.6787567
10.8369313	304.4067383
10.9202923	323.0764465
11.0036533	310.1999512
11.0870143	313.0722351
11.1703753	310.2857361
11.2537363	314.3393860
11.3370973	330.4631348
11.4204583	273.7741699
11.5038193	273.9954224
11.5871803	285.8951111
11.6705413	263.3434753
11.7539024	329.3709106
11.8372634	304.7944946
11.9206244	299.6489258
12.0039854	327.3783264
12.0873464	327.9552612
12.1707074	333.4353333
12.2540684	316.8763733
12.3374294	282.4690552
12.4207904	246.1825256
12.5041514	290.1726990
12.5875125	311.5145569
12.6708735	291.3450928
12.7542345	258.5148010
12.8375955	307.1829529
12.9209565	313.3721619
13.0043175	324.1495972
13.0876785	317.0047302
13.1710395	331.1440125
13.2544005	323.5529785
13.3377615	321.7432861
13.4211226	309.6479187
13.5044836	303.1765747
13.5878446	314.4629517
13.6712056	303.7189941
13.7545666	288.8923645
13.8379276	253.3551178
13.9212886	297.0529175
14.0046496	287.2516174
14.0880106	295.6838074
14.1713716	299.5928955
14.2547326	302.2736816
14.3380937	261.8291626
14.4214547	255.7501526
14.5048157	265.4152527
14.5881767	228.7523956
14.6715377	207.1936340
14.7548987	188.9806366
14.8382597	193.7424316
14.9216207	257.5936279
15.0049817	300.3384399
15.0883427	323.5561218
15.1717038	332.2351379
15.2550648	311.9729004
15.3384258	309.0952454
15.4217868	311.7225647
15.5051478	269.4735413
15.5885088	259.0804443
15.6718698	263.3468628
15.7552308	258.0166321
15.8385918	294.2188721
15.9219528	290.0305481
16.0053138	308.2643738
16.0886749	314.7377930
16.1720359	319.7326355
16.2553969	311.8873596
16.3387579	313.1378174
16.4221189	271.0603333
16.5054799	270.7733765
16.5888409	311.7210693
16.6722019	260.4811707
16.7555629	273.5720825
16.8389239	233.2416534
16.9222850	220.7365875
17.0056460	284.3667603
17.0890070	317.5296326
17.1723680	327.3146667
17.2557290	309.8865356
17.3390900	313.9172058
17.4224510	277.1020508
17.5058120	228.0575409
17.5891730	229.4974823
17.6725340	279.4540710
17.7558951	239.2791138
17.8392561	234.3647614
17.9226171	245.5236816
18.0059781	314.5690002
18.0893391	307.9577332
18.1727001	306.3151550
18.2560611	297.5585632
18.3394221	303.5651855
18.4227831	276.6614685
18.5061441	276.5030518
18.5895051	263.6260986
18.6728662	275.1506958
18.7562272	321.1687317
18.8395882	314.7495728
18.9229492	307.4877930
19.0063102	313.2060852
19.0896712	322.9039612
19.1730322	302.2469482
19.2563932	303.1587830
19.3397542	263.9002380
19.4231152	261.5928040
19.5064763	263.9602966
19.5898373	259.0551758
19.6731983	227.7857208
19.7565593	214.4663849
19.8399203	265.9720764
19.9232813	297.7677612
20.0066423	330.5617981
20.0900033	333.1984863
20.1733643	324.3034668
20.2567253	300.6752014
20.3400864	291.8317261
20.4234474	291.4088135
20.5068084	311.8251648
20.5901694	318.7003784
20.6735304	304.8221130
20.7568914	318.5546875
20.8402524	301.0266113
20.9236134	301.5062561
21.0069744	282.4664307
21.0903354	308.6820679
21.1736964	305.5448608
21.2570575	275.7480469
21.3404185	237.2331848
21.4237795	198.1667175
21.5071405	234.6840668
21.5905015	261.4895630
21.6738625	237.1148071
21.7572235	243.1465149
21.8405845	245.1831818
21.9239455	244.8467407
22.0073065	310.0584717
22.0906676	329.1084595
22.1740286	332.1884460
22.2573896	317.0906372
22.3407506	321.4197388
22.4241116	275.9491882
22.5074726	233.7815247
22.5908336	229.2361145
22.6741946	288.3910828
22.7575556	273.9461670
22.8409166	307.8828735
22.9242776	321.0493469
23.0076387	310.1777954
23.0909997	320.7883606
23.1743607	323.3727722
23.2577217	303.3348694
23.3410827	294.6828308
23.4244437	250.9653320
23.5078047	227.4535828
23.5911657	202.1260071
23.6745267	197.2293701
23.7578877	274.4735107
23.8412488	320.0653687
23.9246098	306.1468201
24.0079708	328.1434937
24.0913318	318.0461731
24.1746928	324.1196289
24.2580538	309.5392456
24.3414148	257.8206787
24.4247758	263.6033020
24.5081368	257.3636475
24.5914978	283.2773438
24.6748589	310.8421326
24.7582199	326.3548279
24.8415809	312.8215637
24.9249419	296.4209290
25.0083029	323.7545471
25.0916639	316.4979858
25.1750249	325.8679504
25.2583859	320.5905457
25.3417469	323.5043945
25.4251079	299.0282898
25.5084689	250.4638672
25.5918300	303.2432556
25.6751910	310.3985291
25.7585520	284.0318604
25.8419130	316.5755920
25.9252740	314.2052917
26.0086350	314.7830505
26.0919960	324.6777954
26.1753570	327.7579346
26.2587180	327.9953613
26.3420790	313.8824768
26.4254401	275.7061462
26.5088011	238.3788452
26.5921621	238.6612854
26.6755231	316.2598877
26.7588841	321.3594055
26.8422451	306.2581787
26.9256061	299.5743103
27.0089671	311.4761658
27.0923281	316.6676331
27.1756891	310.1574707
27.2590501	317.7665710
27.3424112	301.2087097
27.4257722	272.3721924
27.5091332	280.4668884
27.5924942	245.4594574
27.6758552	244.9487915
27.7592162	238.3456726
27.8425772	300.3444824
27.9259382	283.6311035
28.0092992	316.4578552
28.0926602	314.4912720
28.1760213	294.5773621
28.2593823	286.9390259
28.3427433	291.5625305
28.4261043	285.0993042
28.5094653	312.6349792
28.5928263	310.1110229
28.6761873	320.3429871
28.7595483	322.4724731
28.8429093	311.7238159
28.9262703	308.9823303
29.0096314	327.7257080
29.0929924	320.1335754
29.1763534	333.3953552
29.2597144	324.8319092
29.3430754	289.3186340
29.4264364	245.8107147
29.5097974	244.6311188
29.5931584	281.0939026
29.6765194	293.8430176
29.7598804	258.7317810
29.8432414	252.7669373
29.9266025	291.4216309
30.0099635	297.5396118
30.0933245	335.6455994
30.1766855	314.3818665
30.2600465	324.7115173
30.3434075	316.1790771
30.4267685	291.1138611
30.5101295	298.2180176
30.5934905	300.0668945
30.6768515	314.2371521
30.7602126	309.1573792
30.8435736	289.4440002
30.9269346	322.8740234
31.0102956	330.8394775
31.0936566	320.8255310
31.1770176	309.2607727
31.2603786	308.8097839
31.3437396	309.3572388
31.4271006	242.6898041
31.5104616	254.2149963
31.5938227	279.2712708
31.6771837	285.2653503
31.7605447	266.8871460
31.8439057	272.8304138
31.9272667	260.2230225
32.0106277	267.3985901
32.0939887	298.9320068
32.1773497	306.3751831
32.2607107	313.1326599
32.3440717	277.0283203
32.4274327	221.5944366
32.5107938	259.0289307
32.5941548	278.6018982
32.6775158	297.8398743
32.7608768	293.2838135
32.8442378	259.4337769
32.9275988	288.3477173
33.0109598	282.3426208
33.0943208	324.9632263
33.1776818	325.2063293
33.2610428	317.9122009
33.3444039	290.9350281
33.4277649	265.4041443
33.5111259	278.9472961
33.5944869	313.0717468
33.6778479	310.5839233
33.7612089	282.9505310
33.8445699	320.1329956
33.9279309	306.3585815
34.0112919	335.4881287
34.0946529	329.6611938
34.1780139	324.8053284
34.2613750	322.2434692
34.3447360	305.1704712
34.4280970	264.9240112
34.5114580	247.1439514
34.5948190	273.8696289
34.6781800	304.7131042
34.7615410	305.3713989
34.8449020	283.0041199
34.9282630	279.9222717
35.0116240	306.7648926
35.0949851	308.7379761
35.1783461	309.9872131
35.2617071	306.9282532
35.3450681	270.0069275
35.4284291	287.1448059
35.5117901	254.2441711
35.5951511	268.7205200
35.6785121	304.6676636
35.7618731	313.3244019
35.8452341	282.0471802
35.9285952	311.6785583
36.0119562	314.6583557
36.0953172	318.2559814
36.1786782	315.5275269
36.2620392	293.5670776
36.3454002	264.7152100
36.4287612	239.1235809
36.5121222	282.6091614
36.5954832	294.9913635
36.6788442	277.1148682
36.7622052	311.3221436
36.8455663	294.2985535
36.9289273	318.1858521
37.0122883	325.6818848
37.0956493	336.5475464
37.1790103	329.7498474
37.2623713	310.5718384
37.3457323	304.2547302
37.4290933	260.0772705
37.5124543	276.8547974
37.5958153	284.0128479
37.6791764	318.2157288
37.7625374	325.3019409
37.8458984	318.1145020
37.9292594	326.7017517
38.0126204	322.4613037
38.0959814	319.1263428
38.1793424	316.7304688
38.2627034	303.6366882
38.3460644	268.0892639
38.4294254	231.7162628
38.5127864	271.9317627
38.5961475	294.9630432
38.6795085	281.1195068
38.7628695	291.0863953
38.8462305	323.0115051
38.9295915	305.8955078
39.0129525	319.1665344
39.0963135	333.1464233
39.1796745	343.5428162
39.2630355	307.8120117
39.3463965	275.7360535
39.4297576	255.0263672
39.5131186	227.2052917
39.5964796	227.9502258
39.6798406	222.8658295
39.7632016	207.5753174
39.8465626	246.5784760
39.9299236	294.6015625
40.0132846	318.2972412
40.0966456	326.0875549
40.1800066	318.1807861
40.2633677	301.1851501
40.3467287	290.1741943
40.4300897	295.9613647
40.5134507	247.1676483
40.5968117	305.5805664
40.6801727	298.6272278
40.7635337	329.0932922
40.8468947	316.1940308
40.9302557	313.6569824
41.0136167	322.7233276
41.0969777	338.1717224
41.1803388	326.4069824
41.2636998	323.2478638
41.3470608	289.9179688
41.4304218	291.1203003
41.5137828	303.3568115
41.5971438	306.3067017
41.6805048	308.2282104
41.7638658	306.2932129
41.8472268	320.9349365
41.9305878	302.3114319
42.0139489	331.8403625
42.0973099	323.9660339
42.1806709	319.9863281
42.2640319	320.0467529
42.3473929	318.6441040
42.4307539	313.8728943
42.5141149	253.7530670
42.5974759	256.1126099
42.6808369	310.1104126
42.7641979	318.0862122
42.8475590	302.8411865
42.9309200	293.8893127
43.0142810	305.1133423
43.0976420	311.1315308
43.1810030	308.5053101
43.2643640	305.4583130
43.3477250	318.6918945
43.4310860	287.4911194
43.5144470	299.2495728
43.5978080	296.5666504
43.6811690	280.7084961
43.7645301	311.5655518
43.8478911	302.9349365
43.9312521	307.5668640
44.0146131	320.0374756
44.0979741	321.7155151
44.1813351	299.0863647
44.2646961	279.7152710
44.3480571	265.9939575
44.4314181	245.6731415
44.5147791	234.5310059
44.5981402	247.4812622
44.6815012	240.8634949
44.7648622	261.7074585
44.8482232	301.0335388
44.9315842	298.7281189
45.0149452	323.4450073
45.0983062	321.6506958
45.1816672	337.3578186
45.2650282	313.7315369
45.3483892	314.3802490
45.4317502	279.3750305
45.5151113	279.7958984
45.5984723	262.1591492
45.6818333	257.3916931
45.7651943	271.1223450
45.8485553	242.5106201
45.9319163	259.4039001
46.0152773	317.8274841
46.0986383	337.1625061
46.1819993	327.6069336
46.2653603	311.6869202
46.3487214	307.8482361
46.4320824	260.7118225
46.5154434	263.9277039
46.5988044	298.7558594
46.6821654	306.8369751
46.7655264	314.3596802
46.8488874	277.6254883
46.9322484	275.1191101
47.0156094	325.5888672
47.0989704	315.6950989
47.1823315	318.9653625
47.2656925	317.4749756
47.3490535	307.2838135
47.4324145	234.4843292
47.5157755	238.4007416
47.5991365	268.4809570
47.6824975	315.7434998
47.7658585	291.6890259
47.8492195	303.6939697
47.9325805	306.2012939
48.0159415	321.9370117
48.0993026	316.0202332
48.1826636	302.6432495
48.2660246	322.8475342
48.3493856	290.1305237
48.4327466	270.2237549
48.5161076	220.6627502
48.5994686	228.9905548
48.6828296	307.2612305
48.7661906	286.9845886
48.8495516	300.5273438
48.9329127	322.6311951
49.0162737	330.9109497
49.0996347	311.9687805
49.1829957	328.8163147
49.2663567	320.6612854
49.3497177	316.5827026
49.4330787	286.1562195
49.5164397	251.1808929
49.5998007	260.5444946
49.6831617	301.7177429
49.7665227	301.1979370
49.8498838	303.9263306
49.9332448	278.4282532
50.0166058	307.6315002
50.0999668	313.0654297
50.1833278	301.2055359
50.2666888	307.3897705
50.3500498	279.8544617
50.4334108	266.6696167
50.5167718	291.2206421
50.6001328	316.9745483
50.6834939	318.1779480
50.7668549	301.3087769
50.8502159	310.2919922
50.9335769	316.2037964
51.0169379	331.2422485
51.1002989	317.3952637
51.1836599	333.2460022
51.2670209	329.3743286
51.3503819	311.5774536
51.4337429	294.6949768
51.5171040	290.5092468
51.6004650	253.1695099
51.6838260	277.2776184
51.7671870	324.8115845
51.8505480	306.0768738
51.9339090	290.2675781
52.0172700	317.2256165
52.1006310	326.8137207
52.1839920	323.2657166
52.2673530	322.3014832
52.3507140	300.8383179
52.4340751	290.9951782
52.5174361	299.1213684
52.6007971	313.3142090
52.6841581	286.3839111
52.7675191	318.2149353
52.8508801	290.1036377
52.9342411	283.3670349
53.0176021	301.7790833
53.1009631	320.1130981
53.1843241	305.8101807
53.2676852	303.8772888
53.3510462	299.8764648
53.4344072	245.7108154
53.5177682	223.6672668
53.6011292	262.0673828
53.6844902	306.0334778
53.7678512	322.7907715
53.8512122	287.9268188
53.9345732	319.1392212
54.0179342	327.7572327
54.1012953	324.9635620
54.1846563	317.2789001
54.2680173	311.6724548
54.3513783	298.7289734
54.4347393	309.4711304
54.5181003	271.4763184
54.6014613	264.7165222
54.6848223	258.0805969
54.7681833	290.8382568
54.8515443	259.8591614
54.9349053	291.7452698
55.0182664	312.8081055
55.1016274	337.1172791
55.1849884	323.1667786
55.2683494	314.8561401
55.3517104	312.9942017
55.4350714	290.4561768
55.5184324	274.3887634
55.6017934	314.1716309
55.6851544	295.9696960
55.7685154	281.2925415
55.8518765	291.6386108
55.9352375	317.6963196
56.0185985	307.6028748
56.1019595	326.7835999
56.1853205	315.2527466
56.2686815	295.3791809
56.3520425	293.9900513
56.4354035	280.9599915
56.5187645	280.8249817
56.6021255	273.6802368
56.6854865	295.4217834
56.7688476	312.5405273
56.8522086	313.9508362
56.9355696	287.2348328
57.0189306	306.7557678
57.1022916	321.8324890
57.1856526	317.4305420
57.2690136	315.4821777
57.3523746	294.2243958
57.4357356	261.5577087
57.5190966	289.3143311
57.6024577	335.8916016
57.6858187	312.6068726
57.7691797	321.8525391
57.8525407	314.0226746
57.9359017	311.3483887
58.0192627	319.1912231
58.1026237	327.8617859
58.1859847	328.4272156
58.2693457	323.6283569
58.3527067	317.9246521
58.4360678	261.8675842
58.5194288	231.0039825
58.6027898	261.2615051
58.6861508	271.4310913
58.7695118	304.8699646
58.8528728	282.3771057
58.9362338	286.5321045
59.0195948	314.0955811
59.1029558	322.0083618
59.1863168	313.9212952
59.2696778	286.8163757
59.3530389	265.0098267
59.4363999	258.8296509
59.5197609	275.8720398
59.6031219	280.4211731
59.6864829	292.1475830
59.7698439	295.9301147
59.8532049	314.4573669
59.9365659	297.0096741
60.0199269	321.6369324
60.1032879	306.9848938
60.1866490	319.2980347
60.2700100	320.3576660
60.3533710	283.9486694
60.4367320	281.6667175
60.5200930	285.0841064
60.6034540	295.6949768
60.6868150	295.5768433
60.7701760	302.0910339
60.8535370	330.4010315
60.9368980	303.1825562
61.0202591	326.6518860
61.1036201	327.9537048
61.1869811	329.7758789
61.2703421	326.3698730
61.3537031	315.0423889
61.4370641	261.8013916
61.5204251	261.1456604
61.6037861	262.7090149
61.6871471	267.2472229
61.7705081	292.6835022
61.8538691	316.2765198
61.9372302	297.7521667
62.0205912	320.4231873
62.1039522	326.3945007
62.1873132	304.6008301
62.2706742	318.2000427
62.3540352	272.3052979
62.4373962	281.3019104
62.5207572	306.3858032
62.6041182	289.2748413
62.6874792	280.2363281
62.7708403	287.5041504
62.8542013	317.4394226
62.9375623	294.9957275
63.0209233	329.4197998
63.1042843	320.7714233
63.1876453	324.0703125
63.2710063	306.2015686
63.3543673	293.2511292
63.4377283	271.7414246
63.5210893	287.0374451
63.6044503	331.3585510
63.6878114	303.1608582
63.7711724	307.3500671
63.8545334	300.6950989
63.9378944	314.3817139
64.0212554	310.7386780
64.1046164	318.1339417
64.1879774	316.3641052
64.2713384	289.0497437
64.3546994	251.6172791
64.4380604	221.6083984
64.5214215	210.9545746
64.6047825	272.2492676
64.6881435	291.9207153
64.7715045	327.2287598
64.8548655	320.9586182
64.9382265	310.1630249
65.0215875	323.9573975
65.1049485	333.9537048
65.1883095	325.1182861
65.2716705	327.5470581
65.3550316	301.1175232
65.4383926	292.5950317
65.5217536	284.1650696
65.6051146	255.3183746
65.6884756	260.3530579
65.7718366	243.2049103
65.8551976	277.9657898
65.9385586	304.2627258
66.0219196	316.1260986
66.1052806	311.8759155
66.1886416	320.3426819
66.2720027	303.3973694
66.3553637	293.8563538
66.4387247	262.7202148
66.5220857	232.3731689
66.6054467	239.6161804
66.6888077	243.1296692
66.7721687	218.4551849
66.8555297	279.6875610
66.9388907	310.5037842
67.0222517	299.1332092
67.1056128	318.7564087
67.1889738	340.7344055
67.2723348	316.7668457
67.3556958	308.8623657
67.4390568	295.8900146
67.5224178	275.7122498
67.6057788	302.7875671
67.6891398	271.4028625
67.7725008	262.6335754
67.8558618	264.4230347
67.9392228	278.7785034
68.0225839	304.6593323
68.1059449	330.6773987
68.1893059	315.5684814
68.2726669	328.0157471
68.3560279	327.4519958
68.4393889	292.1856995
68.5227499	296.4166260
68.6061109	241.1232758
68.6894719	276.5915222
68.7728329	292.4017944
68.8561940	255.4816895
68.9395550	275.7867432
69.0229160	319.6188354
69.1062770	320.5409546
69.1896380	319.7155457
69.2729990	327.9302368
69.3563600	307.2940063
69.4397210	276.8476562
69.5230820	304.5244751
69.6064430	300.6086731
69.6898041	279.3916626
69.7731651	307.6345215
69.8565261	307.2209473
69.9398871	288.0138855
70.0232481	323.7317200
70.1066091	326.2534180
70.1899701	328.1840515
70.2733311	322.9613342
70.3566921	297.6566772
70.4400531	277.6214905
70.5234141	307.6974792
70.6067752	308.4726257
70.6901362	286.5610352
70.7734972	284.2496338
70.8568582	255.8649139
70.9402192	286.9358826
71.0235802	319.9772034
71.1069412	323.3939819
71.1903022	314.9239807
71.2736632	299.7515869
71.3570242	279.3095398
71.4403853	278.7594910
71.5237463	270.3378906
71.6071073	285.0994263
71.6904683	268.9125366
71.7738293	303.6861572
71.8571903	283.4417725
71.9405513	296.7210388
72.0239123	317.3840942
72.1072733	322.2177429
72.1906343	314.6358032
72.2739954	312.7105713
72.3573564	293.4230347
72.4407174	295.6809082
72.5240784	259.0314941
72.6074394	259.0390625
72.6908004	257.1503601
72.7741614	283.0848694
72.8575224	248.9188995
72.9408834	265.8584900
73.0242444	308.3134155
73.1076054	316.8782654
73.1909665	311.5447693
73.2743275	324.5308228
73.3576885	281.6284790
73.4410495	255.3711243
73.5244105	297.6575623
73.6077715	280.5285034
73.6911325	289.2886047
73.7744935	315.4663086
73.8578545	305.3901672
73.9412155	281.7546692
74.0245766	296.7317505
74.1079376	301.3682251
74.1912986	293.3891296
74.2746596	294.4003906
74.3580206	298.5773926
74.4413816	254.0221558
74.5247426	244.9131317
74.6081036	259.4271240
74.6914646	260.4642639
74.7748256	331.2382202
74.8581866	311.1787109
74.9415477	295.7166443
75.0249087	314.2122498
75.1082697	303.2646179
75.1916307	299.5140076
75.2749917	319.1573792
75.3583527	293.0700989
75.4417137	250.1878204
75.5250747	237.4816895
75.6084357	243.7602692
75.6917967	239.2155914
75.7751578	293.6472473
75.8585188	280.2190552
75.9418798	305.8574829
76.0252408	333.3123169
76.1086018	332.6987305
76.1919628	320.5223083
76.2753238	317.2556458
76.3586848	308.0733948
76.4420458	310.4000244
76.5254068	306.9984131
76.6087679	301.4113159
76.6921289	292.1855774
76.7754899	267.9302063
76.8588509	330.0616760
76.9422119	311.7665710
77.0255729	333.1691589
77.1089339	316.4921570
77.1922949	315.3888550
77.2756559	313.3596802
77.3590169	279.3602600
77.4423779	251.2475281
77.5257390	247.6411743
77.6091000	267.7534180
77.6924610	267.2085266
77.7758220	290.4672241
77.8591830	287.2852173
77.9425440	319.8416138
78.0259050	316.3811035
78.1092660	305.2792358
78.1926270	308.9476624
78.2759880	315.5097351
78.3593491	263.9572754
78.4427101	226.5401611
78.5260711	208.7856140
78.6094321	206.8094635
78.6927931	232.2520905
78.7761541	227.0840607
78.8595151	303.8030090
78.9428761	292.1772766
79.0262371	314.0921021
79.1095981	311.8316040
79.1929591	313.2330322
79.2763202	319.4784851
79.3596812	297.0924683
79.4430422	232.5821838
79.5264032	213.1334686
79.6097642	270.9579468
79.6931252	263.1661682
79.7764862	315.3180847
79.8598472	331.5583496
79.9432082	307.0782471
80.0265692	310.3097839
80.1099303	308.3150024
80.1932913	301.8120728
80.2766523	289.7344055
80.3600133	268.6435547
80.4433743	219.4226532
80.5267353	222.3993225
80.6100963	254.2779388
80.6934573	227.3809509
80.7768183	294.6131287
80.8601793	286.4565125
80.9435404	294.2604370
81.0269014	311.2449951
81.1102624	328.3338928
81.1936234	319.4331360
81.2769844	322.1698608
81.3603454	281.0513916
81.4437064	290.9192810
81.5270674	230.3415070
81.6104284	252.5097504
81.6937894	258.3572083
81.7771504	250.1660309
81.8605115	298.8033142
81.9438725	298.3922119
82.0272335	321.0665283
82.1105945	322.0105286
82.1939555	308.4062195
82.2773165	324.9637756
82.3606775	312.5107117
82.4440385	295.9474487
82.5273995	306.1604004
82.6107605	286.2664795
82.6941216	266.7831726
82.7774826	260.0949097
82.8608436	297.7221985
82.9442046	293.5552063
83.0275656	335.4956055
83.1109266	325.5214539
83.1942876	319.3390808
83.2776486	322.4848938
83.3610096	325.7007751
83.4443706	283.1653442
83.5277317	293.1808167
83.6110927	261.8584900
83.6944537	282.7414551
83.7778147	279.6621094
83.8611757	257.1836243
83.9445367	308.1995544
84.0278977	317.3422852
84.1112587	322.3665771
84.1946197	320.8914490
84.2779807	320.8965149
84.3613417	306.8975830
84.4447028	227.8168793
84.5280638	192.3459167
84.6114248	206.1535797
84.6947858	271.2587280
84.7781468	295.7436218
84.8615078	284.9593201
84.9448688	284.5798950
85.0282298	315.0204773
85.1115908	314.3317871
85.1949518	311.4779968
85.2783129	286.7682800
85.3616739	256.2294312
85.4450349	243.0046997
85.5283959	230.9065247
85.6117569	271.5691833
85.6951179	252.7599640
85.7784789	224.7207489
85.8618399	244.2638702
85.9452009	225.6345673
86.0285619	295.1476440
86.1119229	286.4788513
86.1952840	284.1350098
86.2786450	269.0700989
86.3620060	235.5316467
86.4453670	182.7052460
86.5287280	208.5998993
86.6120890	260.3451233
86.6954500	279.5177612
86.7788110	270.0196533
86.8621720	300.5584412
86.9455330	319.8174438
87.0288941	312.1364441
87.1122551	315.5960693
87.1956161	325.8903198
87.2789771	316.1149597
87.3623381	298.1842041
87.4456991	284.6915283
87.5290601	284.9205627
87.6124211	292.3867493
87.6957821	291.6474304
87.7791431	285.5907288
87.8625042	289.5287476
87.9458652	320.9846191
88.0292262	326.4217529
88.1125872	323.3814392
88.1959482	333.5569458
88.2793092	326.7288208
88.3626702	325.3823853
88.4460312	299.7391663
88.5293922	280.5647278
88.6127532	291.2117920
88.6961142	267.3002319
88.7794753	318.6989746
88.8628363	319.5090027
88.9461973	298.4144592
89.0295583	316.3570557
89.1129193	324.0283813
89.1962803	332.1603394
89.2796413	315.2429504
89.3630023	324.0842896
89.4463633	285.5971069
89.5297243	267.9684448
89.6130854	241.7093506
89.6964464	251.9320831
89.7798074	252.4788971
89.8631684	265.4682617
89.9465294	283.5922241
90.0298904	301.2862549
90.1132514	308.4355469
90.1966124	295.8203430
90.2799734	294.5339050
90.3633344	254.1788788
90.4466955	197.9123688
90.5300565	201.7884827
90.6134175	273.9471130
90.6967785	254.0605927
90.7801395	296.6008606
90.8635005	264.0061646
90.9468615	263.8343201
91.0302225	298.2839661
91.1135835	307.9483643
91.1969445	302.7716370
91.2803055	319.5619202
91.3636666	317.1164551
91.4470276	263.6822205
91.5303886	273.8986511
91.6137496	295.9611206
91.6971106	268.1242676
91.7804716	263.7155151
91.8638326	268.6955566
91.9471936	308.6323242
92.0305546	313.4783325
92.1139156	327.9970703
92.1972767	314.8968811
92.2806377	315.5091553
92.3639987	306.8208618
92.4473597	280.5047607
92.5307207	309.6360474
92.6140817	308.1940613
92.6974427	286.1069031
92.7808037	316.9841919
92.8641647	292.8594055
92.9475257	282.0931702
93.0308867	305.6091003
93.1142478	302.9279175
93.1976088	284.1405029
93.2809698	276.7784119
93.3643308	323.7865906
93.4476918	288.8453064
93.5310528	266.9906311
93.6144138	259.5126953
93.6977748	283.3660278
93.7811358	263.1951904
93.8644968	289.8521729
93.9478579	304.3414612
94.0312189	336.3081665
94.1145799	328.5527344
94.1979409	335.3161621
94.2813019	312.0774231
94.3646629	313.0208435
94.4480239	251.9431458
94.5313849	271.6114807
94.6147459	264.6595764
94.6981069	260.9375916
94.7814680	286.8349609
94.8648290	313.2408752
94.9481900	314.9478760
95.0315510	319.2519226
95.1149120	324.3523560
95.1982730	333.9346313
95.2816340	329.3005371
95.3649950	287.9562988
95.4483560	300.5583496
95.5317170	266.8196411
95.6150780	261.5560608
95.6984391	275.7832336
95.7818001	272.9677429
95.8651611	283.2641907
95.9485221	274.5090637
96.0318831	324.0163879
96.1152441	328.0341492
96.1986051	309.2730408
96.2819661	294.2308044
96.3653271	261.7252502
96.4486881	202.2960968
96.5320492	216.5560608
96.6154102	211.2830658
96.6987712	217.8052979
96.7821322	301.2944641
96.8654932	306.2102051
96.9488542	284.6588440
97.0322152	300.5340271
97.1155762	299.4741821
97.1989372	292.6811829
97.2822982	303.7709961
97.3656592	302.1615906
97.4490203	250.3350677
97.5323813	276.1499634
97.6157423	259.5904236
97.6991033	234.1100311
97.7824643	300.3659363
97.8658253	321.3671875
97.9491863	317.4325562
98.0325473	336.0513000
98.1159083	312.9490967
98.1992693	307.3861084
98.2826304	325.8143616
98.3659914	291.1448059
98.4493524	271.1630554
98.5327134	280.1350403
98.6160744	287.8815002
98.6994354	269.9185181
98.7827964	289.3129883
98.8661574	305.5363464
98.9495184	291.0482788
99.0328794	313.2215271
99.1162405	330.3458557
99.1996015	327.6716309
99.2829625	325.9935913
99.3663235	293.2160034
99.4496845	237.2223511
99.5330455	264.8283081
99.6164065	276.0520630
99.6997675	264.0958252
99.7831285	291.0588989
99.8664895	327.3546143
99.9498505	338.0180664
100.0332116	339.0116577
100.1165726	315.9423828
100.1999336	324.3944702
100.2832946	331.6062317
100.3666556	312.0217896
100.4500166	291.2999268
100.5333776	293.6898193
100.6167386	294.9079895
100.7000996	287.9152527
100.7834606	311.7764587
100.8668217	319.8092041
100.9501827	293.7426147
101.0335437	323.1367188
101.1169047	314.5275574
101.2002657	325.4149780
101.2836267	293.7723999
101.3669877	281.6571960
101.4503487	272.2268982
101.5337097	255.7265778
101.6170707	216.6388550
101.7004318	220.5931091
101.7837928	230.0276184
101.8671538	222.0762024
101.9505148	291.2976379
102.0338758	296.4016418
102.1172368	288.7219849
102.2005978	291.5267029
102.2839588	325.4617004
102.3673198	313.5899048
102.4506808	286.6077576
102.5340418	305.7128296
102.6174029	325.3600769
102.7007639	303.0533752
102.7841249	304.0267944
102.8674859	267.6378174
102.9508469	274.7376404
103.0342079	322.3317871
103.1175689	303.8120422
103.2009299	295.0953979
103.2842909	269.5277710
103.3676519	249.3404236
103.4510130	204.1143494
103.5343740	169.3220215
103.6177350	184.4411469
103.7010960	258.8285828
103.7844570	305.3596497
103.8678180	288.1413574
103.9511790	271.2769470
104.0345400	311.1012268
104.1179010	318.1219177
104.2012620	326.3976746
104.2846230	327.7896423
104.3679841	323.7259216
104.4513451	337.1476440
104.5347061	320.8650818
104.6180671	286.6291504
104.7014281	303.7410278
104.7847891	269.6024475
104.8681501	248.2142334
104.9515111	292.1740723
105.0348721	328.1234131
105.1182331	331.2830505
105.2015942	328.0255432
105.2849552	321.3123169
105.3683162	320.7376709
105.4516772	303.1147156
105.5350382	299.2519226
105.6183992	283.6528931
105.7017602	287.0217590
105.7851212	322.3191223
105.8684822	276.3932495
105.9518432	303.4494934
106.0352043	324.1437988
106.1185653	312.9817505
106.2019263	306.9599609
106.2852873	308.2507324
106.3686483	305.1541443
106.4520093	286.2232361
106.5353703	233.7719421
106.6187313	306.8522339
106.7020923	300.3170471
106.7854533	321.5481873
106.8688143	309.4469604
106.9521754	324.4281921
107.0355364	324.2643433
107.1188974	331.0691833
107.2022584	333.5882568
107.2856194	318.3096619
107.3689804	305.7832642
107.4523414	294.9869690
107.5357024	263.0882568
107.6190634	263.2343750
107.7024244	276.4463196
107.7857855	293.7945251
107.8691465	255.2422028
107.9525075	278.6697083
108.0358685	319.0357056
108.1192295	312.8918152
108.2025905	326.6085205
108.2859515	314.3621216
108.3693125	304.2269897
108.4526735	302.6826782
108.5360345	298.1672668
108.6193955	301.9642944
108.7027566	271.8382568
108.7861176	275.9286499
108.8694786	319.5506592
108.9528396	315.4617310
109.0362006	336.4097900
109.1195616	316.2746582
109.2029226	308.6117554
109.2862836	280.1168518
109.3696446	277.0856628
109.4530056	270.7562561
109.5363667	298.4815369
109.6197277	265.0392151
109.7030887	259.9964600
109.7864497	254.2224579
109.8698107	216.3426361
109.9531717	241.7768097
110.0365327	274.5862122
110.1198937	307.3922729
110.2032547	310.5749817
110.2866157	275.0184631
110.3699768	254.8934479
110.4533378	256.3839111
110.5366988	253.0825195
110.6200598	221.2796631
110.7034208	285.8499451
110.7867818	306.3460693
110.8701428	290.3017883
110.9535038	281.1054077
111.0368648	326.0662231
111.1202258	314.9359741
111.2035868	305.7571411
111.2869479	299.4298706
111.3703089	299.7280273
111.4536699	273.1488953
111.5370309	243.6219177
111.6203919	296.2519226
111.7037529	295.2942810
111.7871139	285.4403381
111.8704749	257.8666077
111.9538359	318.2181091
112.0371969	321.0637817
112.1205580	315.6395874
112.2039190	327.6958313
112.2872800	328.0652466
112.3706410	319.3860168
112.4540020	300.9092407
112.5373630	276.5852661
112.6207240	313.9387512
112.7040850	285.6780090
112.7874460	274.4531250
112.8708070	267.0748596
112.9541681	329.3423462
113.0375291	321.4588623
113.1208901	322.3322144
113.2042511	330.4307251
113.2876121	323.1489563
113.3709731	267.4449463
113.4543341	220.2117920
113.5376951	199.3296967
113.6210561	200.8753662
113.7044171	248.8401031
113.7877781	296.9429016
113.8711392	313.3584595
113.9545002	302.2539978
114.0378612	325.7773438
114.1212222	313.1245422
114.2045832	340.1387329
114.2879442	314.9557495
114.3713052	277.1538391
114.4546662	295.6906433
114.5380272	272.7691956
114.6213882	252.6372375
114.7047493	241.8615723
114.7881103	222.0879059
114.8714713	211.0619812
114.9548323	203.1802216
115.0381933	280.6681213
115.1215543	292.3082581
115.2049153	289.3174744
115.2882763	298.5943604
115.3716373	271.1515808
115.4549983	249.9623260
115.5383593	208.8665161
115.6217204	232.9080963
115.7050814	234.6167145
115.7884424	203.3332977
115.8718034	298.4645081
115.9551644	331.7141724
116.0385254	312.5570679
116.1218864	307.4399414
116.2052474	296.2734985
116.2886084	309.8931885
116.3719694	323.3624573
116.4553305	296.5508118
116.5386915	261.3919067
116.6220525	290.7065735
116.7054135	298.3896484
116.7887745	306.9421997
116.8721355	289.9179077
116.9554965	311.3332214
117.0388575	318.8376770
117.1222185	325.5000000
117.2055795	338.2127686
117.2889406	322.5410156
117.3723016	313.5172729
117.4556626	299.0330505
117.5390236	259.8957520
117.6223846	299.2048950
117.7057456	280.8162537
117.7891066	275.4152222
117.8724676	275.5330811
117.9558286	315.5516663
118.0391896	320.0135803
118.1225506	315.2976685
118.2059117	313.3914795
118.2892727	314.1914368
118.3726337	293.8179932
118.4559947	283.1875610
118.5393557	276.1113586
118.6227167	295.0662842
118.7060777	300.4474792
118.7894387	302.6582336
118.8727997	294.3646545
118.9561607	293.9813232
119.0395218	320.7584229
119.1228828	321.0745544
119.2062438	302.7213745
119.2896048	290.2065735
119.3729658	275.7439880
119.4563268	249.8022156
119.5396878	249.7664032
119.6230488	219.8943176
119.7064098	256.3866577
119.7897708	247.4326935
119.8731318	238.1954193
119.9564929	245.2897949
120.0398539	306.8583374
120.1232149	310.5081177
120.2065759	318.2989807
120.2899369	328.7204895
120.3732979	281.7312012
120.4566589	238.8256989
120.5400199	259.8030701
120.6233809	271.9895935
120.7067419	268.8896790
120.7901030	306.2188110
120.8734640	307.8700562
120.9568250	303.0053101
121.0401860	313.4562378
121.1235470	316.0956116
121.2069080	317.5062866
121.2902690	285.0877075
121.3736300	276.6440430
121.4569910	251.2488403
121.5403520	213.9788055
121.6237131	205.0904236
121.7070741	213.9641113
121.7904351	233.3028717
121.8737961	258.3139954
121.9571571	315.0123901
122.0405181	329.5867920
122.1238791	322.5838623
122.2072401	327.2589417
122.2906011	313.1038818
122.3739621	313.0627441
122.4573231	250.6860504
122.5406842	276.1539001
122.6240452	267.7266846
122.7074062	289.0040588
122.7907672	278.2858887
122.8741282	301.3915100
122.9574892	282.0181274
123.0408502	312.4137878
123.1242112	343.1574707
123.2075722	332.1235352
123.2909332	316.4604187
123.3742943	326.0253296
123.4576553	281.8619690
123.5410163	317.2359924
123.6243773	315.9987183
123.7077383	285.4936829
123.7910993	303.0715027
123.8744603	310.1775818
123.9578213	292.0238037
124.0411823	317.8952026
124.1245433	318.3517151
124.2079044	323.1877747
124.2912654	330.6955261
124.3746264	319.9736328
124.4579874	285.0716858
124.5413484	259.4530029
124.6247094	246.5013275
124.7080704	304.8785706
124.7914314	331.0805054
124.8747924	310.2032776
124.9581534	292.6680908
125.0415144	323.5572510
125.1248755	338.1722717
125.2082365	326.6523743
125.2915975	329.8763733
125.3749585	313.3742371
125.4583195	271.9394531
125.5416805	229.9829712
125.6250415	230.4942780
125.7084025	304.8807068
125.7917635	293.3621521
125.8751245	278.8191528
125.9584856	293.0315552
126.0418466	296.1790466
126.1252076	287.9707642
126.2085686	310.3599854
126.2919296	304.6470947
126.3752906	323.4659119
126.4586516	295.6612854
126.5420126	250.3030853
126.6253736	225.3513184
126.7087346	275.1624146
126.7920956	299.2620850
126.8754567	315.6813354
126.9588177	315.4835815
127.0421787	314.4131775
127.1255397	318.5199890
127.2089007	304.1196289
127.2922617	288.2013245
127.3756227	252.2516479
127.4589837	237.2790070
127.5423447	250.1692505
127.6257057	259.1315308
127.7090668	303.6576233
127.7924278	329.0411072
127.8757888	305.0815125
127.9591498	316.6696777
128.0425108	326.5726624
128.1258718	319.9282837
128.2092328	330.2591553
128.2925938	324.4243469
128.3759548	314.8612976
128.4593158	279.9041138
128.5426769	272.7096252
128.6260379	246.9151764
128.7093989	215.5506744
128.7927599	231.1111603
128.8761209	233.4735718
128.9594819	235.5374603
129.0428429	287.4666748
129.1262039	329.3076782
129.2095649	306.8329468
129.2929259	313.4620667
129.3762869	306.3677368
129.4596480	281.1779480
129.5430090	241.8212738
129.6263700	218.9751892
129.7097310	255.2712860
129.7930920	252.7309113
129.8764530	283.7078247
129.9598140	328.2609863
130.0431750	326.1688538
130.1265360	333.0792847
130.2098970	313.3067627
130.2932581	321.4431763
130.3766191	282.5350037
130.4599801	252.9179382
130.5433411	266.7275391
130.6267021	282.7538147
130.7100631	287.0574951
130.7934241	284.6128235
130.8767851	320.9816895
130.9601461	314.7077637
131.0435071	332.4418335
131.1268682	307.1017456
131.2102292	288.4118958
131.2935902	279.9140625
131.3769512	261.1115723
131.4603122	219.2688446
131.5436732	204.5596466
131.6270342	225.4926910
131.7103952	228.3520508
131.7937562	250.4416962
131.8771172	236.9867554
131.9604782	273.8103027
132.0438393	327.1234741
132.1272003	316.6477661
132.2105613	308.2421570
132.2939223	305.2403564
132.3772833	264.7725525
132.4606443	251.3519897
132.5440053	303.5436401
132.6273663	311.5957336
132.7107273	315.7225952
132.7940883	309.5149841
132.8774494	274.5680847
132.9608104	291.5544434
133.0441714	323.2624512
133.1275324	315.0712280
133.2108934	312.7859192
133.2942544	299.0885315
133.3776154	271.9044800
133.4609764	233.2024841
133.5443374	195.7710419
133.6276984	202.2060852
133.7110594	234.2162170
133.7944205	283.6571045
133.8777815	278.5273132
133.9611425	269.7372131
134.0445035	274.3015137
134.1278645	309.7828369
134.2112255	325.2358093
134.2945865	291.8225708
134.3779475	295.1022034
134.4613085	261.8184204
134.5446695	246.9871521
134.6280306	245.9142303
134.7113916	277.6846924
134.7947526	288.0377502
134.8781136	313.5855713
134.9614746	330.9483643
135.0448356	312.4813538
135.1281966	316.4773560
135.2115576	333.9220276
135.2949186	332.3811035
135.3782796	313.4704895
135.4616407	267.8229065
135.5450017	259.5776978
135.6283627	267.9054260
135.7117237	294.5157166
135.7950847	305.6178284
135.8784457	311.8531189
135.9618067	309.6071167
136.0451677	325.6179504
136.1285287	313.3512268
136.2118897	324.9125061
136.2952507	301.0176086
136.3786118	272.2115784
136.4619728	235.1055450
136.5453338	281.3972778
136.6286948	298.4724426
136.7120558	265.1466980
136.7954168	239.8493805
136.8787778	239.6278534
136.9621388	294.4703674
137.0454998	278.2133179
137.1288608	290.9906921
137.2122219	307.9184265
137.2955829	298.5887451
137.3789439	240.0919800
137.4623049	196.8068085
137.5456659	192.4484863
137.6290269	198.8188934
137.7123879	244.2319336
137.7957489	253.0944366
137.8791099	269.6143494
137.9624709	291.7359314
138.0458319	314.5017090
138.1291930	319.3492737
138.2125540	333.8584900
138.2959150	304.6958008
138.3792760	303.9112854
138.4626370	287.8354187
138.5459980	288.9673157
138.6293590	310.1015625
138.7127200	288.9186707
138.7960810	286.3898621
138.8794420	314.1503601
138.9628031	284.7374878
139.0461641	302.6143188
139.1295251	317.4642639
139.2128861	326.0002136
139.2962471	326.2824402
139.3796081	311.7135315
139.4629691	288.5336304
139.5463301	318.1143799
139.6296911	274.7286377
139.7130521	294.6887512
139.7964132	284.8969116
139.8797742	306.9042053
139.9631352	289.1462097
140.0464962	322.8886719
140.1298572	323.1033630
140.2132182	304.4884949
140.2965792	308.5674438
140.3799402	270.6427612
140.4633012	241.7453003
140.5466622	241.8243408
140.6300232	275.7501831
140.7133843	286.7125854
140.7967453	270.0838318
140.8801063	295.5972290
140.9634673	291.9382935
141.0468283	314.4765930
141.1301893	321.6605530
141.2135503	312.8276062
141.2969113	315.7995300
141.3802723	323.8359680
141.4636333	308.2724915
141.5469944	294.6791687
141.6303554	283.3137207
141.7137164	320.1777649
141.7970774	301.9909363
141.8804384	308.5527954
141.9637994	324.2623596
142.0471604	315.2619934
142.1305214	317.9676208
142.2138824	319.0674744
142.2972434	321.0160828
142.3806045	312.8177185
142.4639655	270.4222717
142.5473265	237.6002350
142.6306875	250.8596191
142.7140485	308.1934204
142.7974095	325.8168335
142.8807705	299.0862732
142.9641315	314.9074097
143.0474925	318.7392273
143.1308535	323.5375977
143.2142145	336.8007507
143.2975756	323.8963623
143.3809366	307.8169250
143.4642976	252.0768890
143.5476586	226.0074463
143.6310196	240.2037048
143.7143806	268.5491943
143.7977416	250.2367859
143.8811026	229.8439484
143.9644636	241.9716949
144.0478246	260.5614319
144.1311857	307.6548157
144.2145467	316.4977722
144.2979077	311.4797974
144.3812687	276.5920105
144.4646297	246.1252289
144.5479907	240.5535278
144.6313517	270.4934082
144.7147127	297.3488770
144.7980737	277.0938416
144.8814347	293.3988953
144.9647957	298.6473694
145.0481568	312.5086365
145.1315178	325.2277832
145.2148788	309.0354309
145.2982398	318.0784607
145.3816008	285.5847473
145.4649618	236.2439270
145.5483228	206.1495667
145.6316838	275.0169067
145.7150448	282.7566833
145.7984058	249.4805145
145.8817669	237.6127777
145.9651279	290.9513245
146.0484889	311.8821106
146.1318499	317.7661133
146.2152109	325.4267883
146.2985719	313.1911316
146.3819329	282.8942261
146.4652939	245.1918640
146.5486549	232.6219788
146.6320159	237.2215729
146.7153770	283.2370300
146.7987380	257.9508057
146.8820990	328.5082092
146.9654600	298.5897217
147.0488210	323.5049133
147.1321820	323.9551697
147.2155430	323.6583557
147.2989040	318.9379272
147.3822650	314.7553101
147.4656260	292.3609314
147.5489870	291.1941528
147.6323481	299.9956055
147.7157091	285.0131531
147.7990701	299.8200073
147.8824311	327.1130676
147.9657921	292.3771057
148.0491531	326.5349731
148.1325141	333.6506653
148.2158751	308.5715027
148.2992361	310.5289612
148.3825971	302.2418823
148.4659582	278.1040649
148.5493192	279.2682190
148.6326802	318.1713257
148.7160412	287.1290588
148.7994022	248.1006012
148.8827632	248.6963196
148.9661242	271.7686157
149.0494852	303.5271301
149.1328462	316.7135925
149.2162072	322.6581116
149.2995682	303.4339600
149.3829293	310.6594238
149.4662903	289.0464783
149.5496513	255.8430786
149.6330123	304.1994934
149.7163733	330.9458923
149.7997343	305.5430298
149.8830953	319.5077209
149.9664563	317.8173828
150.0498173	314.7330627
150.1331783	324.0421753
150.2165394	328.6522827
150.2999004	311.0593872
150.3832614	284.4244995
150.4666224	243.8220367
150.5499834	299.8468018
150.6333444	323.1417542
150.7167054	284.2909241
150.8000664	309.5235291
150.8834274	304.7968140
150.9667884	277.5447693
151.0501495	314.7261047
151.1335105	326.1572571
151.2168715	331.3331299
151.3002325	341.6750793
151.3835935	318.1785889
151.4669545	302.5521545
151.5503155	297.2019958
151.6336765	274.3036804
151.7170375	297.3522949
151.8003985	279.8025818
151.8837595	313.5679626
151.9671206	282.9222107
152.0504816	308.7438049
152.1338426	320.7285156
152.2172036	317.3835144
152.3005646	299.6738892
152.3839256	272.6672058
152.4672866	248.9653778
152.5506476	209.8555603
152.6340086	225.8598480
152.7173696	263.1774292
152.8007307	307.9293518
152.8840917	332.7188416
152.9674527	321.2832336
153.0508137	334.4085388
153.1341747	316.2448425
153.2175357	322.7372437
153.3008967	320.9244690
153.3842577	306.2916260
153.4676187	297.1543884
153.5509797	299.4040222
153.6343408	280.4390259
153.7177018	297.1248779
153.8010628	318.7619629
153.8844238	318.2691650
153.9677848	285.7583923
154.0511458	325.1734314
154.1345068	328.8240356
154.2178678	316.1213684
154.3012288	330.2745972
154.3845898	299.0021667
154.4679508	273.8706055
154.5513119	227.8113708
154.6346729	216.6296997
154.7180339	252.8727112
154.8013949	238.9243469
154.8847559	260.7934570
154.9681169	231.5092468
155.0514779	269.4335327
155.1348389	299.4845886
155.2181999	289.9287720
155.3015609	308.1172180
155.3849220	267.6866455
155.4682830	241.2514191
155.5516440	210.8454285
155.6350050	237.3872223
155.7183660	215.2765350
155.8017270	204.6293488
155.8850880	236.7930450
155.9684490	263.0260925
156.0518100	308.5174255
156.1351710	293.0244446
156.2185320	302.2612000
156.3018931	299.4129028
156.3852541	334.0357056
156.4686151	325.8874207
156.5519761	315.4565430
156.6353371	302.3414001
156.7186981	308.9780273
156.8020591	293.3801880
156.8854201	311.3929749
156.9687811	322.4044495
157.0521421	316.9596252
157.1355032	308.1498413
157.2188642	310.3933411
157.3022252	310.6589966
157.3855862	318.6320801
157.4689472	300.4346008
157.5523082	257.0104980
157.6356692	317.6299744
157.7190302	331.2099304
157.8023912	324.3035889
157.8857522	308.5999756
157.9691133	315.3258667
158.0524743	327.2552490
158.1358353	315.0397949
158.2191963	320.0041809
158.3025573	317.0070190
158.3859183	322.0797424
158.4692793	297.8327332
158.5526403	293.7727051
158.6360013	311.7861633
158.7193623	313.2737427
158.8027233	309.5228271
158.8860844	280.0711670
158.9694454	305.9478455
159.0528064	310.5577698
159.1361674	313.5792236
159.2195284	303.9718018
159.3028894	286.1660156
159.3862504	254.0716858
159.4696114	208.6562653
159.5529724	239.2835693
159.6363334	279.0368958
159.7196945	256.4697266
159.8030555	332.0803223
159.8864165	330.2658691
159.9697775	304.2596130
160.0531385	299.5340576
160.1364995	301.1084290
160.2198605	310.8914795
160.3032215	299.1629639
160.3865825	284.6743164
160.4699435	296.1948853
160.5533045	280.6289978
160.6366656	275.0965881
160.7200266	278.1956177
160.8033876	316.2750244
160.8867486	324.0980530
160.9701096	291.5246582
161.0534706	321.2341614
161.1368316	319.4053955
161.2201926	343.9668274
161.3035536	321.3645935
161.3869146	316.6805725
161.4702757	299.1838074
161.5536367	228.5891876
161.6369977	228.5875549
161.7203587	233.3358154
161.8037197	231.9669495
161.8870807	313.9239807
161.9704417	288.9565125
162.0538027	305.0840759
162.1371637	314.0874939
162.2205247	318.9257507
162.3038858	275.6618958
162.3872468	235.1636200
162.4706078	241.0107574
162.5539688	220.8994293
162.6373298	212.1824341
162.7206908	218.7881927
162.8040518	246.0307770
162.8874128	255.6692657
162.9707738	282.9643555
163.0541348	278.9342346
163.1374958	317.9283142
163.2208569	313.2639465
163.3042179	328.2772522
163.3875789	292.6135559
163.4709399	237.0220184
163.5543009	251.2159576
163.6376619	231.4685211
163.7210229	234.1521912
163.8043839	244.9498444
163.8877449	293.7700500
163.9711059	278.5434570
164.0544670	273.8301086
164.1378280	313.0753479
164.2211890	307.5835876
164.3045500	269.8066101
164.3879110	295.3993835
164.4712720	297.2894897
164.5546330	274.0127258
164.6379940	247.7466125
164.7213550	238.1782227
164.8047160	211.6520233
164.8880771	295.8511353
164.9714381	316.9525452
165.0547991	334.7853394
165.1381601	328.3088684
165.2215211	328.9764709
165.3048821	314.8019104
165.3882431	325.8954468
165.4716041	316.0219421
165.5549651	306.7124634
165.6383261	263.3544922
165.7216871	287.6323242
165.8050482	280.9518433
165.8884092	293.4186707
165.9717702	311.7943115
166.0551312	324.6982727
166.1384922	329.2330017
166.2218532	340.1846313
166.3052142	324.2170105
166.3885752	323.8154602
166.4719362	298.7083740
166.5552972	293.3658142
166.6386583	271.8699646
166.7220193	248.0052338
166.8053803	267.2508240
166.8887413	283.9018555
166.9721023	304.6477661
167.0554633	306.7219849
167.1388243	314.5812683
167.2221853	312.4503479
167.3055463	288.0974731
167.3889073	291.8528137
167.4722683	290.3819275
167.5556294	289.9221191
167.6389904	254.5877075
167.7223514	288.4255066
167.8057124	307.0604553
167.8890734	295.6020813
167.9724344	307.0187378
168.0557954	315.5596008
168.1391564	324.3647766
168.2225174	338.7310181
168.3058784	327.3626709
168.3892395	311.5156555
168.4726005	295.5577393
168.5559615	242.9888306
168.6393225	266.7519226
168.7226835	292.8887329
168.8060445	288.7517395
168.8894055	257.0931702
168.9727665	270.6831055
169.0561275	310.3615417
169.1394885	322.9525452
169.2228496	319.8632202
169.3062106	300.6660156
169.3895716	281.0041199
169.4729326	297.1475220
169.5562936	283.3806763
169.6396546	311.3576965
169.7230156	323.4583435
169.8063766	279.2612305
169.8897376	325.8504639
169.9730986	317.6205750
170.0564596	319.6033020
170.1398207	315.1848755
170.2231817	301.5875244
170.3065427	300.3858337
170.3899037	258.8551025
170.4732647	261.5301514
170.5566257	249.0127411
170.6399867	312.1444092
170.7233477	312.3442383
170.8067087	301.8385925
170.8900697	336.7165527
170.9734308	324.0952759
171.0567918	330.5421753
171.1401528	335.6535950
171.2235138	336.2033081
171.3068748	326.1527405
171.3902358	313.3587952
171.4735968	264.1008301
171.5569578	265.2907410
171.6403188	289.8851624
171.7236798	299.9981995
171.8070409	291.7093201
171.8904019	306.3236694
171.9737629	303.6359863
172.0571239	310.1647339
172.1404849	309.9999084
172.2238459	313.6598511
172.3072069	287.7174072
172.3905679	237.7258759
172.4739289	197.9140930
172.5572899	187.6912537
172.6406509	216.4078979
172.7240120	185.6629181
172.8073730	212.2509766
172.8907340	301.6241760
172.9740950	307.3834534
173.0574560	322.4369507
173.1408170	315.3423462
173.2241780	300.2247314
173.3075390	307.9660339
173.3909000	282.6653442
173.4742610	227.1220703
173.5576221	195.4273834
173.6409831	188.5589600
173.7243441	218.6432343
173.8077051	254.8576355
173.8910661	291.4686890
173.9744271	260.7562256
174.0577881	300.5113831
174.1411491	337.5114136
174.2245101	328.3704529
174.3078711	327.9273071
174.3912321	313.8741150
174.4745932	271.8783264
174.5579542	230.7521667
174.6413152	286.1956177
174.7246762	271.8748169
174.8080372	257.4641113
174.8913982	274.6290894
174.9747592	322.6632996
175.0581202	314.2879028
175.1414812	312.4389343
175.2248422	313.8520813
175.3082033	299.5470276
175.3915643	272.1010132
175.4749253	220.9281921
175.5582863	237.9082031
175.6416473	244.4295502
175.7250083	240.2203827
175.8083693	276.0669861
175.8917303	271.8197327
175.9750913	270.1734619
176.0584523	267.8676453
176.1418134	295.8542480
176.2251744	306.4235535
176.3085354	316.6801147
176.3918964	288.8672791
176.4752574	243.6619568
176.5586184	252.7052460
176.6419794	255.9031525
176.7253404	238.4519348
176.8087014	304.5468140
176.8920624	297.0750732
176.9754234	313.5368958
177.0587845	313.2467346
177.1421455	329.5695801
177.2255065	311.7041626
177.3088675	311.6822510
177.3922285	335.4363708
177.4755895	275.1603088
177.5589505	282.4465027
177.6423115	297.9958801
177.7256725	314.8921814
177.8090335	318.1206970
177.8923946	321.7104187
177.9757556	332.4321594
178.0591166	328.8621521
178.1424776	327.8500671
178.2258386	342.3391418
178.3091996	334.2901306
178.3925606	362.1613159
178.4759216	326.9536133
178.5592826	311.3669739
178.6426436	300.5861816
178.7260046	295.4120178
178.8093657	338.8813782
178.8927267	434.6713867
178.9760877	351.6742859
179.0594487	334.1509399
179.1428097	342.0845337
179.2261707	332.5105591
179.3095317	326.1287231
179.3928927	309.6062927
179.4762537	259.7162170
179.5596147	280.3610229
179.6429758	298.5222778
179.7263368	287.2619934
179.8096978	328.1497498
179.8930588	306.6374512
179.9764198	300.9500427
180.0597808	306.2048950
180.1431418	313.1365662
180.2265028	312.2467346
180.3098638	312.0263672
180.3932248	297.5274353
180.4765859	296.7805786
180.5599469	274.3782043
180.6433079	239.8697510
180.7266689	245.6038208
180.8100299	265.1419373
180.8933909	270.1995239
180.9767519	247.8032990
181.0601129	306.7233276
181.1434739	316.2292175
181.2268349	307.4856567
181.3101959	304.8560181
181.3935570	278.5485535
181.4769180	225.2332153
181.5602790	198.6167755
181.6436400	216.6501465
181.7270010	209.2511139
181.8103620	223.5556641
181.8937230	236.9034729
181.9770840	229.4057007
182.0604450	235.6474762
182.1438060	235.5056458
182.2271671	266.8864441
182.3105281	254.9768066
182.3938891	243.4570618
182.4772501	187.3603363
182.5606111	208.8372803
182.6439721	226.7369843
182.7273331	209.9643555
182.8106941	222.6194611
182.8940551	261.1766663
182.9774161	255.9130859
183.0607772	326.4853210
183.1441382	339.7926025
183.2274992	336.1976013
183.3108602	320.5592651
183.3942212	309.9856262
183.4775822	298.8391113
183.5609432	266.1364136
183.6443042	260.6479187
183.7276652	264.8638000
183.8110262	285.8608093
183.8943872	290.1561584
183.9777483	305.8480530
184.0611093	330.5465698
184.1444703	324.3592529
184.2278313	311.4493103
184.3111923	291.4490356
184.3945533	277.7076721
184.4779143	258.1261597
184.5612753	257.2813110
184.6446363	264.7157288
184.7279973	270.5436707
184.8113584	307.6839294
184.8947194	308.0486145
184.9780804	327.3076477
185.0614414	335.0609741
185.1448024	330.0453491
185.2281634	326.0884399
185.3115244	310.0865784
185.3948854	294.4862976
185.4782464	301.1679077
185.5616074	279.3579712
185.6449684	262.7743225
185.7283295	296.3007812
185.8116905	288.9073792
185.8950515	283.8269958
185.9784125	289.4768372
186.0617735	313.4767151
186.1451345	329.0904541
186.2284955	321.0386963
186.3118565	335.1992798
186.3952175	276.2408447
186.4785785	304.3769836
186.5619396	283.7557678
186.6453006	294.4917297
186.7286616	305.6089783
186.8120226	309.3124084
186.8953836	317.3714294
186.9787446	287.9181824
187.0621056	288.8239746
187.1454666	303.2435303
187.2288276	307.3624573
187.3121886	299.2514343
187.3955497	275.7376404
187.4789107	267.0509644
187.5622717	260.2829285
187.6456327	325.2900085
187.7289937	333.1405334
187.8123547	318.9073792
187.8957157	323.5963135
187.9790767	300.8534546
188.0624377	314.1698608
188.1457987	319.9757080
188.2291597	297.9508362
188.3125208	279.5776062
188.3958818	265.0254517
188.4792428	232.2262573
188.5626038	268.7787170
188.6459648	253.9287567
188.7293258	256.5183411
188.8126868	277.5458679
188.8960478	283.2738342
188.9794088	278.7028809
189.0627698	301.2931213
189.1461309	308.8968201
189.2294919	313.4058228
189.3128529	321.1337280
189.3962139	291.1486206
189.4795749	320.0908203
189.5629359	286.0879517
189.6462969	300.2433167
189.7296579	278.4774170
189.8130189	296.7323914
189.8963799	289.9696960
189.9797409	305.2394714
190.0631020	323.7431946
190.1464630	329.4873352
190.2298240	312.7303162
190.3131850	323.3848267
190.3965460	298.3818665
190.4799070	295.6886597
190.5632680	266.0682373
190.6466290	274.6669312
190.7299900	313.0920105
190.8133510	312.1892395
190.8967121	286.5937500
190.9800731	281.9948425
191.0634341	286.6008301
191.1467951	324.4755249
191.2301561	308.0788269
191.3135171	289.1406250
191.3968781	249.2272186
191.4802391	207.2221222
191.5636001	202.4741211
191.6469611	220.1081848
191.7303222	242.9232941
191.8136832	238.6606140
191.8970442	247.4117126
191.9804052	235.1191559
192.0637662	287.3265381
192.1471272	321.7885742
192.2304882	325.9307861
192.3138492	315.6937256
192.3972102	291.5483704
192.4805712	255.5535431
192.5639322	233.5243835
192.6472933	267.7432861
192.7306543	241.8049316
192.8140153	263.5505066
192.8973763	311.6294861
192.9807373	316.7612610
193.0640983	332.0910339
193.1474593	343.5979004
193.2308203	337.1534119
193.3141813	331.8324890
193.3975423	300.7283630
193.4809034	246.7058868
193.5642644	260.5124207
193.6476254	294.7634888
193.7309864	260.5782166
193.8143474	308.8333130
193.8977084	318.7355652
193.9810694	307.5170898
194.0644304	321.1321411
194.1477914	314.3931274
194.2311524	316.2962341
194.3145135	324.8818359
194.3978745	315.8966675
194.4812355	282.2552795
194.5645965	281.0823669
194.6479575	283.3388367
194.7313185	296.6102295
194.8146795	280.0821838
194.8980405	305.6942139
194.9814015	315.5278931
195.0647625	338.2226562
195.1481235	338.4536743
195.2314846	339.4000549
195.3148456	328.4371948
195.3982066	297.8256226
195.4815676	255.5139008
195.5649286	241.3198242
195.6482896	294.8885193
195.7316506	280.5554504
195.8150116	314.9586792
195.8983726	314.5925598
195.9817336	311.8482361
196.0650947	319.3363037
196.1484557	318.6790771
196.2318167	321.6369934
196.3151777	303.7185364
196.3985387	324.5033569
196.4818997	264.1213989
196.5652607	214.7149200
196.6486217	215.0018311
196.7319827	214.5454712
196.8153437	239.6083984
196.8987047	290.1408386
196.9820658	323.1929321
197.0654268	329.7351685
197.1487878	324.7645874
197.2321488	311.6385193
197.3155098	326.3456116
197.3988708	315.5632019
197.4822318	250.1704102
197.5655928	246.7049866
197.6489538	240.6593018
197.7323148	248.0182190
197.8156759	294.0616760
197.8990369	317.9167786
197.9823979	294.8128967
198.0657589	312.1948853
198.1491199	323.9081421
198.2324809	312.8139648
198.3158419	303.1115112
198.3992029	299.4392395
198.4825639	250.8314514
198.5659249	229.8551788
198.6492860	233.0870514
198.7326470	236.5025482
198.8160080	298.2041931
198.8993690	309.9209595
198.9827300	308.6170349
199.0660910	326.2978821
199.1494520	321.7654114
199.2328130	325.9141541
199.3161740	336.0698853
199.3995350	309.7735901
199.4828960	249.1315002
199.5662571	263.7180786
199.6496181	294.5978394
199.7329791	313.6613464
199.8163401	307.0210571
199.8997011	317.6833496
199.9830621	314.4654236
200.0664231	320.3100891
200.1497841	319.8607788
200.2331451	333.7362366
200.3165061	322.1012268
200.3998672	318.7697449
200.4832282	294.6174316
200.5665892	259.5073547
200.6499502	278.5239563
200.7333112	259.2513428
200.8166722	265.7680359
200.9000332	272.7596130
200.9833942	288.2438354
201.0667552	312.6694641
201.1501162	325.5273743
201.2334773	316.2019958
201.3168383	303.3265076
201.4001993	284.5473022
201.4835603	273.1300964
201.5669213	245.2571869
201.6502823	264.7691956
201.7336433	238.5363464
201.8170043	244.9132538
201.9003653	229.3648071
201.9837263	241.4856720
202.0670873	290.7417908
202.1504484	315.3677673
202.2338094	330.1762390
202.3171704	303.8009338
202.4005314	277.0227661
202.4838924	235.7515106
202.5672534	198.4851227
202.6506144	286.4596558
202.7339754	288.2793884
202.8173364	319.2543945
202.9006974	301.7230530
202.9840585	295.9925537
203.0674195	317.0743408
203.1507805	328.9923096
203.2341415	328.6994629
203.3175025	330.3258667
203.4008635	310.7909851
203.4842245	306.3211060
203.5675855	304.8029785
203.6509465	308.3425903
203.7343075	316.5335999
203.8176685	288.2071228
203.9010296	289.5221252
203.9843906	309.4306946
204.0677516	330.4256287
204.1511126	338.4813538
204.2344736	329.6086426
204.3178346	339.0302734
204.4011956	317.7988586
204.4845566	266.7091980
204.5679176	231.9472198
204.6512786	239.7368622
204.7346397	281.1119385
204.8180007	264.5055237
204.9013617	304.0965576
204.9847227	299.3386536
205.0680837	311.7651978
205.1514447	330.9314880
205.2348057	316.5634155
205.3181667	297.3075867
205.4015277	241.6013641
205.4848887	206.9527283
205.5682498	216.5399933
205.6516108	266.4777527
205.7349718	259.6586609
205.8183328	261.1664124
205.9016938	282.7403564
205.9850548	304.5036011
206.0684158	301.4414062
206.1517768	312.6903992
206.2351378	282.3166809
206.3184988	264.6832275
206.4018598	285.1282959
206.4852209	251.3510590
206.5685819	255.2256622
206.6519429	240.9162903
206.7353039	253.8251648
206.8186649	266.2430725
206.9020259	278.4323730
206.9853869	303.8709106
207.0687479	307.7247925
207.1521089	331.5418396
207.2354699	322.5280762
207.3188310	312.9509277
207.4021920	323.7108154
207.4855530	269.5663147
207.5689140	279.3482971
207.6522750	293.7108154
207.7356360	294.4077454
207.8189970	323.6649780
207.9023580	311.8052979
207.9857190	317.2716980
208.0690800	332.6396484
208.1524410	338.6734619
208.2358021	320.5296936
208.3191631	321.2327881
208.4025241	321.3824768
208.4858851	248.0942230
208.5692461	223.6194763
208.6526071	223.6470490
208.7359681	294.3008728
208.8193291	254.2029877
208.9026901	309.1349792
208.9860511	316.7048645
209.0694122	328.2032166
209.1527732	332.3303528
209.2361342	322.7899780
209.3194952	331.6492615
209.4028562	306.9095459
209.4862172	269.9132996
209.5695782	249.2272034
209.6529392	303.1642761
209.7363002	281.8335571
209.8196612	285.5242920
209.9030223	295.5469055
209.9863833	300.2557373
210.0697443	327.3266296
210.1531053	333.3241882
210.2364663	312.7333679
210.3198273	322.7626038
210.4031883	292.9708862
210.4865493	252.7939606
210.5699103	239.5164642
210.6532713	220.6069336
210.7366323	273.1591492
210.8199934	259.6296692
210.9033544	320.9266968
210.9867154	314.4578247
211.0700764	307.8364258
211.1534374	321.5810852
211.2367984	329.2508240
211.3201594	298.3470459
211.4035204	300.2472229
211.4868814	232.8167419
211.5702424	250.8413239
211.6536035	271.4245300
211.7369645	247.6353912
211.8203255	241.0440826
211.9036865	261.3974915
211.9870475	290.4118652
212.0704085	294.2660522
212.1537695	301.9923096
212.2371305	313.9529724
212.3204915	299.8635254
212.4038525	308.9847412
212.4872136	318.5794373
212.5705746	294.2584839
212.6539356	297.2404175
212.7372966	316.1577454
212.8206576	308.9966125
212.9040186	281.2681885
212.9873796	276.8366699
213.0707406	318.0244141
213.1541016	307.8176575
213.2374626	315.1930542
213.3208236	317.4910889
213.4041847	284.4787598
213.4875457	253.9785461
213.5709067	243.9414825
213.6542677	262.1246643
213.7376287	286.8601685
213.8209897	311.4184570
213.9043507	311.1174316
213.9877117	327.4061890
214.0710727	324.4752502
214.1544337	321.0117493
214.2377948	330.5541687
214.3211558	329.3358459
214.4045168	302.1996155
214.4878778	286.5472717
214.5712388	266.0276184
214.6545998	227.4687958
214.7379608	244.3138580
214.8213218	241.9850006
214.9046828	219.0332184
214.9880438	234.2305908
215.0714048	272.5469666
215.1547659	312.1494446
215.2381269	321.7555542
215.3214879	323.2076416
215.4048489	265.8881226
215.4882099	275.0190430
215.5715709	301.2327881
215.6549319	309.0173645
215.7382929	294.1949158
215.8216539	308.1880188
215.9050149	315.6432190
215.9883760	302.6152039
216.0717370	319.7114258
216.1550980	315.1452026
216.2384590	316.4639587
216.3218200	313.6367798
216.4051810	324.6517639
216.4885420	294.0228577
216.5719030	275.4124756
216.6552640	305.1735840
216.7386250	314.1456909
216.8219861	312.2270508
216.9053471	311.5124512
216.9887081	313.9618225
217.0720691	333.4931335
217.1554301	313.9350586
217.2387911	317.8637695
217.3221521	318.5048218
217.4055131	311.0068359
217.4888741	282.2410889
217.5722351	269.3814697
217.6555961	291.7001648
217.7389572	298.8417664
217.8223182	302.8471069
217.9056792	275.7919006
217.9890402	302.5252075
218.0724012	311.8509521
218.1557622	324.9054260
218.2391232	312.0398560
218.3224842	305.6772156
218.4058452	316.6796265
218.4892062	283.9634705
218.5725673	263.6336060
218.6559283	263.8217773
218.7392893	281.4184875
218.8226503	309.3666382
218.9060113	313.5807495
218.9893723	303.9317932
219.0727333	320.6761169
219.1560943	328.8758545
219.2394553	336.6990051
219.3228163	327.9315491
219.4061773	322.1094666
219.4895384	283.8066711
219.5728994	290.6197205
219.6562604	292.5693359
219.7396214	307.8836060
219.8229824	316.5778198
219.9063434	293.2185669
219.9897044	305.9064026
220.0730654	306.2355957
220.1564264	300.9156799
220.2397874	323.0979919
220.3231485	328.3106689
220.4065095	318.6818848
220.4898705	291.9640808
220.5732315	283.2706604
220.6565925	311.3015747
220.7399535	302.5383606
220.8233145	326.1550293
220.9066755	301.3687134
220.9900365	316.7592773
221.0733975	325.2109070
221.1567586	331.2895203
221.2401196	330.6662903
221.3234806	319.6540222
221.4068416	307.8828125
221.4902026	281.8277893
221.5735636	290.6750793
221.6569246	260.1411438
221.7402856	269.0194397
221.8236466	321.4583435
221.9070076	305.8946533
221.9903686	306.9388428
222.0737297	306.8313293
222.1570907	303.2875366
222.2404517	295.6244812
222.3238127	314.3946228
222.4071737	299.9596558
222.4905347	237.9743958
222.5738957	217.0884399
222.6572567	283.2584839
222.7406177	261.3654175
222.8239787	225.2308655
222.9073398	280.1838379
222.9907008	311.0800171
223.0740618	303.3094482
223.1574228	313.2805481
223.2407838	316.6217957
223.3241448	328.7384644
223.4075058	333.6149597
223.4908668	304.1273804
223.5742278	297.3626709
223.6575888	308.1882935
223.7409499	290.7809448
223.8243109	264.3562317
223.9076719	274.8468018
223.9910329	254.8603058
224.0743939	273.6518250
224.1577549	314.5594788
224.2411159	311.0480347
224.3244769	300.3187561
224.4078379	266.3952942
224.4911989	236.4920197
224.5745599	302.1594238
224.6579210	316.3213196
224.7412820	314.8658752
224.8246430	270.8253174
224.9080040	279.8815308
224.9913650	315.5636292
225.0747260	310.6897278
225.1580870	322.8493958
225.2414480	321.3782043
225.3248090	318.0911865
225.4081700	276.7846680
225.4915311	229.0978241
225.5748921	258.0240173
225.6582531	274.0567322
225.7416141	267.1264343
225.8249751	259.9196777
225.9083361	269.4955750
225.9916971	280.0208740
226.0750581	329.3038330
226.1584191	325.8287354
226.2417801	312.4775391
226.3251411	324.4522400
226.4085022	314.4677429
226.4918632	309.6202393
226.5752242	304.0468445
226.6585852	275.5924683
226.7419462	255.6911163
226.8253072	253.6138306
226.9086682	276.7157288
226.9920292	320.7328491
227.0753902	326.1254578
227.1587512	306.2927856
227.2421123	307.6229248
227.3254733	322.1204529
227.4088343	312.1485596
227.4921953	284.2696228
227.5755563	281.7416992
227.6589173	293.7633667
227.7422783	268.8656006
227.8256393	300.5016785
227.9090003	307.3903198
227.9923613	325.7882385
228.0757224	325.0344543
228.1590834	327.1753235
228.2424444	330.4518433
228.3258054	318.9981384
228.4091664	298.5148926
228.4925274	279.5765076
228.5758884	205.1233826
228.6592494	260.2226562
228.7426104	300.3970032
228.8259714	305.5633545
228.9093324	311.6824341
228.9926935	313.2314758
229.0760545	331.3666382
229.1594155	308.3122559
229.2427765	319.3435364
229.3261375	307.9773865
229.4094985	291.1044922
229.4928595	279.6281128
229.5762205	247.5274658
229.6595815	277.7237549
229.7429425	249.8134613
229.8263036	282.8425903
229.9096646	309.0913086
229.9930256	300.7305298
230.0763866	329.9599304
230.1597476	333.0350037
230.2431086	322.2927856
230.3264696	304.2178650
230.4098306	293.7348938
230.4931916	245.4858704
230.5765526	206.8882446
230.6599136	265.9808044
230.7432747	294.4510193
230.8266357	321.4981079
230.9099967	301.4993896
230.9933577	331.4335327
231.0767187	334.2075195
231.1600797	330.0179443
231.2434407	309.8828125
231.3268017	301.4377136
231.4101627	285.0993652
231.4935237	270.3426819
231.5768848	250.9137421
231.6602458	287.2623901
231.7436068	325.3215942
231.8269678	311.9687195
231.9103288	271.1264343
231.9936898	264.3301697
232.0770508	311.6518860
232.1604118	323.7274475
232.2437728	308.0646362
232.3271338	289.4912109
232.4104949	271.6914368
232.4938559	271.3569336
232.5772169	256.6672363
232.6605779	251.9114838
232.7439389	253.1220093
232.8272999	263.5070801
232.9106609	295.3915710
232.9940219	310.5362549
233.0773829	321.9336243
233.1607439	320.9903259
233.2441049	313.9124146
233.3274660	328.2354431
233.4108270	297.5645752
233.4941880	210.2942352
233.5775490	260.3910217
233.6609100	276.4412842
233.7442710	240.4564819
233.8276320	281.1050110
233.9109930	296.7627563
233.9943540	289.9761047
234.0777150	319.5511780
234.1610761	315.0550842
234.2444371	300.6354065
234.3277981	306.7706909
234.4111591	284.1334229
234.4945201	219.9217987
234.5778811	234.5307312
234.6612421	210.7033234
234.7446031	234.7503662
234.8279641	243.2861938
234.9113251	333.4225464
234.9946862	299.9922485
235.0780472	330.1483154
235.1614082	324.3759766
235.2447692	329.9173584
235.3281302	314.3215332
235.4114912	308.2856750
235.4948522	262.2121887
235.5782132	264.4598694
235.6615742	278.7384949
235.7449352	268.5454102
235.8282962	303.8007812
235.9116573	307.7557068
235.9950183	327.6639709
236.0783793	325.6884460
236.1617403	328.5900269
236.2451013	319.9734497
236.3284623	328.5818176
236.4118233	311.7870178
236.4951843	289.2032166
236.5785453	290.0292358
236.6619063	309.2477722
236.7452674	295.4868774
236.8286284	294.8629150
236.9119894	292.6344604
236.9953504	302.1890564
237.0787114	321.4088440
237.1620724	324.5318298
237.2454334	324.9376526
237.3287944	323.8375244
237.4121554	322.1120300
237.4955164	288.1618652
237.5788774	288.5008545
237.6622385	304.0793457
237.7455995	258.1658325
237.8289605	287.4826050
237.9123215	295.7684021
237.9956825	286.7148132
238.0790435	319.4577637
238.1624045	312.8099365
238.2457655	326.6847534
238.3291265	311.2142334
238.4124875	322.7250671
238.4958486	273.2028503
238.5792096	255.3406982
238.6625706	278.9040527
238.7459316	306.4954224
238.8292926	303.5111084
238.9126536	309.6118469
238.9960146	304.1445312
239.0793756	324.8184814
239.1627366	333.5588074
239.2460976	330.9226074
239.3294587	330.2791443
239.4128197	310.3880310
239.4961807	264.4584961
239.5795417	268.1690979
239.6629027	254.8232117
239.7462637	285.8648071
239.8296247	314.1526489
239.9129857	302.0633545
239.9963467	316.2643738
240.0797077	318.5294189
240.1630687	319.3372803
240.2464298	322.1373596
240.3297908	308.1229858
240.4131518	297.8013000
240.4965128	296.7331543
240.5798738	303.0346375
240.6632348	314.8640442
240.7465958	296.2871094
240.8299568	296.5119934
240.9133178	287.2491150
240.9966788	323.6023865
241.0800399	332.8749084
241.1634009	324.3858337
241.2467619	321.9542542
241.3301229	320.3585510
241.4134839	286.6925049
241.4968449	224.6670532
241.5802059	195.4189911
241.6635669	211.5362396
241.7469279	203.2900696
241.8302889	309.6253967
241.9136500	332.0936584
241.9970110	333.7641602
242.0803720	319.4697266
242.1637330	311.1588745
242.2470940	319.9034729
242.3304550	298.2576904
242.4138160	305.8496094
242.4971770	270.6781921
242.5805380	293.8243408
242.6638990	301.2206116
242.7472600	304.9698486
242.8306211	272.2200928
242.9139821	275.4437561
242.9973431	304.4851379
243.0807041	340.3734436
243.1640651	331.2557068
243.2474261	323.5559082
243.3307871	311.6838379
243.4141481	327.4765320
243.4975091	318.6358032
243.5808701	322.8573914
243.6642312	272.6371460
243.7475922	297.0028076
243.8309532	309.9050598
243.9143142	310.7870178
243.9976752	310.6116638
244.0810362	304.7428284
244.1643972	320.3488464
244.2477582	308.3551331
244.3311192	318.0624390
244.4144802	288.5043640
244.4978412	262.7317200
244.5812023	301.2311707
244.6645633	307.2946777
244.7479243	288.4739990
244.8312853	272.4094849
244.9146463	262.2537537
244.9980073	306.7998962
245.0813683	318.1933289
245.1647293	334.0718384
245.2480903	327.4282837
245.3314513	312.2285767
245.4148124	320.7590027
245.4981734	260.5973206
245.5815344	249.6078186
245.6648954	230.2806244
245.7482564	271.9047852
245.8316174	297.1247253
245.9149784	273.8700256
245.9983394	284.1749268
246.0817004	297.9058838
246.1650614	310.0127869
246.2484225	323.6687622
246.3317835	307.6885071
246.4151445	301.4980164
246.4985055	249.5635529
246.5818665	283.2735291
246.6652275	242.8247681
246.7485885	218.5769806
246.8319495	198.9139252
246.9153105	271.1769104
246.9986715	315.5359497
247.0820325	325.7685547
247.1653936	320.7861633
247.2487546	332.7367249
247.3321156	323.9990234
247.4154766	301.9670105
247.4988376	279.8166809
247.5821986	314.6220398
247.6655596	305.2462769
247.7489206	251.8805847
247.8322816	272.3058472
247.9156426	311.4341431
247.9990037	319.4743042
248.0823647	319.4194031
248.1657257	317.6469116
248.2490867	341.6152954
248.3324477	322.5105286
248.4158087	320.4108887
248.4991697	286.0044556
248.5825307	241.7457275
248.6658917	246.5361786
248.7492527	284.3423767
248.8326137	304.7493591
248.9159748	284.0021667
248.9993358	331.3411865
249.0826968	339.5039673
249.1660578	322.7457275
249.2494188	339.3488770
249.3327798	354.6066284
249.4161408	351.2172852
249.4995018	287.2431030
249.5828628	232.4516144
249.6662238	291.4404602
249.7495849	274.8323364
249.8329459	289.2551575
249.9163069	315.0346069
249.9996679	306.6514893
