# time(yr)	runoff(mm/month)
0.0000000	19.7422926
0.0833610	22.4144831
0.1667220	22.6604789
0.2500830	59.6595521
0.3334440	41.6192767
0.4168050	12.1653261
0.5001661	24.2028028
0.5835271	18.7500386
0.6668881	22.3493408
0.7502491	25.0495869
0.8336101	25.7297210
0.9169711	20.5685743
1.0003321	10.4837347
1.0836931	7.5873491
1.1670541	11.3421503
1.2504151	23.2183129
1.3337762	8.6598948
1.4171372	11.3865049
1.5004982	17.3149827
1.5838592	23.6595140
1.6672202	16.3157449
1.7505812	15.1195454
1.8339422	12.5409889
1.9173032	11.4742183
2.0006642	11.1898262
2.0840252	9.0653222
2.1673863	13.4881138
2.2507473	34.9900882
2.3341083	14.3124247
2.4174693	15.9835988
2.5008303	28.5556547
2.5841913	28.3240109
2.6675523	24.9509694
2.7509133	27.7517401
2.8342743	26.3997606
2.9176353	28.2380102
3.0009963	14.6519967
3.0843574	10.7668066
3.1677184	18.5594820
3.2510794	47.2727662
3.3344404	50.7101862
3.4178014	24.8617437
3.5011624	28.2373926
3.5845234	31.8536976
3.6678844	29.5164762
3.7512454	28.2662991
3.8346064	26.4082944
3.9179675	24.2509882
4.0013285	21.7273593
4.0846895	8.0178411
4.1680505	13.8626438
4.2514115	27.1719492
4.3347725	7.0489732
4.4181335	5.9988441
4.5014945	13.3800878
4.5848555	15.5074372
4.6682165	17.3776015
4.7515775	16.7162795
4.8349386	14.4511336
4.9182996	11.5446365
5.0016606	7.4107337
5.0850216	6.0818391
5.1683826	11.5708509
5.2517436	41.0824709
5.3351046	102.6692719
5.4184656	4.9082782
5.5018266	11.2899112
5.5851876	19.6164375
5.6685487	12.9686950
5.7519097	10.3717153
5.8352707	16.7329877
5.9186317	7.8602429
6.0019927	7.1481901
6.0853537	7.4637106
6.1687147	14.4979258
6.2520757	86.7739617
6.3354367	9.1854092
6.4187977	12.6131798
6.5021588	14.0144103
6.5855198	20.0210917
6.6688808	18.0218911
6.7522418	13.9549199
6.8356028	13.4428126
6.9189638	10.0435048
7.0023248	6.4486221
7.0856858	4.3892651
7.1690468	4.1861904
7.2524078	46.5875990
7.3357688	9.3794153
7.4191299	11.8337693
7.5024909	21.6192367
7.5858519	32.2696061
7.6692129	27.1604521
7.7525739	25.2329298
7.8359349	28.0087521
7.9192959	22.5168207
8.0026569	18.3624921
8.0860179	14.9202111
8.1693789	15.4755250
8.2527400	38.9415039
8.3361010	12.7517543
8.4194620	13.4011737
8.5028230	21.2595195
8.5861840	20.7688622
8.6695450	19.6623846
8.7529060	11.5022326
8.8362670	8.2339119
8.9196280	9.9721743
9.0029890	4.3552050
9.0863500	2.9374284
9.1697111	2.8823422
9.2530721	52.7219624
9.3364331	28.4293871
9.4197941	1.1069577
9.5031551	5.9060211
9.5865161	5.9400439
9.6698771	7.0407765
9.7532381	13.8721901
9.8365991	9.9631195
9.9199601	6.5509868
10.0033212	5.9237836
10.0866822	6.7428069
10.1700432	5.6763823
10.2534042	45.2511501
10.3367652	7.4485477
10.4201262	1.6812225
10.5034872	4.9503918
10.5868482	7.9265368
10.6702092	12.2184692
10.7535702	8.6715639
10.8369313	4.3406895
10.9202923	6.5889393
11.0036533	4.8743315
11.0870143	5.7140678
11.1703753	3.7189390
11.2537363	46.9303571
11.3370973	5.8942818
11.4204583	6.7754547
11.5038193	14.2112800
11.5871803	21.9420793
11.6705413	20.1177055
11.7539024	19.2230176
11.8372634	17.1015970
11.9206244	13.2421664
12.0039854	9.7450278
12.0873464	6.8724173
12.1707074	6.3753131
12.2540684	38.5411567
12.3374294	10.7143684
12.4207904	4.2383414
12.5041514	6.6134687
12.5875125	7.7433920
12.6708735	14.7825855
12.7542345	15.1002017
12.8375955	6.1917121
12.9209565	7.0726545
13.0043175	5.5959168
13.0876785	6.2130508
13.1710395	6.3686682
13.2544005	41.2485221
13.3377615	10.8744695
13.4211226	4.0006543
13.5044836	4.5147831
13.5878446	6.5451628
13.6712056	5.1465572
13.7545666	7.8029502
13.8379276	7.1122502
13.9212886	4.5357941
14.0046496	2.8482187
14.0880106	2.6393813
14.1713716	3.1630809
14.2547326	47.2891879
14.3380937	1.5113755
14.4214547	0.0000000
14.5048157	0.4525112
14.5881767	1.7008112
14.6715377	1.9342111
14.7548987	2.9021388
14.8382597	5.3142982
14.9216207	3.8924580
15.0049817	3.6756546
15.0883427	1.3263768
15.1717038	0.8648395
15.2550648	3.5787857
15.3384258	10.4101281
15.4217868	3.9322511
15.5051478	2.1244874
15.5885088	4.9328167
15.6718698	11.2046885
15.7552308	10.8873575
15.8385918	11.5250570
15.9219528	8.2160368
16.0053138	7.2823397
16.0886749	5.8465761
16.1720359	4.5001203
16.2553969	6.2136885
16.3387579	89.4600704
16.4221189	3.1574870
16.5054799	4.3219407
16.5888409	16.3517826
16.6722019	16.9298986
16.7555629	11.3324931
16.8389239	10.0142635
16.9222850	16.6412408
17.0056460	10.8313006
17.0890070	17.3840843
17.1723680	38.5659896
17.2557290	33.1153860
17.3390900	82.9701859
17.4224510	14.6535349
17.5058120	21.3861218
17.5891730	37.8248646
17.6725340	31.5254542
17.7558951	34.6426837
17.8392561	31.5752333
17.9226171	33.9188032
18.0059781	34.5033773
18.0893391	35.6688031
18.1727001	32.9803252
18.2560611	64.1539831
18.3394221	29.2708765
18.4227831	22.9406312
18.5061441	32.9494856
18.5895051	32.5802703
18.6728662	27.3842694
18.7562272	28.3218020
18.8395882	26.0616821
18.9229492	21.6396118
19.0063102	14.8688172
19.0896712	15.8825401
19.1730322	40.9170184
19.2563932	78.6573321
19.3397542	13.4763220
19.4231152	10.0994556
19.5064763	15.0488750
19.5898373	16.3739411
19.6731983	10.3901585
19.7565593	8.7716861
19.8399203	6.6079783
19.9232813	8.2237627
20.0066423	4.2991555
20.0900033	4.9684814
20.1733643	1.7273236
20.2567253	47.2277302
20.3400864	2.1485229
20.4234474	3.2683743
20.5068084	7.2447679
20.5901694	17.4189705
20.6735304	17.7581488
20.7568914	11.6062450
20.8402524	14.2352195
20.9236134	21.0236983
21.0069744	17.1119909
21.0903354	23.4004983
21.1736964	28.2773790
21.2570575	39.4898799
21.3404185	31.6076665
21.4237795	30.6941418
21.5071405	33.5744987
21.5905015	28.8796077
21.6738625	31.8975478
21.7572235	26.4421044
21.8405845	19.2737361
21.9239455	14.6289778
22.0073065	6.8494143
22.0906676	5.5389788
22.1740286	5.3492698
22.2573896	69.4224414
22.3407506	11.7339837
22.4241116	6.2597311
22.5074726	6.4872878
22.5908336	17.2423722
22.6741946	14.3594539
22.7575556	13.6592759
22.8409166	18.1258788
22.9242776	7.5678068
23.0076387	13.5538125
23.0909997	20.3224135
23.1743607	21.2022273
23.2577217	27.4345529
23.3410827	54.9042266
23.4244437	11.5724445
23.5078047	17.6350401
23.5911657	19.1424613
23.6745267	22.8187318
23.7578877	17.7083438
23.8412488	9.4913469
23.9246098	5.8193032
24.0079708	5.2667581
24.0913318	4.3339317
24.1746928	4.2905079
24.2580538	9.5145208
24.3414148	115.2882816
24.4247758	2.7279902
24.5081368	11.0555894
24.5914978	15.5926659
24.6748589	13.8144784
24.7582199	13.1011048
24.8415809	13.6931213
24.9249419	12.4983527
25.0083029	4.8494133
25.0916639	7.1560809
25.1750249	8.7718387
25.2583859	97.3400442
25.3417469	97.4092484
25.4251079	9.0389168
25.5084689	11.6619365
25.5918300	22.5332094
25.6751910	17.7812702
25.7585520	22.9367320
25.8419130	25.0524394
25.9252740	19.2479189
26.0086350	16.7754057
26.0919960	12.4215683
26.1753570	14.7462931
26.2587180	20.4743911
26.3420790	48.6188804
26.4254401	12.2547556
26.5088011	25.4234651
26.5921621	29.2239169
26.6755231	25.0699950
26.7588841	25.8905576
26.8422451	30.4050761
26.9256061	22.9388749
27.0089671	22.2853937
27.0923281	12.7093492
27.1756891	6.9463274
27.2590501	16.8541939
27.3424112	38.5663786
27.4257722	2.4519026
27.5091332	5.0011917
27.5924942	8.7001581
27.6758552	9.9443179
27.7592162	7.6652038
27.8425772	7.1420172
27.9259382	13.1440191
28.0092992	4.2217266
28.0926602	10.5299046
28.1760213	13.2342832
28.2593823	90.6053474
28.3427433	14.2597201
28.4261043	8.6406518
28.5094653	13.4681253
28.5928263	13.2069702
28.6761873	16.8693898
28.7595483	15.4028932
28.8429093	10.4263659
28.9262703	7.9125432
29.0096314	9.5196723
29.0929924	9.8164603
29.1763534	10.5519734
29.2597144	98.2953894
29.3430754	19.2848312
29.4264364	6.0759397
29.5097974	10.3361596
29.5931584	10.3212148
29.6765194	12.0842677
29.7598804	8.0621592
29.8432414	14.6555187
29.9266025	8.8612005
30.0099635	8.0363880
30.0933245	14.2120108
30.1766855	27.1352160
30.2600465	20.5903756
30.3434075	19.9422906
30.4267685	28.5195204
30.5101295	36.7898884
30.5934905	37.1936044
30.6768515	36.1847082
30.7602126	37.0950316
30.8435736	37.1703414
30.9269346	30.5201154
31.0102956	25.9521073
31.0936566	34.5063971
31.1770176	20.8134008
31.2603786	66.0975217
31.3437396	11.1440583
31.4271006	9.5090328
31.5104616	20.3380196
31.5938227	15.2471898
31.6771837	11.4345148
31.7605447	9.7621314
31.8439057	9.4903332
31.9272667	11.8731027
32.0106277	5.8738419
32.0939887	11.3060347
32.1773497	10.5086148
32.2607107	60.8502612
32.3440717	25.3942285
32.4274327	5.4905175
32.5107938	15.4913255
32.5941548	16.9332414
32.6775158	15.3526874
32.7608768	11.3662454
32.8442378	14.9860995
32.9275988	12.4998780
33.0109598	6.6765430
33.0943208	14.5104319
33.1776818	16.8468576
33.2610428	17.5421829
33.3444039	78.3011510
33.4277649	10.5767593
33.5111259	17.8942904
33.5944869	17.3177763
33.6778479	20.2696075
33.7612089	20.8486983
33.8445699	18.4113754
33.9279309	11.8133942
34.0112919	7.3555326
34.0946529	5.5498176
34.1780139	6.1132222
34.2613750	54.9765425
34.3447360	22.7220780
34.4280970	11.2825290
34.5114580	15.3512565
34.5948190	24.8482923
34.6781800	24.1152556
34.7615410	23.2202035
34.8449020	26.6560983
34.9282630	21.4628390
35.0116240	10.7922714
35.0949851	9.5486614
35.1783461	12.5880828
35.2617071	111.8212760
35.3450681	39.4983996
35.4284291	8.3146550
35.5117901	19.4217048
35.5951511	19.7609444
35.6785121	17.8155564
35.7618731	17.8293708
35.8452341	10.3923662
35.9285952	7.6387165
36.0119562	5.1364746
36.0953172	3.4082928
36.1786782	3.8193137
36.2620392	35.3661164
36.3454002	3.0873320
36.4287612	10.6521728
36.5121222	12.2682153
36.5954832	26.1375034
36.6788442	21.5973151
36.7622052	24.7559691
36.8455663	24.9572259
36.9289273	16.9436836
37.0122883	11.6495141
37.0956493	10.1426598
37.1790103	11.4087577
37.2623713	77.9475489
37.3457323	41.5617606
37.4290933	7.9960586
37.5124543	17.0099398
37.5958153	17.9502117
37.6791764	18.3306529
37.7625374	16.7069642
37.8458984	13.6951345
37.9292594	11.5601765
38.0126204	6.3907954
38.0959814	5.3101232
38.1793424	6.4725999
38.2627034	12.0122300
38.3460644	8.0138406
38.4294254	8.2942734
38.5127864	11.8508134
38.5961475	16.1250198
38.6795085	20.8384907
38.7628695	10.8796205
38.8462305	11.7849014
38.9295915	11.0095055
39.0129525	8.4824690
39.0963135	8.7430860
39.1796745	11.3106187
39.2630355	39.4358127
39.3463965	33.5483055
39.4297576	11.5629795
39.5131186	22.6856584
39.5964796	22.5894077
39.6798406	30.2938441
39.7632016	23.2945775
39.8465626	22.3010823
39.9299236	14.2018634
40.0132846	9.3483322
40.0966456	7.5847748
40.1800066	8.9157268
40.2633677	42.9397377
40.3467287	7.8679682
40.4300897	4.6837292
40.5134507	16.9834908
40.5968117	19.7122957
40.6801727	17.6779980
40.7635337	14.1106127
40.8468947	10.3201080
40.9302557	12.7681878
41.0136167	7.2368971
41.0969777	7.8743909
41.1803388	4.7661962
41.2636998	14.1949950
41.3470608	55.7759167
41.4304218	5.3979786
41.5137828	20.1776214
41.5971438	20.0851025
41.6805048	21.8826891
41.7638658	20.5632206
41.8472268	20.5909626
41.9305878	7.8973038
42.0139489	7.1848855
42.0973099	3.8196114
42.1806709	9.4593044
42.2640319	22.8357830
42.3473929	53.1895029
42.4307539	2.8389016
42.5141149	16.0398937
42.5974759	16.5254200
42.6808369	19.6887393
42.7641979	20.5425792
42.8475590	15.5277051
42.9309200	9.9209772
43.0142810	7.0429641
43.0976420	5.9501006
43.1810030	6.2022503
43.2643640	12.9290292
43.3477250	178.1643550
43.4310860	8.6813507
43.5144470	26.0562482
43.5978080	24.9286376
43.6811690	26.2465596
43.7645301	26.7151821
43.8478911	26.6514260
43.9312521	19.4440507
44.0146131	8.0124026
44.0979741	4.7644019
44.1813351	5.0637833
44.2646961	70.8466143
44.3480571	5.2609158
44.4314181	2.9539276
44.5147791	13.6967010
44.5981402	11.1033882
44.6815012	10.3653844
44.7648622	9.1152592
44.8482232	9.7492717
44.9315842	7.7349100
45.0149452	6.2447621
45.0983062	3.0268004
45.1816672	2.6304364
45.2650282	19.8447857
45.3483892	5.6714570
45.4317502	1.8232084
45.5151113	6.7116431
45.5984723	5.8143532
45.6818333	9.1349058
45.7651943	9.8671699
45.8485553	17.0481840
45.9319163	7.0823299
46.0152773	13.1240884
46.0986383	17.7372161
46.1819993	19.5963194
46.2653603	39.7003872
46.3487214	33.1669968
46.4320824	16.3730948
46.5154434	22.6609244
46.5988044	25.8900319
46.6821654	26.3188331
46.7655264	21.5890265
46.8488874	17.8699537
46.9322484	14.0985216
47.0156094	13.8499374
47.0989704	15.8904952
47.1823315	16.5460073
47.2656925	87.9206249
47.3490535	75.0200791
47.4324145	11.9925456
47.5157755	15.4038420
47.5991365	12.7526006
47.6824975	19.8014164
47.7658585	25.4457968
47.8492195	18.7275889
47.9325805	19.5178483
48.0159415	8.8472658
48.0993026	9.3884624
48.1826636	21.9643993
48.2660246	57.1334880
48.3493856	13.9828246
48.4327466	10.8243958
48.5161076	18.9042651
48.5994686	19.3925554
48.6828296	18.6297057
48.7661906	16.9901328
48.8495516	7.6453520
48.9329127	6.3774990
49.0162737	4.2422125
49.0996347	3.5926470
49.1829957	1.8948039
49.2663567	40.0324190
49.3497177	0.3351131
49.4330787	0.0000000
49.5164397	7.0737596
49.5998007	3.0037347
49.6831617	1.8197419
49.7665227	6.8517369
49.8498838	5.2800662
49.9332448	8.6380315
50.0166058	3.8945390
50.0999668	3.8744215
50.1833278	3.3409089
50.2666888	6.1065336
50.3500498	70.9008913
50.4334108	6.9949991
50.5167718	9.3079392
50.6001328	16.2401828
50.6834939	15.0928713
50.7668549	13.7532800
50.8502159	8.8557060
50.9335769	12.7246747
51.0169379	4.2341216
51.1002989	7.2817003
51.1836599	9.4094758
51.2670209	48.2928082
51.3503819	20.9931463
51.4337429	7.7692870
51.5171040	12.3336393
51.6004650	23.6509684
51.6838260	17.3844580
51.7671870	13.2019926
51.8505480	17.6255680
51.9339090	11.9129029
52.0172700	11.2152332
52.1006310	11.8439875
52.1839920	24.2261128
52.2673530	44.5141200
52.3507140	13.3110192
52.4340751	18.6651977
52.5174361	24.2981317
52.6007971	34.1672695
52.6841581	36.6140421
52.7675191	34.1774323
52.8508801	30.0814838
52.9342411	31.9736191
53.0176021	23.5888200
53.1009631	19.4875414
53.1843241	18.5259585
53.2676852	17.5865057
53.3510462	117.4815312
53.4344072	8.7583750
53.5177682	9.3557262
53.6011292	16.9382250
53.6844902	20.3300539
53.7678512	18.0740641
53.8512122	15.7002640
53.9345732	10.0772841
54.0179342	7.5356134
54.1012953	3.8201082
54.1846563	2.9782354
54.2680173	3.1380266
54.3513783	58.8020111
54.4347393	2.6831157
54.5181003	10.0949388
54.6014613	15.0441118
54.6848223	15.7833698
54.7681833	14.3870273
54.8515443	11.2036783
54.9349053	11.0558322
55.0182664	7.4980976
55.1016274	3.9221054
55.1849884	5.9038169
55.2683494	31.2515420
55.3517104	6.7188898
55.4350714	4.8770640
55.5184324	17.7185124
55.6017934	16.5889251
55.6851544	14.2080940
55.7685154	20.9725142
55.8518765	18.0158785
55.9352375	10.5956103
56.0185985	10.4539181
56.1019595	18.4979183
56.1853205	25.3483462
56.2686815	42.2379602
56.3520425	11.9109780
56.4354035	14.8975858
56.5187645	20.4516067
56.6021255	28.1984741
56.6854865	19.4192036
56.7688476	15.0105011
56.8522086	13.8288220
56.9355696	12.0743725
57.0189306	7.8488743
57.1022916	10.7320065
57.1856526	34.7000065
57.2690136	27.0441705
57.3523746	6.9782992
57.4357356	10.8940643
57.5190966	14.0360549
57.6024577	18.2832419
57.6858187	20.2564390
57.7691797	20.9665028
57.8525407	16.3595444
57.9359017	8.1815379
58.0192627	6.5492110
58.1026237	4.3524291
58.1859847	3.5466766
58.2693457	13.8629479
58.3527067	5.7758508
58.4360678	9.9027686
58.5194288	7.3742457
58.6027898	18.0569022
58.6861508	17.9404072
58.7695118	18.5669456
58.8528728	12.4307222
58.9362338	10.0682977
59.0195948	5.8232371
59.1029558	3.5814955
59.1863168	4.3956617
59.2696778	58.4673673
59.3530389	34.5838876
59.4363999	4.5478284
59.5197609	12.0498118
59.6031219	14.0151895
59.6864829	16.1395202
59.7698439	15.1290670
59.8532049	9.3115808
59.9365659	7.4084211
60.0199269	6.3960760
60.1032879	3.3938198
60.1866490	3.7061124
60.2700100	11.6680740
60.3533710	43.3652832
60.4367320	1.8333014
60.5200930	4.8461106
60.6034540	2.9122895
60.6868150	6.4914132
60.7701760	7.1111110
60.8535370	6.9444285
60.9368980	6.8322588
61.0202591	12.9231592
61.1036201	3.3437236
61.1869811	2.7298513
61.2703421	14.3949164
61.3537031	9.5771436
61.4370641	8.4500310
61.5204251	21.4808638
61.6037861	25.0783591
61.6871471	18.4541565
61.7705081	14.9597378
61.8538691	13.5240254
61.9372302	10.9315566
62.0205912	8.0296435
62.1039522	9.0089235
62.1873132	81.0547995
62.2706742	82.5367053
62.3540352	118.5593675
62.4373962	9.2763334
62.5207572	26.4751365
62.6041182	27.2019001
62.6874792	31.0244739
62.7708403	28.8426270
62.8542013	28.4843714
62.9375623	21.1299538
63.0209233	13.8229886
63.1042843	5.8045717
63.1876453	7.0240736
63.2710063	25.5124715
63.3543673	6.2761451
63.4377283	1.5139986
63.5210893	5.4633395
63.6044503	9.8056993
63.6878114	10.0123693
63.7711724	7.6761433
63.8545334	6.9557111
63.9378944	5.5713820
64.0212554	3.3737479
64.1046164	2.8999788
64.1879774	6.3460506
64.2713384	68.5239004
64.3546994	6.0064380
64.4380604	8.8012681
64.5214215	18.7909561
64.6047825	16.6465120
64.6881435	17.0209500
64.7715045	18.8752536
64.8548655	9.5216968
64.9382265	11.6893921
65.0215875	4.3326174
65.1049485	3.5438179
65.1883095	3.4210705
65.2716705	6.0577770
65.3550316	138.8515119
65.4383926	4.9310236
65.5217536	9.2167003
65.6051146	24.0065649
65.6884756	19.5243382
65.7718366	12.3039241
65.8551976	12.8921487
65.9385586	10.1924165
66.0219196	7.9039988
66.1052806	7.3038257
66.1886416	7.0172772
66.2720027	76.7117048
66.3553637	12.1397022
66.4387247	8.3503078
66.5220857	12.5970858
66.6054467	16.3464961
66.6888077	16.5424500
66.7721687	16.5306417
66.8555297	15.4290475
66.9388907	8.1404583
67.0222517	7.6964925
67.1056128	4.3790201
67.1889738	4.5170329
67.2723348	55.7005315
67.3556958	12.3739322
67.4390568	5.0521948
67.5224178	4.5079973
67.6057788	11.4604557
67.6891398	11.9931798
67.7725008	9.1855542
67.8558618	11.7259190
67.9392228	5.9132436
68.0225839	3.8850472
68.1059449	13.1560065
68.1893059	3.1250514
68.2726669	2.6537238
68.3560279	88.4684493
68.4393889	2.2868755
68.5227499	3.9183335
68.6061109	5.7178355
68.6894719	6.5783504
68.7728329	8.9039374
68.8561940	7.4543764
68.9395550	7.7865373
69.0229160	4.4871610
69.1062770	3.5392534
69.1896380	3.8158522
69.2729990	30.1817775
69.3563600	18.9547926
69.4397210	3.8221836
69.5230820	4.8140787
69.6064430	16.9706936
69.6898041	19.3234904
69.7731651	12.5288859
69.8565261	11.8161512
69.9398871	11.4280378
70.0232481	11.3071840
70.1066091	8.9929927
70.1899701	7.4850835
70.2733311	16.5835809
70.3566921	189.8362327
70.4400531	8.2252066
70.5234141	11.1754802
70.6067752	20.8099873
70.6901362	27.1562866
70.7734972	25.8428107
70.8568582	26.2519911
70.9402192	18.0713272
71.0235802	8.5195817
71.1069412	6.6810916
71.1903022	24.0311314
71.2736632	15.1794602
71.3570242	143.4846340
71.4403853	5.7018782
71.5237463	27.5640526
71.6071073	27.9217660
71.6904683	30.5865283
71.7738293	33.2149960
71.8571903	33.7852488
71.9405513	30.6596906
72.0239123	21.8403807
72.1072733	12.9024588
72.1906343	11.4210787
72.2739954	49.8509762
72.3573564	41.2597198
72.4407174	12.2668810
72.5240784	27.4270540
72.6074394	24.4677474
72.6908004	29.8419073
72.7741614	32.0455036
72.8575224	40.7515753
72.9408834	30.7049033
73.0242444	23.6892197
73.1076054	21.6767905
73.1909665	23.6471093
73.2743275	28.8413752
73.3576885	27.6598436
73.4410495	22.7848771
73.5244105	29.0909637
73.6077715	26.2623118
73.6911325	30.2638955
73.7744935	27.2695884
73.8578545	22.4821432
73.9412155	16.6948247
74.0245766	9.2052881
74.1079376	13.5180340
74.1912986	14.8103487
74.2746596	42.1428481
74.3580206	15.4473056
74.4413816	16.1321675
74.5247426	16.1123004
74.6081036	21.6265918
74.6914646	17.4441900
74.7748256	12.7905655
74.8581866	12.6220331
74.9415477	6.4232393
75.0249087	5.8370692
75.1082697	5.1234735
75.1916307	19.4472580
75.2749917	31.8862087
75.3583527	14.6025701
75.4417137	1.5108601
75.5250747	4.1395724
75.6084357	3.7407198
75.6917967	3.9247843
75.7751578	3.3697568
75.8585188	6.3604615
75.9418798	4.5344772
76.0252408	2.8729196
76.1086018	1.5992655
76.1919628	3.4179084
76.2753238	61.6333787
76.3586848	3.1592115
76.4420458	4.5033455
76.5254068	7.5982233
76.6087679	13.5893186
76.6921289	9.9794092
76.7754899	9.2812085
76.8588509	8.6972285
76.9422119	9.0357885
77.0255729	9.8297225
77.1089339	6.6438534
77.1922949	26.5240079
77.2756559	26.5137414
77.3590169	10.0585899
77.4423779	5.6107838
77.5257390	26.6387855
77.6091000	18.7658886
77.6924610	23.0310449
77.7758220	24.2657763
77.8591830	27.8864826
77.9425440	18.8312902
78.0259050	14.1172889
78.1092660	6.1129687
78.1926270	4.2752030
78.2759880	52.2765628
78.3593491	11.0835400
78.4427101	5.9922888
78.5260711	14.8516069
78.6094321	16.4701553
78.6927931	17.4205464
78.7761541	14.2819729
78.8595151	12.4817059
78.9428761	6.5128103
79.0262371	7.2114536
79.1095981	3.6986241
79.1929591	3.1031853
79.2763202	25.9861884
79.3596812	61.0631023
79.4430422	4.2291286
79.5264032	8.6592789
79.6097642	15.2403309
79.6931252	17.8155470
79.7764862	11.0926549
79.8598472	6.7597732
79.9432082	6.5785272
80.0265692	7.1918140
80.1099303	6.9847007
80.1932913	15.1817516
80.2766523	71.6685914
80.3600133	81.9385455
80.4433743	3.4195179
80.5267353	7.2428136
80.6100963	5.7819901
80.6934573	4.5271984
80.7768183	7.8764825
80.8601793	7.8950595
80.9435404	6.6986196
81.0269014	4.7620286
81.1102624	3.0695603
81.1936234	2.3004947
81.2769844	28.0969145
81.3603454	20.6565104
81.4437064	4.7939155
81.5270674	3.9309283
81.6104284	4.2460407
81.6937894	5.2219437
81.7771504	6.8331741
81.8605115	7.5852734
81.9438725	7.6218368
82.0272335	7.0407246
82.1105945	3.3267986
82.1939555	3.9400444
82.2773165	26.0139893
82.3606775	39.4200676
82.4440385	5.8110240
82.5273995	15.9932005
82.6107605	15.5720574
82.6941216	19.6248712
82.7774826	18.2285264
82.8608436	20.9154507
82.9442046	14.2149116
83.0275656	16.1425059
83.1109266	21.3407110
83.1942876	22.1383832
83.2776486	54.3464916
83.3610096	19.8305965
83.4443706	12.2751743
83.5277317	19.5689805
83.6110927	16.6621345
83.6944537	15.8262770
83.7778147	11.9457298
83.8611757	15.5303289
83.9445367	6.1294736
84.0278977	5.1560417
84.1112587	7.2171196
84.1946197	11.1207211
84.2779807	10.8145630
84.3613417	11.4756339
84.4447028	8.4449543
84.5280638	14.6921033
84.6114248	14.2737997
84.6947858	8.0473217
84.7781468	6.2238507
84.8615078	5.9243335
84.9448688	6.9346865
85.0282298	3.8609335
85.1115908	1.9877280
85.1949518	35.6828934
85.2783129	55.3460335
85.3616739	3.1864876
85.4450349	4.9189687
85.5283959	6.8785141
85.6117569	14.5178612
85.6951179	17.3472451
85.7784789	19.6604492
85.8618399	12.3744084
85.9452009	9.7275741
86.0285619	7.9291430
86.1119229	10.8002936
86.1952840	11.9701384
86.2786450	75.0867844
86.3620060	19.5192651
86.4453670	19.7112019
86.5287280	29.8890814
86.6120890	29.7602537
86.6954500	33.7889169
86.7788110	34.0644770
86.8621720	35.0121913
86.9455330	28.4876977
87.0288941	27.2309057
87.1122551	16.2535458
87.1956161	10.7670777
87.2789771	19.3605347
87.3623381	86.8250043
87.4456991	7.5544473
87.5290601	7.5431889
87.6124211	13.3740116
87.6957821	17.8207415
87.7791431	14.7243586
87.8625042	10.9681483
87.9458652	9.7508406
88.0292262	8.5024746
88.1125872	6.5742739
88.1959482	5.6073284
88.2793092	29.9119059
88.3626702	27.0943409
88.4460312	7.6078161
88.5293922	11.2458147
88.6127532	20.2376953
88.6961142	17.1651681
88.7794753	18.2564086
88.8628363	15.1391037
88.9461973	17.0733989
89.0295583	7.2088421
89.1129193	8.5997307
89.1962803	13.0917435
89.2796413	34.7067581
89.3630023	10.1496649
89.4463633	22.3651072
89.5297243	26.2100103
89.6130854	21.1203427
89.6964464	24.0166074
89.7798074	24.4919344
89.8631684	17.5491620
89.9465294	11.6967731
90.0298904	5.8266230
90.1132514	4.6803711
90.1966124	4.2876837
90.2799734	40.0657198
90.3633344	9.5432818
90.4466955	7.5830256
90.5300565	14.1020966
90.6134175	19.2447647
90.6967785	22.2082380
90.7801395	26.4642334
90.8635005	25.7267223
90.9468615	10.3698588
91.0302225	9.2108858
91.1135835	9.6914274
91.1969445	53.8257585
91.2803055	50.6890969
91.3636666	12.2279153
91.4470276	7.5988892
91.5303886	12.8799880
91.6137496	12.3476883
91.6971106	12.3404110
91.7804716	14.5529666
91.8638326	9.6006788
91.9471936	9.9171523
92.0305546	6.9221056
92.1139156	7.6356395
92.1972767	19.4734052
92.2806377	69.4242896
92.3639987	37.1126745
92.4473597	8.8130816
92.5307207	23.6844695
92.6140817	27.1910018
92.6974427	25.2429323
92.7808037	24.3346952
92.8641647	28.0870393
92.9475257	29.2104867
93.0308867	19.6554562
93.1142478	23.7120206
93.1976088	28.7116964
93.2809698	38.3856053
93.3643308	24.5304380
93.4476918	26.0716421
93.5310528	23.3327581
93.6144138	21.2552148
93.6977748	17.6156433
93.7811358	15.3967073
93.8644968	11.7171353
93.9478579	12.0756490
94.0312189	5.6686063
94.1145799	5.6392024
94.1979409	6.9144423
94.2813019	10.9221670
94.3646629	63.0620401
94.4480239	8.4563206
94.5313849	10.6709178
94.6147459	16.8665786
94.6981069	19.1008589
94.7814680	21.1142865
94.8648290	13.0340459
94.9481900	7.0174976
95.0315510	9.4737464
95.1149120	13.6692548
95.1982730	20.6249989
95.2816340	63.6136364
95.3649950	112.1153394
95.4483560	12.0648568
95.5317170	21.0971057
95.6150780	24.6544189
95.6984391	23.8568929
95.7818001	24.7180501
95.8651611	17.2309717
95.9485221	8.4064614
96.0318831	6.3287154
96.1152441	5.7163050
96.1986051	5.3486710
96.2819661	37.0310704
96.3653271	69.1290004
96.4486881	7.9741318
96.5320492	17.6269200
96.6154102	20.3816175
96.6987712	16.7205276
96.7821322	9.5100877
96.8654932	8.5370171
96.9488542	6.5610871
97.0322152	6.3295629
97.1155762	12.3637175
97.1989372	6.8467557
97.2822982	12.2644599
97.3656592	12.2717054
97.4490203	5.1233037
97.5323813	4.9099001
97.6157423	5.9919322
97.6991033	8.7603092
97.7824643	12.4592374
97.8658253	10.8296068
97.9491863	12.0589680
98.0325473	6.4034017
98.1159083	4.9723605
98.1992693	8.6616599
98.2826304	7.6685206
98.3659914	96.4910371
98.4493524	11.0622538
98.5327134	21.2282814
98.6160744	36.2553787
98.6994354	27.9004291
98.7827964	34.1905277
98.8661574	33.3722423
98.9495184	26.7036709
99.0328794	21.8246190
99.1162405	20.9714157
99.1996015	15.5294378
99.2829625	48.1848765
99.3663235	42.8395100
99.4496845	7.9364798
99.5330455	15.5145425
99.6164065	22.5231126
99.6997675	16.3463594
99.7831285	14.5136427
99.8664895	11.3107201
99.9498505	7.5700770
100.0332116	5.1584521
100.1165726	3.3183010
100.1999336	3.6401456
100.2832946	20.1156639
100.3666556	64.5096267
100.4500166	9.6848284
100.5333776	9.6019630
100.6167386	22.3227893
100.7000996	25.4707335
100.7834606	23.4092065
100.8668217	26.0407058
100.9501827	20.9336476
101.0335437	14.9073585
101.1169047	23.1090611
101.2002657	27.2929009
101.2836267	104.0923933
101.3669877	18.0846324
101.4503487	18.1505079
101.5337097	29.2958085
101.6170707	24.9629827
101.7004318	34.1273303
101.7837928	28.8706661
101.8671538	24.0546961
101.9505148	19.3321456
102.0338758	11.3835841
102.1172368	6.4998911
102.2005978	5.1831961
102.2839588	51.9590102
102.3673198	23.8430030
102.4506808	4.8798018
102.5340418	8.0232413
102.6174029	6.5719164
102.7007639	11.8248842
102.7841249	9.3303452
102.8674859	7.9853082
102.9508469	8.4259507
103.0342079	5.7066520
103.1175689	12.0117420
103.2009299	14.8467365
103.2842909	90.2123483
103.3676519	46.8791070
103.4510130	5.7085615
103.5343740	5.1748886
103.6177350	7.2823804
103.7010960	8.7561649
103.7844570	7.7909757
103.8678180	9.9817560
103.9511790	9.0437737
104.0345400	4.7280559
104.1179010	3.7157654
104.2012620	3.4309879
104.2846230	22.1794234
104.3679841	7.2376585
104.4513451	4.3124648
104.5347061	8.6429833
104.6180671	13.1875793
104.7014281	8.4769662
104.7847891	13.5198964
104.8681501	11.1481979
104.9515111	10.6540352
105.0348721	12.3609935
105.1182331	13.0271281
105.2015942	10.5238543
105.2849552	101.8459322
105.3683162	45.5893254
105.4516772	15.6246194
105.5350382	29.1587439
105.6183992	27.7356084
105.7017602	32.0980456
105.7851212	29.6028400
105.8684822	27.8063519
105.9518432	18.3165108
106.0352043	8.0283015
106.1185653	4.8679797
106.2019263	6.5179076
106.2852873	17.6301921
106.3686483	72.4068427
106.4520093	12.4071375
106.5353703	23.0325466
106.6187313	28.5633281
106.7020923	25.7785241
106.7854533	22.3228883
106.8688143	20.9102409
106.9521754	15.7532043
107.0355364	5.6507590
107.1188974	11.1339509
107.2022584	13.0764003
107.2856194	98.5197583
107.3689804	44.6793226
107.4523414	3.6423989
107.5357024	7.6348097
107.6190634	14.1220061
107.7024244	17.4403887
107.7857855	21.8427758
107.8691465	10.4541067
107.9525075	9.6818268
108.0358685	7.9818417
108.1192295	6.8901185
108.2025905	7.9111883
108.2859515	20.4048640
108.3693125	5.4068466
108.4526735	6.6855112
108.5360345	7.4578460
108.6193955	8.8540234
108.7027566	7.5185257
108.7861176	5.6936951
108.8694786	7.3731371
108.9528396	3.6476191
109.0362006	5.4779237
109.1195616	1.8127720
109.2029226	1.9083703
109.2862836	24.2745529
109.3696446	4.4320459
109.4530056	1.9983723
109.5363667	6.3654598
109.6197277	9.7769672
109.7030887	9.8400733
109.7864497	11.8546065
109.8698107	9.2791640
109.9531717	7.2127224
110.0365327	7.5007243
110.1198937	5.7252667
110.2032547	6.0750209
110.2866157	20.9947611
110.3699768	6.4371250
110.4533378	5.0478973
110.5366988	14.0880099
110.6200598	13.7502861
110.7034208	11.0007784
110.7867818	10.9091376
110.8701428	11.3006999
110.9535038	7.9687068
111.0368648	6.6311753
111.1202258	3.6798164
111.2035868	5.2070030
111.2869479	86.8522088
111.3703089	8.3568933
111.4536699	12.1668313
111.5370309	22.0711664
111.6203919	27.2693739
111.7037529	30.8029339
111.7871139	27.6612509
111.8704749	23.9199065
111.9538359	12.4160084
112.0371969	7.2880676
112.1205580	8.3866957
112.2039190	8.8753267
112.2872800	21.8551451
112.3706410	52.0578658
112.4540020	7.3434214
112.5373630	15.8016503
112.6207240	19.1689091
112.7040850	17.1272327
112.7874460	16.5316636
112.8708070	15.7185728
112.9541681	16.7601721
113.0375291	9.7965425
113.1208901	7.2606492
113.2042511	7.4382235
113.2876121	46.9243645
113.3709731	17.6736839
113.4543341	7.3274293
113.5376951	16.0266545
113.6210561	16.1367090
113.7044171	17.2725010
113.7877781	11.5353058
113.8711392	6.0635391
113.9545002	10.0225639
114.0378612	5.8920700
114.1212222	4.3843868
114.2045832	2.7062109
114.2879442	59.1035663
114.3713052	5.4896276
114.4546662	3.0123448
114.5380272	11.9374176
114.6213882	15.0531030
114.7047493	13.2587955
114.7881103	10.9382045
114.8714713	14.1064012
114.9548323	9.3549618
115.0381933	4.0423065
115.1215543	11.2100905
115.2049153	14.0086406
115.2882763	12.4993641
115.3716373	86.7219478
115.4549983	7.3526448
115.5383593	12.8653614
115.6217204	12.9624243
115.7050814	14.5750567
115.7884424	12.5374740
115.8718034	10.0857673
115.9551644	11.7924368
116.0385254	4.9536321
116.1218864	4.3441776
116.2052474	2.7980303
116.2886084	28.1225796
116.3719694	78.6363040
116.4553305	10.1059043
116.5386915	18.3574449
116.6220525	26.8688617
116.7054135	26.0103164
116.7887745	27.6606451
116.8721355	24.6250857
116.9554965	13.2881559
117.0388575	8.5400688
117.1222185	4.9128174
117.2055795	4.6379693
117.2889406	36.8581496
117.3723016	32.0707939
117.4556626	3.4538444
117.5390236	2.5049455
117.6223846	4.8844548
117.7057456	4.6977871
117.7891066	5.2933656
117.8724676	3.2899856
117.9558286	5.2490191
118.0391896	9.1992561
118.1225506	1.5661143
118.2059117	20.7843551
118.2892727	47.9189748
118.3726337	5.8702751
118.4559947	2.5996209
118.5393557	2.2994553
118.6227167	7.0181412
118.7060777	9.4475456
118.7894387	8.0125228
118.8727997	4.6709810
118.9561607	7.8400158
119.0395218	4.8923203
119.1228828	2.5382493
119.2062438	1.6102737
119.2896048	39.7022024
119.3729658	4.0910247
119.4563268	1.8123565
119.5396878	9.3082916
119.6230488	6.2284913
119.7064098	9.2923826
119.7897708	16.1347040
119.8731318	9.1493456
119.9564929	12.0044611
120.0398539	6.0366694
120.1232149	6.9377765
120.2065759	4.7015551
120.2899369	4.7134064
120.3732979	107.7937726
120.4566589	12.9852782
120.5400199	16.2638937
120.6233809	25.8938910
120.7067419	26.0747940
120.7901030	25.4471170
120.8734640	29.2524227
120.9568250	21.0356244
121.0401860	19.3538880
121.1235470	28.6232323
121.2069080	23.0937332
121.2902690	64.8636720
121.3736300	56.6327033
121.4569910	28.0801957
121.5403520	34.1007882
121.6237131	31.6849495
121.7070741	36.1573057
121.7904351	31.3439878
121.8737961	31.0451554
121.9571571	26.4090441
122.0405181	15.9498501
122.1238791	13.4746105
122.2072401	4.4160574
122.2906011	4.9043870
122.3739621	78.5302394
122.4573231	4.0532363
122.5406842	7.4040286
122.6240452	7.3890479
122.7074062	11.8443305
122.7907672	12.4859716
122.8741282	11.2221640
122.9574892	6.6000604
123.0408502	11.9703801
123.1242112	3.1998868
123.2075722	2.5864235
123.2909332	9.8218487
123.3742943	75.4546394
123.4576553	2.6624350
123.5410163	17.6006089
123.6243773	18.3832538
123.7077383	17.7006138
123.7910993	19.0298926
123.8744603	14.0165132
123.9578213	17.7159983
124.0411823	9.5027208
124.1245433	6.5063474
124.2079044	6.6468650
124.2912654	21.0940552
124.3746264	62.3427895
124.4579874	8.8547494
124.5413484	27.1644385
124.6247094	23.6804926
124.7080704	19.3971288
124.7914314	17.3052042
124.8747924	15.6480167
124.9581534	10.3185969
125.0415144	6.1044903
125.1248755	3.6763121
125.2082365	3.7224501
125.2915975	3.2976616
125.3749585	87.2290739
125.4583195	6.1927299
125.5416805	10.2187936
125.6250415	18.4895047
125.7084025	21.3524156
125.7917635	28.8603712
125.8751245	24.7905900
125.9584856	22.9508411
126.0418466	28.5858367
126.1252076	28.2686848
126.2085686	25.7544361
126.2919296	58.9525742
126.3752906	76.3444816
126.4586516	23.1001736
126.5420126	20.1540355
126.6253736	25.3056299
126.7087346	25.1555926
126.7920956	28.8814418
126.8754567	27.2277798
126.9588177	22.6586260
127.0421787	16.6163512
127.1255397	10.5407663
127.2089007	6.1070063
127.2922617	92.5474197
127.3756227	14.4408058
127.4589837	12.3272177
127.5423447	25.8726956
127.6257057	28.7858087
127.7090668	30.6693253
127.7924278	31.6157996
127.8757888	25.6604956
127.9591498	20.2490108
128.0425108	7.8444436
128.1258718	4.8421837
128.2092328	7.7095278
128.2925938	23.4788444
128.3759548	54.2519736
128.4593158	5.9671441
128.5426769	16.3499981
128.6260379	19.5397050
128.7093989	26.4592310
128.7927599	28.5915628
128.8761209	24.8420688
128.9594819	15.9656153
129.0428429	10.3224265
129.1262039	12.7014755
129.2095649	13.5328704
129.2929259	70.7699466
129.3762869	15.1772348
129.4596480	6.1500278
129.5430090	15.1485793
129.6263700	20.7797323
129.7097310	16.5098187
129.7930920	10.1287146
129.8764530	6.9591936
129.9598140	5.5642921
130.0431750	5.2186510
130.1265360	2.3710944
130.2098970	2.4614690
130.2932581	15.7111717
130.3766191	2.8533292
130.4599801	4.7263774
130.5433411	3.1305194
130.6267021	3.1253540
130.7100631	10.0760382
130.7934241	8.2491826
130.8767851	7.8667836
130.9601461	6.0232852
131.0435071	8.5203638
131.1268682	12.0446974
131.2102292	13.4629720
131.2935902	57.0815590
131.3769512	21.6421885
131.4603122	11.0364849
131.5436732	23.1744768
131.6270342	23.8822280
131.7103952	19.8000916
131.7937562	27.3876263
131.8771172	18.8815573
131.9604782	11.1444001
132.0438393	15.6319651
132.1272003	18.3020021
132.2105613	19.7778329
132.2939223	31.1165307
132.3772833	12.2996832
132.4606443	9.8934769
132.5440053	13.5531760
132.6273663	11.2947321
132.7107273	8.8065964
132.7940883	8.7710048
132.8774494	5.5546085
132.9608104	5.2597949
133.0441714	4.3338350
133.1275324	6.6147588
133.2108934	1.0869739
133.2942544	68.9407706
133.3776154	9.8929134
133.4609764	1.1079365
133.5443374	8.3254136
133.6276984	10.8492924
133.7110594	14.7757053
133.7944205	14.0118750
133.8777815	6.7807453
133.9611425	6.4506978
134.0445035	8.1171753
134.1278645	8.6798255
134.2112255	14.4798739
134.2945865	78.2382930
134.3779475	135.2001380
134.4613085	9.8884391
134.5446695	16.7594673
134.6280306	24.0598258
134.7113916	19.8595902
134.7947526	20.1206758
134.8781136	21.5489600
134.9614746	8.4501518
135.0448356	8.5034328
135.1281966	6.1237686
135.2115576	6.3470154
135.2949186	16.3608752
135.3782796	8.6484531
135.4616407	6.6992490
135.5450017	9.5120108
135.6283627	14.7907704
135.7117237	15.4998075
135.7950847	20.1417251
135.8784457	13.0110836
135.9618067	8.4849519
136.0451677	9.4078698
136.1285287	18.4277464
136.2118897	10.4260913
136.2952507	82.5422971
136.3786118	106.1082243
136.4619728	8.8690654
136.5453338	19.7845751
136.6286948	20.8257772
136.7120558	20.1306618
136.7954168	20.2580185
136.8787778	8.5515423
136.9621388	11.4361685
137.0454998	10.0618360
137.1288608	8.2939699
137.2122219	13.1443692
137.2955829	44.5350962
137.3789439	17.6829556
137.4623049	21.0363458
137.5456659	30.2992072
137.6290269	27.3065880
137.7123879	29.0867203
137.7957489	28.5648274
137.8791099	26.4502564
137.9624709	21.2456414
138.0458319	14.8383135
138.1291930	6.1640697
138.2125540	7.7431427
138.2959150	41.9011287
138.3792760	11.3077439
138.4626370	15.2733476
138.5459980	30.6051236
138.6293590	31.9504151
138.7127200	25.9365767
138.7960810	28.7695166
138.8794420	25.6291916
138.9628031	29.7096754
139.0461641	17.5173122
139.1295251	11.7216273
139.2128861	9.1016310
139.2962471	59.2253502
139.3796081	34.8441244
139.4629691	12.1728899
139.5463301	18.6263924
139.6296911	25.1917906
139.7130521	26.1262775
139.7964132	23.9338883
139.8797742	17.8352538
139.9631352	8.1681572
140.0464962	6.6109935
140.1298572	7.5218043
140.2132182	9.6678173
140.2965792	8.8356267
140.3799402	9.9623015
140.4633012	9.0546013
140.5466622	15.6005903
140.6300232	16.8925289
140.7133843	11.8853636
140.7967453	9.0947096
140.8801063	8.6628574
140.9634673	3.6544895
141.0468283	4.6396079
141.1301893	2.6189968
141.2135503	3.8422024
141.2969113	40.8872160
141.3802723	36.8809128
141.4636333	9.2075707
141.5469944	23.1158315
141.6303554	29.5795841
141.7137164	23.7631764
141.7970774	21.8160239
141.8804384	20.4855793
141.9637994	9.4005836
142.0471604	12.8730548
142.1305214	13.4837514
142.2138824	18.5365385
142.2972434	20.3679988
142.3806045	179.7758806
142.4639655	20.6874161
142.5473265	23.2739478
142.6306875	25.7567204
142.7140485	29.9701598
142.7974095	28.5359939
142.8807705	23.5540128
142.9641315	12.8139027
143.0474925	5.6790891
143.1308535	6.7317477
143.2142145	6.2168981
143.2975756	46.0218347
143.3809366	6.4644704
143.4642976	3.9921788
143.5476586	9.5902738
143.6310196	9.2395371
143.7143806	8.9943211
143.7977416	15.3570793
143.8811026	10.8221963
143.9644636	6.6869793
144.0478246	5.5041829
144.1311857	10.8246079
144.2145467	49.3120817
144.2979077	93.6084901
144.3812687	14.2554697
144.4646297	17.0749265
144.5479907	25.0751129
144.6313517	28.2568318
144.7147127	33.0812412
144.7980737	28.5882554
144.8814347	29.3526480
144.9647957	20.0524547
145.0481568	9.5439260
145.1315178	4.7691388
145.2148788	6.7533710
145.2982398	32.4042307
145.3816008	22.5567246
145.4649618	8.5695299
145.5483228	8.6128721
145.6316838	17.1618654
145.7150448	20.5264757
145.7984058	17.5926091
145.8817669	10.8665086
145.9651279	6.4665561
146.0484889	4.7694741
146.1318499	4.8005080
146.2152109	2.7414015
146.2985719	33.4007552
146.3819329	9.6389502
146.4652939	3.0393209
146.5486549	1.1718177
146.6320159	7.1161535
146.7153770	4.0506688
146.7987380	4.7036756
146.8820990	3.4846690
146.9654600	3.6145078
147.0488210	3.9323952
147.1321820	4.6730729
147.2155430	6.1852858
147.2989040	9.3511853
147.3822650	8.5567610
147.4656260	9.5751787
147.5489870	10.9626544
147.6323481	17.9787682
147.7157091	20.3959058
147.7990701	11.3358194
147.8824311	10.7337463
147.9657921	17.2023363
148.0491531	6.8579328
148.1325141	10.3851843
148.2158751	12.6035569
148.2992361	19.6704093
148.3825971	102.9395348
148.4659582	15.7064475
148.5493192	21.8241192
148.6326802	27.7095684
148.7160412	29.3295430
148.7994022	25.7747899
148.8827632	22.9969356
148.9661242	8.8238338
149.0494852	5.8014776
149.1328462	6.3673286
149.2162072	6.1281581
149.2995682	60.7316127
149.3829293	4.0351090
149.4662903	5.1865212
149.5496513	3.5944398
149.6330123	5.1368082
149.7163733	11.1116780
149.7997343	8.6065684
149.8830953	9.4056750
149.9664563	9.7066079
150.0498173	5.6687743
150.1331783	4.1505113
150.2165394	5.6622018
150.2999004	39.6717541
150.3832614	9.0872455
150.4666224	14.2366269
150.5499834	18.1464296
150.6333444	18.7222718
150.7167054	16.7694096
150.8000664	8.1683877
150.8834274	8.8450740
150.9667884	9.3292861
151.0501495	3.0843923
151.1335105	4.9588761
151.2168715	22.0642733
151.3002325	24.9179468
151.3835935	52.2123752
151.4669545	7.8210445
151.5503155	12.2761951
151.6336765	18.8038005
151.7170375	17.2521389
151.8003985	17.5900843
151.8837595	15.3392891
151.9671206	11.5340364
152.0504816	6.9286038
152.1338426	14.3393428
152.2172036	11.1135062
152.3005646	22.8585768
152.3839256	5.8780941
152.4672866	5.5353685
152.5506476	14.3608141
152.6340086	8.1451642
152.7173696	7.6325784
152.8007307	6.2104023
152.8840917	6.3380042
152.9674527	6.2820675
153.0508137	4.3923831
153.1341747	1.8414797
153.2175357	3.0012376
153.3008967	28.4103463
153.3842577	20.7637702
153.4676187	2.7477526
153.5509797	9.6446999
153.6343408	10.6344380
153.7177018	18.0597464
153.8010628	10.2474137
153.8844238	15.1048057
153.9677848	10.4318009
154.0511458	7.5965106
154.1345068	11.1588828
154.2178678	18.2595287
154.3012288	15.0969544
154.3845898	17.8565659
154.4679508	19.5211675
154.5513119	26.7789807
154.6346729	29.8056739
154.7180339	28.0622158
154.8013949	25.2148201
154.8847559	18.4926577
154.9681169	9.3320437
155.0514779	9.8825803
155.1348389	18.4561190
155.2181999	13.2739808
155.3015609	28.3720337
155.3849220	10.3515865
155.4682830	15.3679422
155.5516440	26.4120875
155.6350050	18.2164788
155.7183660	19.4184764
155.8017270	25.8633956
155.8850880	17.0159181
155.9684490	11.7886815
156.0518100	8.0129294
156.1351710	5.9793101
156.2185320	5.9910629
156.3018931	69.1726785
156.3852541	43.4703011
156.4686151	3.2175114
156.5519761	6.0969554
156.6353371	8.0991458
156.7186981	8.9928283
156.8020591	6.6172972
156.8854201	6.8100579
156.9687811	10.0455982
157.0521421	4.7689620
157.1355032	3.6357496
157.2188642	2.8279815
157.3022252	32.8134913
157.3855862	15.3180924
157.4689472	5.8389510
157.5523082	10.5343247
157.6356692	13.8083739
157.7190302	21.0644603
157.8023912	12.0501336
157.8857522	12.3379934
157.9691133	7.1564522
158.0524743	11.4722758
158.1358353	6.0058457
158.2191963	22.2289196
158.3025573	26.0462505
158.3859183	14.3667890
158.4692793	20.4800229
158.5526403	26.2463569
158.6360013	27.9469667
158.7193623	21.2299080
158.8027233	18.3882692
158.8860844	10.4602643
158.9694454	12.1145145
159.0528064	6.6933667
159.1361674	10.2095077
159.2195284	8.2654994
159.3028894	63.8558273
159.3862504	22.0613761
159.4696114	14.9632126
159.5529724	23.1156854
159.6363334	23.6766123
159.7196945	17.4133268
159.8030555	13.4424955
159.8864165	16.3762172
159.9697775	6.4512129
160.0531385	8.7720138
160.1364995	7.1544302
160.2198605	6.3221353
160.3032215	23.9460478
160.3865825	13.4808011
160.4699435	13.1180063
160.5533045	25.4757336
160.6366656	32.1678980
160.7200266	27.8599971
160.8033876	25.7738800
160.8867486	21.0393680
160.9701096	16.5753311
161.0534706	9.3115884
161.1368316	5.0904780
161.2201926	49.4866903
161.3035536	48.8899685
161.3869146	31.6480867
161.4702757	12.3759631
161.5536367	22.0717935
161.6369977	19.2506346
161.7203587	18.8086485
161.8037197	17.3842918
161.8870807	13.0560347
161.9704417	9.9520550
162.0538027	5.4712999
162.1371637	9.3842986
162.2205247	9.4952448
162.3038858	7.4022930
162.3872468	5.5954235
162.4706078	9.5715642
162.5539688	16.8110863
162.6373298	15.0684462
162.7206908	10.9654785
162.8040518	10.8990043
162.8874128	16.4628685
162.9707738	6.1297175
163.0541348	5.7315291
163.1374958	10.2655681
163.2208569	27.3675082
163.3042179	30.4597256
163.3875789	104.7545616
163.4709399	13.4646128
163.5543009	25.5092489
163.6376619	29.2205175
163.7210229	25.1094203
163.8043839	25.0084996
163.8877449	33.9857796
163.9711059	14.8881350
164.0544670	9.6856688
164.1378280	8.8621087
164.2211890	23.5486238
164.3045500	79.7334899
164.3879110	12.4083503
164.4712720	19.2781857
164.5546330	23.4427407
164.6379940	21.1716164
164.7213550	21.3890215
164.8047160	20.3896917
164.8880771	19.9158404
164.9714381	9.5630369
165.0547991	6.5697482
165.1381601	8.4223680
165.2215211	31.9396606
165.3048821	8.3782096
165.3882431	13.7193569
165.4716041	22.1290361
165.5549651	30.7530204
165.6383261	36.0994643
165.7216871	34.8346217
165.8050482	30.3838005
165.8884092	28.5039261
165.9717702	26.8208153
166.0551312	15.1479121
166.1384922	13.7946408
166.2218532	7.2758692
166.3052142	85.5969444
166.3885752	21.2793241
166.4719362	8.4188678
166.5552972	19.1597683
166.6386583	21.9351297
166.7220193	22.5644074
166.8053803	27.6803577
166.8887413	11.7099770
166.9721023	13.0319372
167.0554633	20.5126000
167.1388243	31.4990182
167.2221853	30.6377501
167.3055463	98.9030072
167.3889073	29.0347465
167.4722683	32.7217338
167.5556294	36.4958864
167.6389904	32.5304205
167.7223514	29.3727214
167.8057124	28.9407471
167.8890734	21.8543601
167.9724344	12.4107537
168.0557954	6.2092754
168.1391564	3.8896462
168.2225174	4.9324366
168.3058784	84.9027154
168.3892395	28.0907805
168.4726005	19.1592331
168.5559615	29.6113950
168.6393225	34.9491918
168.7226835	38.8463800
168.8060445	33.2141780
168.8894055	28.9187006
168.9727665	23.5157968
169.0561275	14.4415189
169.1394885	6.2855500
169.2228496	4.2006912
169.3062106	34.3141951
169.3895716	8.3940614
169.4729326	4.1010166
169.5562936	11.3235373
169.6396546	9.3903030
169.7230156	14.4956332
169.8063766	12.7349719
169.8897376	11.9102779
169.9730986	10.5922192
170.0564596	15.0858015
170.1398207	20.6589621
170.2231817	26.0081311
170.3065427	117.7499460
170.3899037	30.6202511
170.4732647	12.9110799
170.5566257	19.7527831
170.6399867	24.2600596
170.7233477	20.8090066
170.8067087	16.0657521
170.8900697	10.4116604
170.9734308	7.9458358
171.0567918	5.4987885
171.1401528	6.1101375
171.2235138	3.3193760
171.3068748	49.8923346
171.3902358	2.9156727
171.4735968	5.4841331
171.5569578	11.8477193
171.6403188	13.4378573
171.7236798	10.3579739
171.8070409	10.6730477
171.8904019	6.3045820
171.9737629	4.7443474
172.0571239	5.1571538
172.1404849	2.3386059
172.2238459	9.8308558
172.3072069	8.3472161
172.3905679	4.4225600
172.4739289	12.2336120
172.5572899	16.0369446
172.6406509	18.0187522
172.7240120	16.7700921
172.8073730	13.5532608
172.8907340	6.4036015
172.9740950	7.4783142
173.0574560	4.1158686
173.1408170	3.1886717
173.2241780	13.6429956
173.3075390	21.1112077
173.3909000	5.4657105
173.4742610	23.1090469
173.5576221	26.7217121
173.6409831	27.7237270
173.7243441	31.5375996
173.8077051	38.4189084
173.8910661	28.1593128
173.9744271	24.3246078
174.0577881	32.1128831
174.1411491	38.3404750
174.2245101	42.4883596
174.3078711	46.0075818
174.3912321	41.4176427
174.4745932	39.1582064
174.5579542	50.8831824
174.6413152	47.3382503
174.7246762	42.7096073
174.8080372	40.6287071
174.8913982	34.8685967
174.9747592	29.8642249
175.0581202	26.5891927
175.1414812	11.9181375
175.2248422	6.6170720
175.3082033	5.7251801
175.3915643	5.9024962
175.4749253	7.4095986
175.5582863	11.7630659
175.6416473	4.2224536
175.7250083	3.4368086
175.8083693	2.8554226
175.8917303	6.7885560
175.9750913	7.8313481
176.0584523	4.3319073
176.1418134	4.0088890
176.2251744	3.7715715
176.3085354	137.3965183
176.3918964	14.4554299
176.4752574	24.2137459
176.5586184	32.8453470
176.6419794	42.9148057
176.7253404	35.6453398
176.8087014	40.6286930
176.8920624	26.9388815
176.9754234	23.2253002
177.0587845	19.3770625
177.1421455	16.1950031
177.2255065	11.6780211
177.3088675	47.9321433
177.3922285	36.1972143
177.4755895	11.4982910
177.5589505	18.2267937
177.6423115	21.6092955
177.7256725	23.0034255
177.8090335	25.0023609
177.8923946	16.6859785
177.9757556	10.9708664
178.0591166	11.1535610
178.1424776	17.5023497
178.2258386	22.4745853
178.3091996	47.5406623
178.3925606	16.4823608
178.4759216	14.5312266
178.5592826	23.2254228
178.6426436	21.3889484
178.7260046	19.6491301
178.8093657	8.4801057
178.8927267	5.7823084
178.9760877	3.9154737
179.0594487	3.0307176
179.1428097	4.2685999
179.2261707	9.2341764
179.3095317	7.4434811
179.3928927	6.7576503
179.4762537	0.4875285
179.5596147	8.0216978
179.6429758	8.6237126
179.7263368	8.8837515
179.8096978	6.4646602
179.8930588	8.6312870
179.9764198	4.9115818
180.0597808	6.9985099
180.1431418	8.6663947
180.2265028	22.4307280
180.3098638	17.0815944
180.3932248	5.6540611
180.4765859	14.0738183
180.5599469	19.9034310
180.6433079	20.8441485
180.7266689	24.1172877
180.8100299	18.6184491
180.8933909	10.5609823
180.9767519	5.7383509
181.0601129	6.0626315
181.1434739	5.2832316
181.2268349	13.0989207
181.3101959	10.4003766
181.3935570	1.0886116
181.4769180	1.1676241
181.5602790	3.1624214
181.6436400	2.8632150
181.7270010	6.6493332
181.8103620	11.9517624
181.8937230	8.6449240
181.9770840	3.5080646
182.0604450	7.3287394
182.1438060	10.5386305
182.2271671	64.8035109
182.3105281	17.4779010
182.3938891	21.5638022
182.4772501	24.7438756
182.5606111	23.5601515
182.6439721	20.8392451
182.7273331	20.5613206
182.8106941	14.7344130
182.8940551	11.0086722
182.9774161	5.5472787
183.0607772	3.9398428
183.1441382	2.8129777
183.2274992	2.6880541
183.3108602	52.3101795
183.3942212	21.2783363
183.4775822	9.0096307
183.5609432	13.9220199
183.6443042	24.1909756
183.7276652	21.1291028
183.8110262	19.7298973
183.8943872	18.6170653
183.9777483	11.4232357
184.0611093	8.6043400
184.1444703	8.0979200
184.2278313	17.5857313
184.3111923	30.9423110
184.3945533	16.3497753
184.4779143	23.4616707
184.5612753	31.6197647
184.6446363	32.1125295
184.7279973	24.1440608
184.8113584	24.9547011
184.8947194	22.9501315
184.9780804	14.2405709
185.0614414	22.1552812
185.1448024	12.2494892
185.2281634	27.0549203
185.3115244	25.1551777
185.3948854	20.6666779
185.4782464	23.9691127
185.5616074	32.1102570
185.6449684	24.6230442
185.7283295	25.6775963
185.8116905	30.4005192
185.8950515	24.4850249
185.9784125	24.4714815
186.0617735	23.5806233
186.1451345	25.3620687
186.2284955	20.7226971
186.3118565	116.1663415
186.3952175	15.3634655
186.4785785	23.3621361
186.5619396	27.1508693
186.6453006	24.1904877
186.7286616	24.9923301
186.8120226	21.9421548
186.8953836	16.9528692
186.9787446	5.3942998
187.0621056	4.2459738
187.1454666	3.5641556
187.2288276	24.0243704
187.3121886	29.7929957
187.3955497	4.0013556
187.4789107	10.0688199
187.5622717	15.6857730
187.6456327	21.2793005
187.7289937	19.4844296
187.8123547	21.7876595
187.8957157	13.1239682
187.9790767	9.5964390
188.0624377	5.7310465
188.1457987	4.5551048
188.2291597	13.3156091
188.3125208	45.9332527
188.3958818	10.6139722
188.4792428	8.5691380
188.5626038	12.1716569
188.6459648	19.3441295
188.7293258	12.6648755
188.8126868	12.7705888
188.8960478	13.9527688
188.9794088	7.8195080
189.0627698	9.2971534
189.1461309	13.1518551
189.2294919	22.1447270
189.3128529	56.4777791
189.3962139	21.1419201
189.4795749	30.2948695
189.5629359	30.0433621
189.6462969	30.7260446
189.7296579	29.8087032
189.8130189	31.6426835
189.8963799	26.5573158
189.9797409	21.1949029
190.0631020	9.2770683
190.1464630	5.6936644
190.2298240	44.7530199
190.3131850	14.8314534
190.3965460	25.5316325
190.4799070	29.3521388
190.5632680	35.3421438
190.6466290	31.4291964
190.7299900	32.1097949
190.8133510	30.0174165
190.8967121	20.7558965
190.9800731	6.6778154
191.0634341	5.5078091
191.1467951	3.6598600
191.2301561	5.4997763
191.3135171	4.6752968
191.3968781	5.9016110
191.4802391	5.9732427
191.5636001	5.6503741
191.6469611	3.9753923
191.7303222	2.7174107
191.8136832	10.7135468
191.8970442	9.1191790
191.9804052	4.5552863
192.0637662	6.1232936
192.1471272	10.6552198
192.2304882	35.0679322
192.3138492	22.1379306
192.3972102	23.2254323
192.4805712	24.7607334
192.5639322	23.6693303
192.6472933	17.8564622
192.7306543	11.2047191
192.8140153	6.3409869
192.8973763	9.8234518
192.9807373	4.7392471
193.0640983	2.6865006
193.1474593	4.0857488
193.2308203	52.1102381
193.3141813	45.0625809
193.3975423	3.5027966
193.4809034	7.8279605
193.5642644	16.9906220
193.6476254	22.1550218
193.7309864	11.9452041
193.8143474	13.1431622
193.8977084	14.8281365
193.9810694	9.2649919
194.0644304	7.5461021
194.1477914	31.1862016
194.2311524	22.1061480
194.3145135	129.6285968
194.3978745	20.3423336
194.4812355	27.5361243
194.5645965	31.1379761
194.6479575	41.7337526
194.7313185	27.9675469
194.8146795	29.3155212
194.8980405	21.4099034
194.9814015	16.6897799
195.0647625	10.8352599
195.1481235	6.8466337
195.2314846	6.9365636
195.3148456	16.5729289
195.3982066	10.9497994
195.4815676	16.0378345
195.5649286	22.2919662
195.6482896	21.7723529
195.7316506	15.2844970
195.8150116	12.4698316
195.8983726	9.1403862
195.9817336	4.3140785
196.0650947	4.4133160
196.1484557	3.1031125
196.2318167	4.4201893
196.3151777	3.4822583
196.3985387	1.7942706
196.4818997	4.5353927
196.5652607	3.9484232
196.6486217	5.3968500
196.7319827	11.7888807
196.8153437	2.6608682
196.8987047	4.5748207
196.9820658	5.5716396
197.0654268	5.6889219
197.1487878	4.7661944
197.2321488	7.0879494
197.3155098	62.3043778
197.3988708	52.5724602
197.4822318	10.5616412
197.5655928	14.6898414
197.6489538	18.3514193
197.7323148	14.5586338
197.8156759	14.0933294
197.8990369	10.6998821
197.9823979	5.7674596
198.0657589	7.6786498
198.1491199	3.5273511
198.2324809	7.5469879
198.3158419	27.4050405
198.3992029	18.0713001
198.4825639	30.3764171
198.5659249	36.5418370
198.6492860	36.5580560
198.7326470	31.5617135
198.8160080	30.5586637
198.8993690	30.8736845
198.9827300	22.0804499
199.0660910	4.7670625
199.1494520	18.8813110
199.2328130	6.6469163
199.3161740	32.1023879
199.3995350	11.6394421
199.4828960	7.7018868
199.5662571	12.0961668
199.6496181	13.0477437
199.7329791	13.0699858
199.8163401	10.8431007
199.8997011	8.7067253
199.9830621	9.1382734
200.0664231	4.2443398
200.1497841	4.7432653
200.2331451	3.2832737
200.3165061	17.7722979
200.3998672	5.8112892
200.4832282	5.3535084
200.5665892	7.2506426
200.6499502	11.3061420
200.7333112	11.9842216
200.8166722	9.7734635
200.9000332	9.9044471
200.9833942	11.0352803
201.0667552	5.5727116
201.1501162	7.3353973
201.2334773	18.5487794
201.3168383	20.5834944
201.4001993	21.1201423
201.4835603	19.8507971
201.5669213	25.3659325
201.6502823	22.0131270
201.7336433	19.6110980
201.8170043	11.4216692
201.9003653	6.3701310
201.9837263	8.0862213
202.0670873	5.7117847
202.1504484	4.0037316
202.2338094	4.4221716
202.3171704	24.7654765
202.4005314	3.8433590
202.4838924	5.9956711
202.5672534	12.8382430
202.6506144	15.3550307
202.7339754	11.0288681
202.8173364	9.5346000
202.9006974	7.8546747
202.9840585	9.5871249
203.0674195	6.5376562
203.1507805	12.9630596
203.2341415	19.1983308
203.3175025	79.3525984
203.4008635	27.1127287
203.4842245	27.8816570
203.5675855	39.3110868
203.6509465	34.9387980
203.7343075	31.6775472
203.8176685	34.1706382
203.9010296	33.1474915
203.9843906	20.8653322
204.0677516	14.2426124
204.1511126	20.2721606
204.2344736	23.0273579
204.3178346	103.2127209
204.4011956	27.7487886
204.4845566	22.5735211
204.5679176	30.4297464
204.6512786	33.7536642
204.7346397	30.1916857
204.8180007	26.9739668
204.9013617	25.5195932
204.9847227	11.0618165
205.0680837	7.5310058
205.1514447	3.6305927
205.2348057	7.2671609
205.3181667	7.3120466
205.4015277	9.5145833
205.4848887	16.1195954
205.5682498	21.2035546
205.6516108	22.4953753
205.7349718	22.4063760
205.8183328	18.4192680
205.9016938	16.2873581
205.9850548	6.0263151
206.0684158	6.5509084
206.1517768	18.2536611
206.2351378	7.1147885
206.3184988	16.5392828
206.4018598	16.2259900
206.4852209	23.2159838
206.5685819	23.4049938
206.6519429	22.1182981
206.7353039	15.8167047
206.8186649	12.0061432
206.9020259	7.5568212
206.9853869	7.1605700
207.0687479	3.2861277
207.1521089	12.2028360
207.2354699	27.4721772
207.3188310	11.4427893
207.4021920	3.3930686
207.4855530	6.5503090
207.5689140	12.5710187
207.6522750	10.3844476
207.7356360	19.4850626
207.8189970	16.5412948
207.9023580	14.5409203
207.9857190	15.5843254
208.0690800	14.5160331
208.1524410	14.5966306
208.2358021	27.6898581
208.3191631	50.9276055
208.4025241	10.3709915
208.4858851	13.8114020
208.5692461	16.9368400
208.6526071	18.4961042
208.7359681	11.0879507
208.8193291	13.3331600
208.9026901	9.8894563
208.9860511	10.8434448
209.0694122	5.0893724
209.1527732	13.9097979
209.2361342	21.3389571
209.3194952	24.4934149
209.4028562	29.9092962
209.4862172	31.4437676
209.5695782	41.4597414
209.6529392	35.8736691
209.7363002	31.9149479
209.8196612	30.6586014
209.9030223	23.7972080
209.9863833	16.6642809
210.0697443	6.1479592
210.1531053	15.1107747
210.2364663	9.1183421
210.3198273	14.4888840
210.4031883	28.1865998
210.4865493	29.8077201
210.5699103	33.9429077
210.6532713	27.6640515
210.7366323	26.5590838
210.8199934	21.4208653
210.9033544	11.7975453
210.9867154	9.4746287
211.0700764	3.8065310
211.1534374	3.5317262
211.2367984	8.8950158
211.3201594	2.8547882
211.4035204	5.4138062
211.4868814	8.5079485
211.5702424	5.5367988
211.6536035	8.0463051
211.7369645	14.6252095
211.8203255	9.6645228
211.9036865	6.3789247
211.9870475	9.8670102
212.0704085	3.8624420
212.1537695	5.6511880
212.2371305	8.8186115
212.3204915	15.8203257
212.4038525	8.2258985
212.4872136	14.5743837
212.5705746	28.8726439
212.6539356	22.0755370
212.7372966	24.9843149
212.8206576	16.1168148
212.9040186	8.7817475
212.9873796	8.7816426
213.0707406	7.8282582
213.1541016	7.2938680
213.2374626	7.4652765
213.3208236	8.3455612
213.4041847	21.5192684
213.4875457	18.4402572
213.5709067	30.6892431
213.6542677	27.0778815
213.7376287	28.2564404
213.8209897	21.1968854
213.9043507	16.1057362
213.9877117	10.2691172
214.0710727	6.6471049
214.1544337	7.1997738
214.2377948	12.6427759
214.3211558	68.5748063
214.4045168	14.3683413
214.4878778	20.1935622
214.5712388	24.1174127
214.6545998	24.9369640
214.7379608	27.0497811
214.8213218	21.7177717
214.9046828	16.0316451
214.9880438	12.1226145
215.0714048	8.0188937
215.1547659	9.9830514
215.2381269	14.5872870
215.3214879	22.3000827
215.4048489	23.7615781
215.4882099	24.4679784
215.5715709	25.4055535
215.6549319	25.3756474
215.7382929	24.7845103
215.8216539	19.0416585
215.9050149	11.0546900
215.9883760	6.6003574
216.0717370	7.4867001
216.1550980	2.9135749
216.2384590	36.8842886
216.3218200	2.9633537
216.4051810	6.9345816
216.4885420	15.0531926
216.5719030	19.3117670
216.6552640	20.3067768
216.7386250	17.4432577
216.8219861	13.2450247
216.9053471	11.7160002
216.9887081	5.9957000
217.0720691	5.9383742
217.1554301	3.1354933
217.2387911	8.5854477
217.3221521	34.7344766
217.4055131	11.9482558
217.4888741	12.4977822
217.5722351	22.5497395
217.6555961	24.6940140
217.7389572	23.8150111
217.8223182	20.2575800
217.9056792	8.3091758
217.9890402	4.6918146
218.0724012	4.3636295
218.1557622	3.8582037
218.2391232	6.4722852
218.3224842	5.4466833
218.4058452	6.7705518
218.4892062	4.9190745
218.5725673	10.5232331
218.6559283	16.9716802
218.7392893	16.6906108
218.8226503	21.4886244
218.9060113	10.3543128
218.9893723	7.3615180
219.0727333	9.0833021
219.1560943	10.5659081
219.2394553	17.8917962
219.3228163	48.0268357
219.4061773	23.1839088
219.4895384	25.6437156
219.5728994	40.0721791
219.6562604	31.5639531
219.7396214	28.4530909
219.8229824	29.9559234
219.9063434	24.9397269
219.9897044	15.9489519
220.0730654	7.0263668
220.1564264	6.2725407
220.2397874	6.0954331
220.3231485	3.5966254
220.4065095	6.4324839
220.4898705	3.6449732
220.5732315	7.1845508
220.6565925	8.0838739
220.7399535	7.2598453
220.8233145	6.7090617
220.9066755	6.1506855
220.9900365	14.4531845
221.0733975	4.6349674
221.1567586	14.2632044
221.2401196	19.8542955
221.3234806	31.3202110
221.4068416	30.6001164
221.4902026	35.5391974
221.5735636	35.9564543
221.6569246	31.9898428
221.7402856	28.4850715
221.8236466	26.7508898
221.9070076	14.8157094
221.9903686	11.2069386
222.0737297	7.3555573
222.1570907	5.1041940
222.2404517	19.0420156
222.3238127	27.5473362
222.4071737	18.0785739
222.4905347	29.2649076
222.5738957	26.5866938
222.6572567	25.9651249
222.7406177	27.5243325
222.8239787	28.4354080
222.9073398	20.7426761
222.9907008	16.1756416
223.0740618	18.1961132
223.1574228	28.8638461
223.2407838	36.4057083
223.3241448	35.2399949
223.4075058	38.6988462
223.4908668	37.5347641
223.5742278	33.8615558
223.6575888	31.1214648
223.7409499	23.2829814
223.8243109	27.0180245
223.9076719	17.7200294
223.9910329	10.1216553
224.0743939	12.3299205
224.1577549	10.9909492
224.2411159	9.5786966
224.3244769	15.4146873
224.4078379	23.0504016
224.4911989	18.5976473
224.5745599	26.2572646
224.6579210	21.3310999
224.7412820	20.0045521
224.8246430	17.5641763
224.9080040	9.4313879
224.9913650	11.4023974
225.0747260	6.5241942
225.1580870	6.9353878
225.2414480	27.6226625
225.3248090	20.7065465
225.4081700	11.8180324
225.4915311	15.4528502
225.5748921	22.7276651
225.6582531	18.9507343
225.7416141	18.3304490
225.8249751	9.2887039
225.9083361	6.6273486
225.9916971	5.8643409
226.0750581	4.0969365
226.1584191	4.6176702
226.2417801	3.0815074
226.3251411	1.5418019
226.4085022	5.5168498
226.4918632	3.9704688
226.5752242	7.6927424
226.6585852	6.9951016
226.7419462	5.0203686
226.8253072	4.2120462
226.9086682	8.5373365
226.9920292	3.1693967
227.0753902	4.1751578
227.1587512	2.7177225
227.2421123	21.9263648
227.3254733	5.0595547
227.4088343	5.8203157
227.4921953	12.3748657
227.5755563	14.8630863
227.6589173	12.3078374
227.7422783	8.8744939
227.8256393	6.3665506
227.9090003	8.5862669
227.9923613	8.3079157
228.0757224	6.5575044
228.1590834	6.4902051
228.2424444	12.3739263
228.3258054	19.2511427
228.4091664	29.0743581
228.4925274	36.1874829
228.5758884	39.2373093
228.6592494	35.8269594
228.7426104	31.5196007
228.8259714	31.3745375
228.9093324	30.3869429
228.9926935	37.4625684
229.0760545	16.8021670
229.1594155	24.3098080
229.2427765	28.7666029
229.3261375	32.2638257
229.4094985	31.7978317
229.4928595	28.2285452
229.5762205	26.5567359
229.6595815	17.9432361
229.7429425	16.7352791
229.8263036	10.5101553
229.9096646	8.5195027
229.9930256	8.0620172
230.0763866	7.4677995
230.1597476	14.3446128
230.2431086	37.0822002
230.3264696	77.6675734
230.4098306	4.5625109
230.4931916	8.7404846
230.5765526	15.8434401
230.6599136	17.9466438
230.7432747	12.4454902
230.8266357	10.5461825
230.9099967	6.6678660
230.9933577	8.7395770
231.0767187	4.6710036
231.1600797	4.3201644
231.2434407	2.7999849
231.3268017	5.7861822
231.4101627	9.3419961
231.4935237	9.3209668
231.5768848	16.1773897
231.6602458	13.0835115
231.7436068	10.7914981
231.8269678	11.4184455
231.9103288	7.2238759
231.9936898	5.9395806
232.0770508	4.5988203
232.1604118	3.8389410
232.2437728	16.9982670
232.3271338	8.0337130
232.4104949	6.7406864
232.4938559	17.0066983
232.5772169	21.3818431
232.6605779	25.1711892
232.7439389	24.7052140
232.8272999	28.3862371
232.9106609	21.5654948
232.9940219	8.5000105
233.0773829	8.2787174
233.1607439	7.1019183
233.2441049	10.2282067
233.3274660	12.8478011
233.4108270	16.0520697
233.4941880	17.1334869
233.5775490	19.4499301
233.6609100	12.9465589
233.7442710	8.5317459
233.8276320	4.7734240
233.9109930	4.1607569
233.9943540	6.1372536
234.0777150	2.4477315
234.1610761	3.2317970
234.2444371	4.4158829
234.3277981	7.5134525
234.4111591	3.5611125
234.4945201	12.2608319
234.5778811	16.1395697
234.6612421	11.9642390
234.7446031	10.8570082
234.8279641	7.8836791
234.9113251	7.2642914
234.9946862	7.8769882
235.0780472	7.4892808
235.1614082	7.1740532
235.2447692	15.9855083
235.3281302	14.0381341
235.4114912	13.2960721
235.4948522	20.0390905
235.5782132	24.3296644
235.6615742	21.2633691
235.7449352	18.2779860
235.8282962	14.7152849
235.9116573	7.9902229
235.9950183	11.6581800
236.0783793	3.8095158
236.1617403	12.1696119
236.2451013	5.7350706
236.3284623	14.9213568
236.4118233	25.8014027
236.4951843	29.9952050
236.5785453	33.4814399
236.6619063	30.9439447
236.7452674	31.3911832
236.8286284	26.7721183
236.9119894	27.1784227
236.9953504	16.4216940
237.0787114	6.3256761
237.1620724	4.0436479
237.2454334	5.4369548
237.3287944	6.6215776
237.4121554	4.9351547
237.4955164	8.0021761
237.5788774	10.0583659
237.6622385	9.0029704
237.7455995	6.3506953
237.8289605	7.4377620
237.9123215	4.5555368
237.9956825	2.9918825
238.0790435	3.3486833
238.1624045	1.4224282
238.2457655	3.2530944
238.3291265	3.0731468
238.4124875	5.5323309
238.4958486	5.8947215
238.5792096	4.0534788
238.6625706	3.5795085
238.7459316	3.3843716
238.8292926	4.4519652
238.9126536	5.7492840
238.9960146	6.4385548
239.0793756	2.2495641
239.1627366	8.4837744
239.2460976	7.9271409
239.3294587	10.3179710
239.4128197	16.1474942
239.4961807	23.9151728
239.5795417	22.7603671
239.6629027	25.9441604
239.7462637	20.5328077
239.8296247	14.8842052
239.9129857	13.7936330
239.9963467	7.5872012
240.0797077	4.5044971
240.1630687	3.5147275
240.2464298	5.6190324
240.3297908	11.3907388
240.4131518	12.3715665
240.4965128	25.7012387
240.5798738	35.6458325
240.6632348	39.7895162
240.7465958	33.5235173
240.8299568	38.7443183
240.9133178	27.6485068
240.9966788	26.5945275
241.0800399	12.1880115
241.1634009	5.3298848
241.2467619	9.8271812
241.3301229	8.1554420
241.4134839	13.5123385
241.4968449	22.1137224
241.5802059	26.7684054
241.6635669	20.8215339
241.7469279	19.3469207
241.8302889	14.8076341
241.9136500	8.8135997
241.9970110	9.2890357
242.0803720	8.2521223
242.1637330	6.5187893
242.2470940	19.0715905
242.3304550	7.8043187
242.4138160	13.1342264
242.4971770	15.1910186
242.5805380	20.1393653
242.6638990	21.8255643
242.7472600	18.0472533
242.8306211	13.6120841
242.9139821	10.7209632
242.9973431	9.9703025
243.0807041	7.6524189
243.1640651	4.7588561
243.2474261	13.3931196
243.3307871	17.9675104
243.4141481	30.0635439
243.4975091	29.0742473
243.5808701	25.9291272
243.6642312	26.2484903
243.7475922	24.4525020
243.8309532	25.3607486
243.9143142	13.7782910
243.9976752	8.3847095
244.0810362	10.9728443
244.1643972	18.8221022
244.2477582	25.3515617
244.3311192	27.3746936
244.4144802	24.3105223
244.4978412	24.6637001
244.5812023	26.7704186
244.6645633	24.5853209
244.7479243	21.1709068
244.8312853	17.0223916
244.9146463	14.9899303
244.9980073	7.8263993
245.0813683	14.0861640
245.1647293	25.7170334
245.2480903	34.3144002
245.3314513	41.6742421
245.4148124	33.9953082
245.4981734	42.9900967
245.5815344	40.0233901
245.6648954	41.0000652
245.7482564	37.6531391
245.8316174	42.0210596
245.9149784	35.9732744
245.9983394	28.7033347
246.0817004	16.0791305
246.1650614	17.3441133
246.2484225	23.0517618
246.3317835	23.3710966
246.4151445	32.6467752
246.4985055	30.2813498
246.5818665	31.9615987
246.6652275	31.6789310
246.7485885	29.2889437
246.8319495	30.7669645
246.9153105	26.8709692
246.9986715	23.7714768
247.0820325	14.0878130
247.1653936	7.0092125
247.2487546	9.1634205
247.3321156	13.5894824
247.4154766	17.0043315
247.4988376	18.5958946
247.5821986	18.4697460
247.6655596	16.9549237
247.7489206	15.6034935
247.8322816	9.8030767
247.9156426	7.7310409
247.9990037	3.2658407
248.0823647	7.5661283
248.1657257	4.0440130
248.2490867	11.3513842
248.3324477	11.9141393
248.4158087	22.9989064
248.4991697	29.4683356
248.5825307	26.2030937
248.6658917	28.1555150
248.7492527	25.1147834
248.8326137	16.9176106
248.9159748	18.3796882
248.9993358	9.0930100
249.0826968	8.3396600
249.1660578	13.7542713
249.2494188	17.5571124
249.3327798	34.4564412
249.4161408	44.9906233
249.4995018	46.5661890
249.5828628	43.7353825
249.6662238	46.7014619
249.7495849	40.0286472
249.8329459	41.7941353
249.9163069	41.5062955
249.9996679	34.4046914
