# time(yr)	T(C)
0.0000000	-4.5642395
0.0833610	-7.2675476
0.1667220	-9.9375610
0.2500830	-2.1988525
0.3334440	7.2989197
0.4168050	22.1797791
0.5001661	25.4408875
0.5835271	30.6312561
0.6668881	26.6282043
0.7502491	23.1373901
0.8336101	13.7103271
0.9169711	3.2482300
1.0003321	-1.3452148
1.0836931	-4.9751587
1.1670541	-3.8260803
1.2504151	-0.6188354
1.3337762	13.3396606
1.4171372	17.0239563
1.5004982	27.1177979
1.5838592	29.3754272
1.6672202	31.8168030
1.7505812	25.0290833
1.8339422	14.9352112
1.9173032	5.5166016
2.0006642	-0.4594421
2.0840252	-4.7295837
2.1673863	-2.6968079
2.2507473	0.1655579
2.3341083	14.1023865
2.4174693	22.1039124
2.5008303	28.7997742
2.5841913	28.5665283
2.6675523	31.3560486
2.7509133	24.5859680
2.8342743	14.4318848
2.9176353	8.1170959
3.0009963	-1.0874634
3.0843574	-2.1734619
3.1677184	-2.5844421
3.2510794	-5.8078003
3.3344404	12.7873840
3.4178014	19.8238525
3.5011624	25.4338989
3.5845234	29.0960388
3.6678844	32.1367493
3.7512454	23.7668457
3.8346064	13.8335876
3.9179675	4.3154602
4.0013285	-2.3790588
4.0846895	-6.3613281
4.1680505	-2.3421936
4.2514115	1.7847595
4.3347725	15.6561890
4.4181335	19.8526917
4.5014945	21.8327332
4.5848555	31.0880127
4.6682165	28.5095825
4.7515775	22.5615540
4.8349386	14.2603149
4.9182996	0.2823181
5.0016606	-6.9103699
5.0850216	-11.4939270
5.1683826	-9.3781738
5.2517436	-3.8674622
5.3351046	7.1427002
5.4184656	21.0077209
5.5018266	28.9800720
5.5851876	33.4429016
5.6685487	31.4970093
5.7519097	22.6791382
5.8352707	12.9317627
5.9186317	4.7315979
6.0019927	-2.0458679
6.0853537	-6.1396790
6.1687147	-4.5151367
6.2520757	3.2306213
6.3354367	14.9204407
6.4187977	18.8572083
6.5021588	29.9977112
6.5855198	30.1791382
6.6688808	30.4066467
6.7522418	25.1063232
6.8356028	14.4627380
6.9189638	5.1567383
7.0023248	-2.3609619
7.0856858	-6.6004639
7.1690468	-11.1765137
7.2524078	1.2598877
7.3357688	12.0967407
7.4191299	17.0131226
7.5024909	27.0374451
7.5858519	29.8777466
7.6692129	30.3306885
7.7525739	21.8523560
7.8359349	13.7160034
7.9192959	5.5491943
8.0026569	-1.3657532
8.0860179	-7.5367126
8.1693789	-6.8140869
8.2527400	1.2711487
8.3361010	13.0394897
8.4194620	21.9462891
8.5028230	27.2554321
8.5861840	32.0339355
8.6695450	30.4807739
8.7529060	23.7723999
8.8362670	11.1741028
8.9196280	4.7024536
9.0029890	-9.7415466
9.0863500	-14.8756409
9.1697111	-12.6211548
9.2530721	-4.4427795
9.3364331	8.3137817
9.4197941	21.7721252
9.5031551	27.4778442
9.5865161	32.6389160
9.6698771	32.8635864
9.7532381	21.5929871
9.8365991	15.0636902
9.9199601	5.5462646
10.0033212	-2.1256714
10.0866822	-6.7493286
10.1700432	-7.0150452
10.2534042	-1.6092224
10.3367652	13.1387329
10.4201262	21.1001282
10.5034872	25.7712097
10.5868482	33.8443604
10.6702092	31.5651245
10.7535702	24.3987427
10.8369313	15.7559204
10.9202923	6.2181702
11.0036533	-0.9665833
11.0870143	-3.2419128
11.1703753	-9.5408020
11.2537363	0.1546021
11.3370973	9.9419861
11.4204583	17.8551636
11.5038193	24.1762085
11.5871803	28.9283142
11.6705413	25.9075012
11.7539024	22.0341492
11.8372634	13.5684204
11.9206244	2.0208435
12.0039854	-5.6698303
12.0873464	-11.7312622
12.1707074	-12.1973877
12.2540684	-2.5551758
12.3374294	13.4815063
12.4207904	21.1888733
12.5041514	23.1474304
12.5875125	30.3028564
12.6708735	27.8224182
12.7542345	23.9147644
12.8375955	16.1762085
12.9209565	2.8963623
13.0043175	-2.7389526
13.0876785	-9.7973633
13.1710395	-15.2828369
13.2544005	-0.3638611
13.3377615	9.5665588
13.4211226	23.9830322
13.5044836	27.2861633
13.5878446	33.3251343
13.6712056	29.1145630
13.7545666	20.0953064
13.8379276	14.8524475
13.9212886	7.6512756
14.0046496	-1.5397339
14.0880106	-9.1886292
14.1713716	-11.3885193
14.2547326	-1.7725525
14.3380937	13.3132629
14.4214547	24.3541260
14.5048157	27.7500305
14.5881767	30.4442444
14.6715377	32.1218567
14.7548987	25.4310303
14.8382597	13.0623779
14.9216207	5.6205750
15.0049817	-5.7402649
15.0883427	-11.1921997
15.1717038	-10.6752319
15.2550648	-6.7490540
15.3384258	10.7676086
15.4217868	17.5559387
15.5051478	24.7723999
15.5885088	32.9560547
15.6718698	30.2737427
15.7552308	22.0331116
15.8385918	13.9576721
15.9219528	4.1380310
16.0053138	-5.5951843
16.0886749	-10.1220093
16.1720359	-7.9222717
16.2553969	-7.7411499
16.3387579	8.4480896
16.4221189	20.2148132
16.5054799	24.3632202
16.5888409	30.1270142
16.6722019	30.0573120
16.7555629	26.2785034
16.8389239	12.8595581
16.9222850	6.4828186
17.0056460	-1.5699158
17.0890070	-6.7812195
17.1723680	-4.4651794
17.2557290	-1.7310181
17.3390900	7.9097900
17.4224510	22.5350342
17.5058120	27.6295166
17.5891730	27.3957520
17.6725340	29.9597473
17.7558951	21.2085876
17.8392561	14.7869873
17.9226171	4.9348145
18.0059781	-0.4995422
18.0893391	-4.1231384
18.1727001	-7.4250488
18.2560611	1.0683594
18.3394221	14.9682617
18.4227831	21.2472534
18.5061441	23.4137878
18.5895051	28.6950378
18.6728662	30.3378601
18.7562272	22.4314575
18.8395882	16.7534790
18.9229492	7.2816772
19.0063102	-0.0715332
19.0896712	-7.9581604
19.1730322	-6.0769653
19.2563932	-0.7244568
19.3397542	14.9300842
19.4231152	23.4257507
19.5064763	29.7219849
19.5898373	33.1155396
19.6731983	34.0028381
19.7565593	22.9135132
19.8399203	14.8692017
19.9232813	4.7679138
20.0066423	-7.7534485
20.0900033	-8.5212708
20.1733643	-16.4612122
20.2567253	3.3875122
20.3400864	16.4851685
20.4234474	20.7417908
20.5068084	27.9043884
20.5901694	29.6973267
20.6735304	29.0180359
20.7568914	25.2319641
20.8402524	15.4996033
20.9236134	10.3840942
21.0069744	1.9950867
21.0903354	-3.4711914
21.1736964	-6.1076965
21.2570575	7.9989014
21.3404185	12.8360596
21.4237795	22.4733582
21.5071405	26.5640869
21.5905015	31.9629517
21.6738625	28.7201538
21.7572235	24.4875793
21.8405845	16.7113342
21.9239455	5.6156921
22.0073065	-8.1956482
22.0906676	-14.0078125
22.1740286	-12.0526428
22.2573896	-0.9692688
22.3407506	14.9052124
22.4241116	22.1382141
22.5074726	27.0154419
22.5908336	32.1296082
22.6741946	31.7650452
22.7575556	22.0166321
22.8409166	12.5649109
22.9242776	2.8870544
23.0076387	-7.3594055
23.0909997	-12.5334778
23.1743607	-12.9350891
23.2577217	-4.9719238
23.3410827	13.3688049
23.4244437	21.9594116
23.5078047	26.1976929
23.5911657	31.7294617
23.6745267	29.8354492
23.7578877	24.3640747
23.8412488	12.7699280
23.9246098	1.7571106
24.0079708	-5.2627869
24.0913318	-9.2425842
24.1746928	-10.9994812
24.2580538	-9.9515686
24.3414148	7.5071411
24.4247758	17.4043579
24.5081368	22.8487549
24.5914978	28.2369080
24.6748589	29.3038635
24.7582199	23.8440857
24.8415809	16.3107605
24.9249419	6.7799377
25.0083029	-4.9003906
25.0916639	-6.6556091
25.1750249	-12.0581665
25.2583859	-2.9392395
25.3417469	3.6361084
25.4251079	21.7347412
25.5084689	21.3183899
25.5918300	28.0415649
25.6751910	30.4695740
25.7585520	25.0186768
25.8419130	16.0690308
25.9252740	5.3077087
26.0086350	0.3756104
26.0919960	-6.8726501
26.1753570	-11.4827576
26.2587180	-3.7113037
26.3420790	6.5294189
26.4254401	20.8356323
26.5088011	24.5371704
26.5921621	29.0384521
26.6755231	29.4048462
26.7588841	22.5775146
26.8422451	12.9848938
26.9256061	4.8357544
27.0089671	-4.0709534
27.0923281	-9.2537537
27.1756891	-11.7415771
27.2590501	-5.6535339
27.3424112	9.7745972
27.4257722	19.4199829
27.5091332	28.4290771
27.5924942	33.1658020
27.6758552	29.4915161
27.7592162	23.5892944
27.8425772	15.4956970
27.9259382	7.6716003
28.0092992	-0.8029785
28.0926602	-3.2397461
28.1760213	-5.9912720
28.2593823	0.2504578
28.3427433	14.8506165
28.4261043	18.2033386
28.5094653	24.3772278
28.5928263	27.5235596
28.6761873	27.8928223
28.7595483	23.5094910
28.8429093	15.1414490
28.9262703	1.1560974
29.0096314	-7.3184509
29.0929924	-14.2006226
29.1763534	-10.5152588
29.2597144	-3.8770447
29.3430754	10.0989075
29.4264364	22.5830688
29.5097974	24.0261536
29.5931584	30.6141052
29.6765194	29.1563721
29.7598804	26.4010925
29.8432414	13.8808289
29.9266025	6.5188599
30.0099635	-0.0043945
30.0933245	-3.9027710
30.1766855	-1.6342773
30.2600465	1.1085510
30.3434075	12.7594299
30.4267685	16.8028564
30.5101295	23.7917786
30.5934905	29.5965271
30.6768515	27.4264526
30.7602126	21.1520386
30.8435736	12.4391479
30.9269346	2.2631836
31.0102956	0.7604675
31.0936566	-4.2051697
31.1770176	-6.4284973
31.2603786	2.4241943
31.3437396	13.9433289
31.4271006	21.8839111
31.5104616	25.0299988
31.5938227	31.4488220
31.6771837	29.6008301
31.7605447	26.7150269
31.8439057	12.0033569
31.9272667	4.0365295
32.0106277	-2.1469727
32.0939887	-4.2578735
32.1773497	-8.1858826
32.2607107	-6.0121765
32.3440717	11.8353882
32.4274327	20.1388855
32.5107938	28.1550293
32.5941548	30.6565247
32.6775158	28.8308105
32.7608768	19.2330017
32.8442378	12.3276672
32.9275988	7.2463684
33.0109598	-4.7318726
33.0943208	-13.5964966
33.1776818	-13.3462219
33.2610428	-6.4195251
33.3444039	6.0181580
33.4277649	19.9791260
33.5111259	22.4106750
33.5944869	32.4535522
33.6778479	25.2403259
33.7612089	24.6405945
33.8445699	14.9375305
33.9279309	5.7907715
34.0112919	-7.0941162
34.0946529	-16.7575073
34.1780139	-10.1450500
34.2613750	-3.8101807
34.3447360	11.9924622
34.4280970	20.8240356
34.5114580	21.0823059
34.5948190	28.0280762
34.6781800	26.5805969
34.7615410	23.8872986
34.8449020	13.3525696
34.9282630	5.4091492
35.0116240	-7.5729980
35.0949851	-10.8767090
35.1783461	-7.2529297
35.2617071	-5.2198486
35.3450681	10.2972412
35.4284291	19.6024780
35.5117901	24.9111938
35.5951511	33.4329834
35.6785121	29.3979492
35.7618731	23.9597168
35.8452341	9.2261963
35.9285952	5.5627747
36.0119562	-4.3105774
36.0953172	-10.5167236
36.1786782	-6.4285583
36.2620392	-0.7014465
36.3454002	13.3114624
36.4287612	21.2363281
36.5121222	26.1467896
36.5954832	29.0182495
36.6788442	31.7355957
36.7622052	22.7692566
36.8455663	15.7059326
36.9289273	1.1015320
37.0122883	-3.0774536
37.0956493	-10.9716797
37.1790103	-8.6408386
37.2623713	-1.9324341
37.3457323	11.2207336
37.4290933	19.2716980
37.5124543	21.3561401
37.5958153	29.8637085
37.6791764	29.9672241
37.7625374	22.2760315
37.8458984	13.2940979
37.9292594	2.2033386
38.0126204	-0.6569519
38.0959814	-5.2156372
38.1793424	-9.2290649
38.2627034	6.7112732
38.3460644	14.7187805
38.4294254	20.3250427
38.5127864	25.8602905
38.5961475	32.8249207
38.6795085	26.5231018
38.7628695	20.7862854
38.8462305	14.9440918
38.9295915	4.2558594
39.0129525	-7.0448608
39.0963135	-16.5631409
39.1796745	-16.8321228
39.2630355	-4.6936951
39.3463965	9.9362488
39.4297576	20.9846191
39.5131186	24.3723145
39.5964796	30.8721008
39.6798406	28.9766846
39.7632016	23.0885010
39.8465626	16.2798767
39.9299236	5.5204163
40.0132846	-4.4798584
40.0966456	-12.1847229
40.1800066	-9.5690002
40.2633677	4.1398926
40.3467287	12.0901794
40.4300897	18.6062317
40.5134507	22.6468506
40.5968117	30.7703552
40.6801727	29.2541809
40.7635337	24.8960266
40.8468947	11.2141724
40.9302557	6.9375916
41.0136167	-1.5800476
41.0969777	-9.7059021
41.1803388	-12.0684509
41.2636998	-6.4026489
41.3470608	11.1710815
41.4304218	19.2733154
41.5137828	25.0861511
41.5971438	31.4608765
41.6805048	27.2280884
41.7638658	23.4728088
41.8472268	15.1291809
41.9305878	4.0451050
42.0139489	-4.4742432
42.0973099	-7.4821777
42.1806709	-8.3656311
42.2640319	-4.6235962
42.3473929	11.2285156
42.4307539	19.7034302
42.5141149	21.6837769
42.5974759	28.5778809
42.6808369	27.2688293
42.7641979	25.3202820
42.8475590	13.4723511
42.9309200	6.0531921
43.0142810	-2.2072144
43.0976420	-12.6050720
43.1810030	-9.8310242
43.2643640	-7.9650879
43.3477250	4.8439331
43.4310860	18.0612488
43.5144470	26.8925476
43.5978080	28.2036438
43.6811690	29.4279785
43.7645301	21.7737427
43.8478911	15.6065369
43.9312521	2.0543213
44.0146131	-5.6876221
44.0979741	-10.3367310
44.1813351	-8.2151794
44.2646961	-0.6820679
44.3480571	10.6486511
44.4314181	20.0248718
44.5147791	22.9768982
44.5981402	30.4723511
44.6815012	34.1230774
44.7648622	22.5291748
44.8482232	14.2436218
44.9315842	5.2273865
45.0149452	-0.0750122
45.0983062	-7.7651367
45.1816672	-8.9024658
45.2650282	-4.4416199
45.3483892	11.6145020
45.4317502	18.5468140
45.5151113	22.8128357
45.5984723	33.2920227
45.6818333	29.6449585
45.7651943	21.7683716
45.8485553	13.7195129
45.9319163	4.7823181
46.0152773	-3.0539856
46.0986383	-14.8312683
46.1819993	-12.8175659
46.2653603	-2.4577942
46.3487214	10.3642883
46.4320824	21.4655151
46.5154434	25.5492554
46.5988044	27.5775146
46.6821654	27.0556946
46.7655264	20.8561096
46.8488874	18.0705872
46.9322484	3.9489441
47.0156094	-3.4761963
47.0989704	-8.2698669
47.1823315	-10.8811646
47.2656925	-3.1218872
47.3490535	7.6323547
47.4324145	19.9109802
47.5157755	21.1618958
47.5991365	31.4887390
47.6824975	28.8210449
47.7658585	25.6502991
47.8492195	13.9533997
47.9325805	5.9463501
48.0159415	-3.5565491
48.0993026	-10.7378235
48.1826636	-4.9031372
48.2660246	-0.3086853
48.3493856	11.6883850
48.4327466	23.4341736
48.5161076	23.8298645
48.5994686	29.6769104
48.6828296	28.8253784
48.7661906	21.0959167
48.8495516	13.6697693
48.9329127	0.4259033
49.0162737	-9.6899109
49.0996347	-8.7515869
49.1829957	-10.7189331
49.2663567	0.2107544
49.3497177	14.6019897
49.4330787	21.4332581
49.5164397	23.3072815
49.5998007	27.3541565
49.6831617	28.0746460
49.7665227	22.9644470
49.8498838	14.1731567
49.9332448	5.4040222
50.0166058	-3.4856262
50.0999668	-10.0093994
50.1833278	-11.7532654
50.2666888	-8.0095215
50.3500498	8.5118408
50.4334108	20.6567383
50.5167718	22.0020447
50.6001328	30.2872009
50.6834939	29.8294983
50.7668549	24.8015137
50.8502159	12.8968201
50.9335769	6.0515137
51.0169379	-6.4345093
51.1002989	-8.7899780
51.1836599	-5.6246948
51.2670209	-4.0244751
51.3503819	10.1220703
51.4337429	21.3236389
51.5171040	22.1073303
51.6004650	27.1844482
51.6838260	26.7027588
51.7671870	20.2502747
51.8505480	15.4595947
51.9339090	4.0361328
52.0172700	-3.5538635
52.1006310	-5.4149780
52.1839920	-5.2723083
52.2673530	0.8529358
52.3507140	18.5667419
52.4340751	17.1932983
52.5174361	23.4391479
52.6007971	26.5511169
52.6841581	23.9718933
52.7675191	23.2187195
52.8508801	14.1775818
52.9342411	3.1549072
53.0176021	-5.7420349
53.1009631	-15.8890991
53.1843241	-13.7351379
53.2676852	-8.6339111
53.3510462	1.3574219
53.4344072	18.0764160
53.5177682	23.1583252
53.6011292	27.8537598
53.6844902	26.3881226
53.7678512	20.8708191
53.8512122	14.4080811
53.9345732	5.2065430
54.0179342	-2.5945129
54.1012953	-12.9934082
54.1846563	-15.4033813
54.2680173	-8.9425049
54.3513783	9.1080017
54.4347393	19.6304016
54.5181003	21.9019470
54.6014613	28.7091675
54.6848223	27.2173462
54.7681833	20.9973755
54.8515443	11.9905701
54.9349053	6.8611755
55.0182664	-1.0439758
55.1016274	-7.3428650
55.1849884	-8.4002686
55.2683494	1.5442505
55.3517104	11.5702209
55.4350714	18.7706604
55.5184324	22.4756775
55.6017934	25.0353088
55.6851544	28.8202820
55.7685154	22.4507446
55.8518765	13.2757263
55.9352375	3.4812927
56.0185985	-4.8433228
56.1019595	-5.6547852
56.1853205	-4.0912476
56.2686815	0.3143311
56.3520425	11.1239319
56.4354035	17.9876709
56.5187645	23.2657166
56.6021255	25.5807190
56.6854865	26.9364014
56.7688476	21.5638733
56.8522086	12.2645264
56.9355696	5.2984009
57.0189306	-4.1232605
57.1022916	-3.2878418
57.1856526	-1.1750183
57.2690136	4.1972046
57.3523746	16.0942078
57.4357356	17.6163025
57.5190966	22.8205261
57.6024577	28.1393127
57.6858187	26.1633301
57.7691797	23.8335266
57.8525407	14.2045898
57.9359017	6.7722168
58.0192627	-2.8539124
58.1026237	-6.3303528
58.1859847	-12.2544250
58.2693457	-4.0606079
58.3527067	12.3406372
58.4360678	19.7871094
58.5194288	21.7705383
58.6027898	29.1986389
58.6861508	27.5679321
58.7695118	22.4079285
58.8528728	13.4861755
58.9362338	2.8816833
59.0195948	-3.7744141
59.1029558	-15.4024963
59.1863168	-12.2399597
59.2696778	-2.7064514
59.3530389	10.6278381
59.4363999	17.4562073
59.5197609	24.2077026
59.6031219	27.9132385
59.6864829	29.0082703
59.7698439	20.4822998
59.8532049	11.6374817
59.9365659	2.9756775
60.0199269	-3.3788757
60.1032879	-14.5212097
60.1866490	-8.3022766
60.2700100	-6.5036926
60.3533710	7.3930969
60.4367320	20.1516418
60.5200930	23.5582581
60.6034540	30.2744141
60.6868150	27.3954468
60.7701760	24.8821106
60.8535370	15.7217102
60.9368980	6.5955505
61.0202591	-1.1825256
61.1036201	-2.5868530
61.1869811	-7.2742004
61.2703421	0.9448242
61.3537031	12.1727905
61.4370641	21.6933899
61.5204251	26.6954651
61.6037861	27.1226807
61.6871471	28.9370422
61.7705081	23.3952637
61.8538691	14.7545471
61.9372302	2.5018311
62.0205912	-10.2084961
62.1039522	-12.9854126
62.1873132	-9.0774841
62.2706742	-6.6836548
62.3540352	7.6253967
62.4373962	18.3119507
62.5207572	21.8510437
62.6041182	27.7870178
62.6874792	26.6442871
62.7708403	21.5530396
62.8542013	11.7920227
62.9375623	5.0108337
63.0209233	-2.1198120
63.1042843	-6.7214355
63.1876453	-5.9016113
63.2710063	0.5438232
63.3543673	13.7531738
63.4377283	20.4406128
63.5210893	21.7224121
63.6044503	28.5250549
63.6878114	27.3466187
63.7711724	20.8206787
63.8545334	14.9164124
63.9378944	5.1880493
64.0212554	-3.7574463
64.1046164	-6.7141113
64.1879774	-7.3254089
64.2713384	4.8269958
64.3546994	14.9779663
64.4380604	17.4853210
64.5214215	22.4760132
64.6047825	31.4692078
64.6881435	33.3441467
64.7715045	22.4616699
64.8548655	12.8176575
64.9382265	5.1976929
65.0215875	-6.6714478
65.1049485	-9.8650208
65.1883095	-8.9127502
65.2716705	-9.0016785
65.3550316	4.8483582
65.4383926	19.5949097
65.5217536	24.9959412
65.6051146	26.6642456
65.6884756	24.3759155
65.7718366	24.1412354
65.8551976	12.7648621
65.9385586	2.9350586
66.0219196	-7.7045898
66.1052806	-13.8787231
66.1886416	-7.5438232
66.2720027	0.1199646
66.3553637	12.2037354
66.4387247	16.6825562
66.5220857	21.6311646
66.6054467	26.3171082
66.6888077	31.0053406
66.7721687	21.2303162
66.8555297	12.9345093
66.9388907	0.6156616
67.0222517	-4.5758667
67.1056128	-13.5658569
67.1889738	-11.3500061
67.2723348	-1.2586975
67.3556958	9.6923828
67.4390568	18.2252808
67.5224178	23.6242981
67.6057788	25.3652039
67.6891398	28.6806335
67.7725008	22.3600464
67.8558618	13.3316956
67.9392228	8.0055847
68.0225839	-4.5301819
68.1059449	-4.8811646
68.1893059	-9.2922668
68.2726669	-8.5728455
68.3560279	4.6918335
68.4393889	18.6778259
68.5227499	21.7080383
68.6061109	28.0516663
68.6894719	29.3616638
68.7728329	23.3278809
68.8561940	15.5404053
68.9395550	5.9192200
69.0229160	-5.1437073
69.1062770	-5.6990662
69.1896380	-6.6240845
69.2729990	-2.1203613
69.3563600	13.9229736
69.4397210	19.5189209
69.5230820	24.8202515
69.6064430	26.8377380
69.6898041	27.0059509
69.7731651	22.1047974
69.8565261	12.8391724
69.9398871	4.1020203
70.0232481	-6.3067627
70.1066091	-8.5988464
70.1899701	-10.5960083
70.2733311	-8.1191406
70.3566921	0.9158020
70.4400531	13.8221741
70.5234141	24.7862854
70.6067752	26.0856934
70.6901362	27.7673950
70.7734972	21.1457825
70.8568582	16.2553406
70.9402192	6.4109802
71.0235802	-3.3157043
71.1069412	-6.1870728
71.1903022	-7.3941650
71.2736632	-6.4279480
71.3570242	6.7376099
71.4403853	16.6286926
71.5237463	22.8411560
71.6071073	25.1996460
71.6904683	29.8838196
71.7738293	19.1722107
71.8571903	10.1311646
71.9405513	8.1858215
72.0239123	-2.1826172
72.1072733	-11.8385620
72.1906343	-5.7886047
72.2739954	-2.2891846
72.3573564	12.1588440
72.4407174	18.4180298
72.5240784	20.9052429
72.6074394	27.2771301
72.6908004	25.6216431
72.7741614	17.7335815
72.8575224	14.5013123
72.9408834	6.7090149
73.0242444	-2.1323853
73.1076054	-12.2731323
73.1909665	-8.0213928
73.2743275	2.6022034
73.3576885	12.0502014
73.4410495	16.4286194
73.5244105	20.4436646
73.6077715	28.0495911
73.6911325	26.3612366
73.7744935	18.7515869
73.8578545	12.6850586
73.9412155	4.1414795
74.0245766	0.6151428
74.1079376	-2.8608398
74.1912986	-5.6083069
74.2746596	-0.2791443
74.3580206	8.1369324
74.4413816	18.3790283
74.5247426	22.2162170
74.6081036	24.0545654
74.6914646	27.5046692
74.7748256	20.0843811
74.8581866	12.6020813
74.9415477	2.9898682
75.0249087	-3.0898132
75.1082697	-7.1418457
75.1916307	-6.1382446
75.2749917	-0.5084534
75.3583527	9.9136963
75.4417137	18.9147644
75.5250747	22.2911377
75.6084357	25.7247925
75.6917967	27.8275146
75.7751578	18.3406067
75.8585188	14.3146667
75.9418798	3.8700256
76.0252408	-4.9068604
76.1086018	-8.7121887
76.1919628	-4.8849792
76.2753238	2.3488159
76.3586848	15.5398254
76.4420458	18.1994629
76.5254068	24.2626343
76.6087679	30.0283508
76.6921289	31.2760315
76.7754899	25.3505859
76.8588509	16.2466736
76.9422119	5.2141113
77.0255729	-2.2171631
77.1089339	-5.2608032
77.1922949	-3.3324280
77.2756559	-0.0690918
77.3590169	15.9068604
77.4423779	19.0398560
77.5257390	22.1835632
77.6091000	29.7148438
77.6924610	27.5525818
77.7758220	22.1013489
77.8591830	14.6633301
77.9425440	3.8479614
78.0259050	-0.6276550
78.1092660	-5.8855591
78.1926270	-12.3931274
78.2759880	-3.2796326
78.3593491	11.1723022
78.4427101	18.7138977
78.5260711	25.1869202
78.6094321	32.8258362
78.6927931	31.6933899
78.7761541	23.3189392
78.8595151	17.8459778
78.9428761	1.6409607
79.0262371	-4.6842346
79.1095981	-13.0186157
79.1929591	-14.0935669
79.2763202	-8.3145752
79.3596812	12.9175720
79.4430422	19.3930664
79.5264032	22.5473633
79.6097642	24.9866028
79.6931252	28.9418945
79.7764862	22.2544861
79.8598472	18.2230225
79.9432082	9.6109009
80.0265692	-1.6725769
80.1099303	-3.7892761
80.1932913	-6.0617981
80.2766523	-4.9849243
80.3600133	5.8030090
80.4433743	19.9212341
80.5267353	25.8591919
80.6100963	28.5635986
80.6934573	31.0969849
80.7768183	25.9880981
80.8601793	13.4257507
80.9435404	1.5165100
81.0269014	-6.1318359
81.1102624	-13.2536621
81.1936234	-13.5828247
81.2769844	-5.4956665
81.3603454	12.2511597
81.4437064	17.5395813
81.5270674	21.7528076
81.6104284	29.7128601
81.6937894	28.8116455
81.7771504	22.3857727
81.8605115	11.7458191
81.9438725	2.1759033
82.0272335	1.1458740
82.1105945	-9.2946777
82.1939555	-9.0875244
82.2773165	-7.0494690
82.3606775	11.7683105
82.4440385	20.3461609
82.5273995	21.8688049
82.6107605	25.5207825
82.6941216	26.5761719
82.7774826	25.6238403
82.8608436	14.2235107
82.9442046	6.7715759
83.0275656	-6.9412537
83.1109266	-8.1702881
83.1942876	-8.7680359
83.2776486	0.8489685
83.3610096	14.4696045
83.4443706	22.3930359
83.5277317	24.7799988
83.6110927	28.6089783
83.6944537	27.9167786
83.7778147	26.1879272
83.8611757	16.4439087
83.9445367	5.4141235
84.0278977	0.4105835
84.1112587	-5.6195679
84.1946197	-3.9472351
84.2779807	5.4847107
84.3613417	15.7850647
84.4447028	22.5292358
84.5280638	25.5911560
84.6114248	30.3011475
84.6947858	30.3176270
84.7781468	22.9908142
84.8615078	13.6966858
84.9448688	5.8783875
85.0282298	-1.0230713
85.1115908	-8.7388916
85.1949518	-3.6639709
85.2783129	0.0576172
85.3616739	8.6239319
85.4450349	18.2794800
85.5283959	26.1264343
85.6117569	29.2493286
85.6951179	30.2727051
85.7784789	20.7282104
85.8618399	12.6086121
85.9452009	6.5455627
86.0285619	-1.5116272
86.1119229	-4.1574097
86.1952840	-7.2153931
86.2786450	-3.4016113
86.3620060	13.3774109
86.4453670	19.6324768
86.5287280	23.1020203
86.6120890	27.0322266
86.6954500	27.9940491
86.7788110	21.8504333
86.8621720	14.6183167
86.9455330	5.4473267
87.0288941	-0.9840698
87.1122551	-9.0043945
87.1956161	-9.2684021
87.2789771	-7.4223022
87.3623381	5.1413269
87.4456991	21.0807495
87.5290601	22.9066772
87.6124211	27.9537659
87.6957821	27.3865662
87.7791431	22.6250305
87.8625042	10.5817261
87.9458652	6.3520813
88.0292262	-2.5444336
88.1125872	-8.0168457
88.1959482	-12.8061523
88.2793092	-6.1783752
88.3626702	11.6020203
88.4460312	15.7532654
88.5293922	22.1504211
88.6127532	27.0703430
88.6961142	27.9096375
88.7794753	20.2487183
88.8628363	13.8136597
88.9461973	7.2304077
89.0295583	-1.8904419
89.1129193	-4.8124390
89.1962803	-6.2241516
89.2796413	5.2517090
89.3630023	12.9587097
89.4463633	20.9354858
89.5297243	25.3214722
89.6130854	31.4890442
89.6964464	30.1466980
89.7798074	21.8487244
89.8631684	13.9572754
89.9465294	3.8030701
90.0298904	-4.1502991
90.1132514	-7.5225525
90.1966124	-11.3116150
90.2799734	-4.7442932
90.3633344	13.4797974
90.4466955	17.5289001
90.5300565	24.5057983
90.6134175	29.0884399
90.6967785	30.9164734
90.7801395	22.7899170
90.8635005	16.2753906
90.9468615	4.8292542
91.0302225	-4.5267944
91.1135835	-6.6072083
91.1969445	-2.0358276
91.2803055	0.0094299
91.3636666	10.1895447
91.4470276	22.7423401
91.5303886	23.7064514
91.6137496	30.3267517
91.6971106	31.7901001
91.7804716	21.8043518
91.8638326	11.9647217
91.9471936	5.3986206
92.0305546	-5.5538330
92.1139156	-7.2987366
92.1972767	-4.9523315
92.2806377	-4.0592041
92.3639987	9.2204590
92.4473597	18.6737366
92.5307207	22.7880554
92.6140817	26.1405945
92.6974427	26.7452393
92.7808037	21.1947327
92.8641647	15.9097290
92.9475257	6.7176514
93.0308867	1.9901428
93.1142478	-1.3656311
93.1976088	-4.1082458
93.2809698	1.2205200
93.3643308	11.3334961
93.4476918	18.8488770
93.5310528	23.9768372
93.6144138	28.9444580
93.6977748	27.1866455
93.7811358	21.4107056
93.8644968	12.5744934
93.9478579	2.6164551
94.0312189	-6.3773804
94.1145799	-7.2643433
94.1979409	-11.5415039
94.2813019	-8.6716614
94.3646629	8.2146606
94.4480239	20.4715271
94.5313849	24.5581360
94.6147459	25.8531494
94.6981069	27.8723450
94.7814680	19.8864136
94.8648290	17.1944885
94.9481900	3.0908813
95.0315510	-4.5360718
95.1149120	-8.6994019
95.1982730	-5.9249878
95.2816340	-3.4818115
95.3649950	6.7928162
95.4483560	20.7875366
95.5317170	21.0919495
95.6150780	26.8753357
95.6984391	29.1757507
95.7818001	23.6258240
95.8651611	14.0573730
95.9485221	2.2611694
96.0318831	-10.2196350
96.1152441	-11.4043579
96.1986051	-9.3540649
96.2819661	-4.7315369
96.3653271	11.5005493
96.4486881	22.2191772
96.5320492	22.6907959
96.6154102	26.6369019
96.6987712	26.6252136
96.7821322	21.1741028
96.8654932	15.4580383
96.9488542	6.9428711
97.0322152	-3.6497192
97.1155762	-3.7082520
97.1989372	-5.5079956
97.2822982	-6.3438416
97.3656592	10.2543335
97.4490203	19.8548889
97.5323813	22.4712219
97.6157423	29.4723511
97.6991033	27.7795105
97.7824643	20.7604675
97.8658253	13.7056885
97.9491863	2.1293640
98.0325473	-5.4153442
98.1159083	-9.5531311
98.1992693	-9.2184143
98.2826304	-13.5504150
98.3659914	4.4669189
98.4493524	17.6599121
98.5327134	23.0485229
98.6160744	26.0173035
98.6994354	27.8263550
98.7827964	21.0397034
98.8661574	10.1732483
98.9495184	6.5399780
99.0328794	-2.3132019
99.1162405	-9.6210938
99.1996015	-13.3802490
99.2829625	-4.5832825
99.3663235	11.8975525
99.4496845	18.3068848
99.5330455	22.9113159
99.6164065	28.5305481
99.6997675	28.5825195
99.7831285	21.8877563
99.8664895	13.2915039
99.9498505	-0.0223694
100.0332116	-7.9821777
100.1165726	-9.1863098
100.1999336	-8.3673096
100.2832946	-7.8288269
100.3666556	10.2183838
100.4500166	14.6765442
100.5333776	23.8304749
100.6167386	26.2723083
100.7000996	27.2151184
100.7834606	20.7292175
100.8668217	13.1557922
100.9501827	5.9435120
101.0335437	-1.4684753
101.1169047	-5.1325989
101.2002657	-7.5813904
101.2836267	0.9522400
101.3669877	11.4522705
101.4503487	17.7427979
101.5337097	21.4588013
101.6170707	27.4202271
101.7004318	26.6967468
101.7837928	21.7472839
101.8671538	14.2746887
101.9505148	2.0535278
102.0338758	-6.7385559
102.1172368	-12.2315979
102.2005978	-15.0569763
102.2839588	-6.2676086
102.3673198	4.7356873
102.4506808	18.4472046
102.5340418	25.4357300
102.6174029	25.7130737
102.7007639	24.2117615
102.7841249	21.4837036
102.8674859	13.8088074
102.9508469	5.3566284
103.0342079	-6.2744446
103.1175689	-7.8719788
103.2009299	-5.1701355
103.2842909	-3.8972168
103.3676519	4.8906555
103.4510130	19.1765137
103.5343740	21.5554504
103.6177350	24.7734375
103.7010960	24.8589478
103.7844570	20.5476685
103.8678180	11.0618286
103.9511790	4.1599731
104.0345400	-1.2073975
104.1179010	-10.0860596
104.2012620	-9.0381775
104.2846230	-1.1907043
104.3679841	12.2689514
104.4513451	19.8591614
104.5347061	23.3481750
104.6180671	27.3346863
104.7014281	31.2645874
104.7847891	21.8453674
104.8681501	12.6600647
104.9515111	3.1515503
105.0348721	-3.8567810
105.1182331	-5.9466248
105.2015942	-10.8466797
105.2849552	-0.4235840
105.3683162	7.1793823
105.4516772	21.5706482
105.5350382	20.9498901
105.6183992	26.9543457
105.7017602	25.4536438
105.7851212	19.9336548
105.8684822	13.4946899
105.9518432	6.0949707
106.0352043	-2.2456360
106.1185653	-13.7981567
106.2019263	-8.8387146
106.2852873	-6.8650513
106.3686483	6.9378967
106.4520093	20.7276306
106.5353703	24.5936890
106.6187313	26.5833130
106.7020923	27.9880676
106.7854533	21.3886108
106.8688143	16.0422668
106.9521754	6.4897461
107.0355364	-4.0644836
107.1188974	-7.4322815
107.2022584	-7.2535400
107.2856194	-3.2434082
107.3689804	8.3793335
107.4523414	17.9018860
107.5357024	22.9749756
107.6190634	27.2693787
107.7024244	25.4023132
107.7857855	21.9066772
107.8691465	10.6515198
107.9525075	7.7653809
108.0358685	0.3273315
108.1192295	-11.3805542
108.2025905	-6.9705811
108.2859515	-1.2590942
108.3693125	12.4060974
108.4526735	19.0621033
108.5360345	24.2204590
108.6193955	27.5374146
108.7027566	31.4702759
108.7861176	23.3611755
108.8694786	15.8154602
108.9528396	4.3021545
109.0362006	-3.0006714
109.1195616	-8.1500854
109.2029226	-9.6734009
109.2862836	2.1708069
109.3696446	12.8726196
109.4530056	19.8359070
109.5363667	22.4816284
109.6197277	27.1976624
109.7030887	25.2279358
109.7864497	23.6799622
109.8698107	13.2460632
109.9531717	1.7546082
110.0365327	-6.7298584
110.1198937	-7.8521423
110.2032547	-7.9455261
110.2866157	4.3626404
110.3699768	12.9763184
110.4533378	18.6768494
110.5366988	25.3430481
110.6200598	28.1739807
110.7034208	31.7755127
110.7867818	20.6801453
110.8701428	14.0457153
110.9535038	4.2626343
111.0368648	-2.1031189
111.1202258	-7.3962097
111.2035868	-9.3355713
111.2869479	-0.5153503
111.3703089	8.1359558
111.4536699	19.1871033
111.5370309	24.8876953
111.6203919	26.4533081
111.7037529	27.3688965
111.7871139	19.0165405
111.8704749	11.4349060
111.9538359	3.4232178
112.0371969	-3.1228638
112.1205580	-9.0556030
112.2039190	-12.8080139
112.2872800	-5.8581238
112.3706410	7.4671936
112.4540020	20.7736816
112.5373630	22.7187500
112.6207240	23.0759888
112.7040850	25.6641541
112.7874460	21.5433350
112.8708070	12.9822693
112.9541681	5.8624878
113.0375291	-3.0959473
113.1208901	-7.6962585
113.2042511	-4.4506226
113.2876121	-1.1428528
113.3709731	10.1273499
113.4543341	19.5101013
113.5376951	22.9191589
113.6210561	30.1584778
113.7044171	28.2977905
113.7877781	24.2496338
113.8711392	16.0395203
113.9545002	7.4761658
114.0378612	-2.3031311
114.1212222	-6.4887390
114.2045832	-9.0071716
114.2879442	-1.4502258
114.3713052	13.7953796
114.4546662	18.4310913
114.5380272	21.8019104
114.6213882	26.7118835
114.7047493	28.7378540
114.7881103	21.5442810
114.8714713	13.3988342
114.9548323	5.9606628
115.0381933	-5.2258301
115.1215543	-11.9293213
115.2049153	-12.6929321
115.2882763	-7.9792786
115.3716373	6.4638367
115.4549983	19.7728577
115.5383593	22.7785339
115.6217204	28.8898926
115.7050814	27.9749756
115.7884424	25.5640869
115.8718034	12.8104248
115.9551644	2.3160095
116.0385254	-2.6556396
116.1218864	-7.3887634
116.2052474	-13.8153076
116.2886084	-4.3437805
116.3719694	8.9112549
116.4553305	18.9089661
116.5386915	24.1390991
116.6220525	27.5199585
116.7054135	29.1405029
116.7887745	19.7171021
116.8721355	15.6141968
116.9554965	2.2098083
117.0388575	-7.4966431
117.1222185	-9.0211487
117.2055795	-13.1679382
117.2889406	-4.3928528
117.3723016	11.5606079
117.4556626	19.3276672
117.5390236	22.2966003
117.6223846	27.6088562
117.7057456	29.1268616
117.7891066	22.3956604
117.8724676	12.2909546
117.9558286	2.6649780
118.0391896	-5.7380676
118.1225506	-9.2091064
118.2059117	-7.0930481
118.2892727	1.6403503
118.3726337	9.8690796
118.4559947	16.1946411
118.5393557	24.4606323
118.6227167	27.8253174
118.7060777	30.0259399
118.7894387	22.1295776
118.8727997	12.0875244
118.9561607	4.5917969
119.0395218	-3.1668091
119.1228828	-11.4907532
119.2062438	-8.0953979
119.2896048	-2.0712585
119.3729658	11.2851562
119.4563268	19.1278992
119.5396878	23.1488342
119.6230488	25.7575378
119.7064098	24.2356262
119.7897708	21.8351135
119.8731318	13.5155334
119.9564929	2.1695251
120.0398539	-3.9254456
120.1232149	-6.6153870
120.2065759	-9.5194092
120.2899369	-12.8518372
120.3732979	2.9064636
120.4566589	17.7979736
120.5400199	21.4578247
120.6233809	25.4685974
120.7067419	26.1368103
120.7901030	21.7749023
120.8734640	14.7122192
120.9568250	4.2280579
121.0401860	-1.8761292
121.1235470	-2.5751038
121.2069080	-6.5046692
121.2902690	-1.4696655
121.3736300	7.4721680
121.4569910	16.7772522
121.5403520	24.8808899
121.6237131	27.6711121
121.7070741	26.7151794
121.7904351	23.0784607
121.8737961	12.9043884
121.9571571	3.1098022
122.0405181	-4.4428101
122.1238791	-1.9234009
122.2072401	-7.2079468
122.2906011	-8.1801147
122.3739621	4.6287231
122.4573231	19.4394836
122.5406842	21.9417114
122.6240452	26.5490723
122.7074062	24.5714722
122.7907672	22.8168945
122.8741282	17.3865051
122.9574892	5.7562561
123.0408502	0.3982849
123.1242112	-6.2780762
123.2075722	-12.2096252
123.2909332	-8.4568176
123.3742943	10.0407410
123.4576553	20.5135498
123.5410163	20.8251648
123.6243773	25.1097107
123.7077383	28.5090942
123.7910993	21.1701050
123.8744603	9.9366455
123.9578213	3.0945740
124.0411823	-5.7361755
124.1245433	-13.8225708
124.2079044	-8.7490540
124.2912654	-5.7380676
124.3746264	10.6657104
124.4579874	18.8190002
124.5413484	20.0074158
124.6247094	26.1775208
124.7080704	30.3092041
124.7914314	21.4848633
124.8747924	14.8229675
124.9581534	7.1037903
125.0415144	-5.1277466
125.1248755	-13.4916687
125.2082365	-13.2056885
125.2915975	-9.0928955
125.3749585	2.9980164
125.4583195	18.1258545
125.5416805	21.4995422
125.6250415	24.1857605
125.7084025	24.7189026
125.7917635	19.8786621
125.8751245	12.6900940
125.9584856	0.9941101
126.0418466	-4.9039917
126.1252076	-9.2839050
126.2085686	-15.3588257
126.2919296	-5.1347961
126.3752906	2.6103516
126.4586516	16.0875549
126.5420126	20.5435791
126.6253736	24.1416321
126.7087346	25.1350403
126.7920956	21.1801453
126.8754567	12.7665100
126.9588177	0.9460449
127.0421787	-4.0356750
127.1255397	-2.5071106
127.2089007	-5.9682312
127.2922617	-1.5222778
127.3756227	9.5884705
127.4589837	17.4812927
127.5423447	21.4478149
127.6257057	24.6384277
127.7090668	24.2740479
127.7924278	19.3194885
127.8757888	10.8867493
127.9591498	4.3951721
128.0425108	-3.3271790
128.1258718	-10.4919434
128.2092328	-7.9726257
128.2925938	-1.4125061
128.3759548	5.1845398
128.4593158	18.3228149
128.5426769	20.7062073
128.6260379	23.0475159
128.7093989	23.9193420
128.7927599	23.9247742
128.8761209	11.6644287
128.9594819	2.6390381
129.0428429	-7.7726746
129.1262039	-13.6524658
129.2095649	-11.9983215
129.2929259	-1.7040405
129.3762869	10.0343933
129.4596480	13.8077393
129.5430090	20.5888062
129.6263700	26.7336426
129.7097310	24.2019958
129.7930920	21.3164673
129.8764530	14.8795166
129.9598140	2.5120239
130.0431750	-3.5451965
130.1265360	-12.2884827
130.2098970	-9.1672058
130.2932581	-1.3158264
130.3766191	16.1321106
130.4599801	17.4745483
130.5433411	25.2478638
130.6267021	25.8653259
130.7100631	26.5848694
130.7934241	23.0083618
130.8767851	13.7674255
130.9601461	4.4870911
131.0435071	-1.3948059
131.1268682	-6.5677490
131.2102292	-8.6401062
131.2935902	-1.6563110
131.3769512	12.1226501
131.4603122	19.5050354
131.5436732	21.8265686
131.6270342	25.5330505
131.7103952	26.8203125
131.7937562	20.9899597
131.8771172	12.0019836
131.9604782	4.2068481
132.0438393	-5.1983948
132.1272003	-10.1250610
132.2105613	-5.4712524
132.2939223	2.3962708
132.3772833	16.4527283
132.4606443	16.5649414
132.5440053	21.6056824
132.6273663	25.9483337
132.7107273	27.9996338
132.7940883	24.0302124
132.8774494	13.0594482
132.9608104	7.2416687
133.0441714	-4.1926575
133.1275324	-10.4389648
133.2108934	-15.7268066
133.2942544	-1.5378113
133.3776154	13.0530701
133.4609764	20.5981445
133.5443374	22.5619812
133.6276984	29.3898315
133.7110594	25.6209717
133.7944205	21.0738220
133.8777815	15.9648743
133.9611425	4.2183228
134.0445035	-0.6024780
134.1278645	-5.9684448
134.2112255	-9.6175842
134.2945865	-6.7955933
134.3779475	4.1248779
134.4613085	14.8179016
134.5446695	22.1195068
134.6280306	25.7898560
134.7113916	27.6343689
134.7947526	25.0222473
134.8781136	10.9570312
134.9614746	1.1530457
135.0448356	-2.1404114
135.1281966	-3.4009705
135.2115576	-3.7849731
135.2949186	-1.7985535
135.3782796	14.6867981
135.4616407	19.1282654
135.5450017	17.6705017
135.6283627	27.7869568
135.7117237	28.6820679
135.7950847	25.2593079
135.8784457	13.0911255
135.9618067	4.6159973
136.0451677	-1.4146423
136.1285287	-4.7901611
136.2118897	-14.0932312
136.2952507	-2.2021484
136.3786118	8.3388672
136.4619728	18.3798218
136.5453338	25.7649841
136.6286948	28.5294495
136.7120558	27.7791138
136.7954168	26.0487061
136.8787778	12.8936462
136.9621388	4.2231445
137.0454998	-0.5040283
137.1288608	-6.3677673
137.2122219	-10.7322998
137.2955829	-0.2258606
137.3789439	13.9880066
137.4623049	17.7670898
137.5456659	21.9919434
137.6290269	28.3991394
137.7123879	27.2499084
137.7957489	20.9973755
137.8791099	11.5445251
137.9624709	4.9049988
138.0458319	-0.7987061
138.1291930	-12.1428223
138.2125540	-10.4053040
138.2959150	4.0343323
138.3792760	12.1694946
138.4626370	17.6446838
138.5459980	22.6551819
138.6293590	24.5280457
138.7127200	27.1132507
138.7960810	22.0628052
138.8794420	10.3833923
138.9628031	2.1363831
139.0461641	-4.3532715
139.1295251	-9.6187439
139.2128861	-11.8424988
139.2962471	-4.7763367
139.3796081	13.6940308
139.4629691	16.2756958
139.5463301	22.2687378
139.6296911	26.5702515
139.7130521	29.4060669
139.7964132	22.0655518
139.8797742	14.1402893
139.9631352	6.3919373
140.0464962	-1.5394287
140.1298572	-4.6456299
140.2132182	-5.4954224
140.2965792	5.8749084
140.3799402	15.5294495
140.4633012	19.0266724
140.5466622	24.0211182
140.6300232	26.5451660
140.7133843	29.7097778
140.7967453	26.3597717
140.8801063	16.1961975
140.9634673	0.2789307
141.0468283	-3.9560852
141.1301893	-8.4056091
141.2135503	-8.0700378
141.2969113	-0.6924744
141.3802723	10.8644104
141.4636333	18.2803345
141.5469944	23.1049194
141.6303554	25.4738159
141.7137164	27.3151245
141.7970774	22.9728088
141.8804384	14.3524475
141.9637994	2.3526001
142.0471604	-3.2209167
142.1305214	-11.4688416
142.2138824	-11.6679382
142.2972434	-8.1304626
142.3806045	0.2350769
142.4639655	19.0535889
142.5473265	21.5191345
142.6306875	24.7575989
142.7140485	27.6575623
142.7974095	22.3913879
142.8807705	13.0310669
142.9641315	4.7103577
143.0474925	-2.7190552
143.1308535	-4.0485229
143.2142145	-9.8078003
143.2975756	-0.6501770
143.3809366	11.5787048
143.4642976	18.3411560
143.5476586	19.6856689
143.6310196	24.3654785
143.7143806	24.1694336
143.7977416	24.8857117
143.8811026	16.3513489
143.9644636	5.8487854
144.0478246	-4.1098938
144.1311857	-6.9300537
144.2145467	-5.6789551
144.2979077	-0.1523438
144.3812687	10.4819031
144.4646297	18.6659851
144.5479907	19.3897705
144.6313517	27.4026794
144.7147127	26.4252014
144.7980737	21.4364929
144.8814347	13.5155640
144.9647957	4.0068054
145.0481568	-2.8409119
145.1315178	-8.3465576
145.2148788	-8.2769470
145.2982398	-4.3741150
145.3816008	9.1166077
145.4649618	18.0007324
145.5483228	23.1344604
145.6316838	25.7239990
145.7150448	25.9421387
145.7984058	22.5691528
145.8817669	15.4867554
145.9651279	4.0998230
146.0484889	-3.6617126
146.1318499	-6.1614990
146.2152109	-9.8057556
146.2985719	-4.1896362
146.3819329	3.8599548
146.4652939	20.9437866
146.5486549	22.9609985
146.6320159	25.9055481
146.7153770	25.7328796
146.7987380	17.4396057
146.8820990	11.5227051
146.9654600	4.1500549
147.0488210	-1.8904724
147.1321820	-6.6611023
147.2155430	-6.1067200
147.2989040	2.1913147
147.3822650	15.5882874
147.4656260	21.4062805
147.5489870	23.9649048
147.6323481	26.6470642
147.7157091	26.5661926
147.7990701	23.9244690
147.8824311	13.3605957
147.9657921	7.8608398
148.0491531	-3.0993347
148.1325141	-8.6985779
148.2158751	-11.2549438
148.2992361	-9.3144226
148.3825971	8.4518127
148.4659582	18.3121338
148.5493192	22.5138245
148.6326802	27.4525146
148.7160412	28.5552979
148.7994022	24.0082703
148.8827632	20.9099121
148.9661242	4.8855591
149.0494852	-4.1813354
149.1328462	-5.9446106
149.2162072	-7.5008545
149.2995682	0.4266052
149.3829293	11.1959229
149.4662903	20.2822266
149.5496513	23.3970032
149.6330123	29.1271667
149.7163733	29.8879700
149.7997343	25.2271423
149.8830953	13.6317139
149.9664563	5.3423157
150.0498173	1.6226807
150.1331783	-5.4588928
150.2165394	-9.1554871
150.2999004	1.8615723
150.3832614	15.8488159
150.4666224	21.4051819
150.5499834	24.4931946
150.6333444	29.1972656
150.7167054	30.8257141
150.8000664	21.9601135
150.8834274	13.6408081
150.9667884	6.5789185
151.0501495	-3.7065430
151.1335105	-8.5366821
151.2168715	-3.7207336
151.3002325	-3.9649048
151.3835935	11.9838257
151.4669545	20.6421509
151.5503155	25.0632019
151.6336765	27.1174622
151.7170375	27.7582092
151.8003985	23.6115112
151.8837595	14.3486328
151.9671206	8.5050964
152.0504816	-1.9346619
152.1338426	-2.8624573
152.2172036	-4.1866760
152.3005646	4.1349182
152.3839256	13.6267700
152.4672866	23.0156555
152.5506476	24.0564575
152.6340086	28.9494019
152.7173696	29.6982422
152.8007307	22.8398132
152.8840917	14.2756042
152.9674527	7.0969543
153.0508137	-2.7025757
153.1341747	-12.0120544
153.2175357	-6.5375061
153.3008967	-1.1228638
153.3842577	11.6666565
153.4676187	20.1404724
153.5509797	23.4876709
153.6343408	29.0599670
153.7177018	27.3057251
153.8010628	24.0161743
153.8844238	17.8388977
153.9677848	8.1715393
154.0511458	-2.1945190
154.1345068	-5.1066895
154.2178678	-0.3378296
154.3012288	8.6437073
154.3845898	12.3916321
154.4679508	19.2016602
154.5513119	22.0233765
154.6346729	26.9255981
154.7180339	28.7015076
154.8013949	23.2420959
154.8847559	16.6947021
154.9681169	3.2796326
155.0514779	-2.1649780
155.1348389	-3.0809937
155.2181999	-3.1862793
155.3015609	1.9580688
155.3849220	13.1687012
155.4682830	18.4896240
155.5516440	22.9596863
155.6350050	29.8218079
155.7183660	31.8235474
155.8017270	24.0959778
155.8850880	18.3087158
155.9684490	3.4207458
156.0518100	-3.7707520
156.1351710	-10.1154480
156.2185320	-10.0318909
156.3018931	-2.5544128
156.3852541	3.6474304
156.4686151	20.4848328
156.5519761	24.4979553
156.6353371	26.9623413
156.7186981	28.2082825
156.8020591	24.1230774
156.8854201	16.6218872
156.9687811	9.0983276
157.0521421	-3.3953552
157.1355032	-8.6821594
157.2188642	-9.3098145
157.3022252	-2.0642395
157.3855862	8.3305664
157.4689472	21.0783997
157.5523082	23.0470276
157.6356692	27.0341492
157.7190302	26.5816345
157.8023912	24.4364014
157.8857522	14.7002563
157.9691133	5.4642639
158.0524743	0.4849548
158.1358353	-6.4995117
158.2191963	-2.8192139
158.3025573	5.5825806
158.3859183	15.0093079
158.4692793	19.7273560
158.5526403	22.0802612
158.6360013	25.1939392
158.7193623	30.7535706
158.8027233	20.5863647
158.8860844	14.8837891
158.9694454	6.8698730
159.0528064	-1.7071228
159.1361674	-2.1386414
159.2195284	-3.0011292
159.3028894	-1.5221252
159.3862504	11.2205811
159.4696114	20.6916809
159.5529724	24.5213928
159.6363334	29.8366394
159.7196945	31.9111938
159.8030555	25.3955078
159.8864165	17.9933777
159.9697775	3.5095825
160.0531385	-2.2252197
160.1364995	-1.2455750
160.2198605	-5.7568665
160.3032215	0.1227417
160.3865825	14.0850830
160.4699435	19.8685303
160.5533045	24.2838440
160.6366656	28.1824036
160.7200266	28.6210632
160.8033876	22.8780212
160.8867486	16.0424194
160.9701096	3.8479004
161.0534706	-0.9680786
161.1368316	-8.6791992
161.2201926	-2.3368225
161.3035536	-1.1492310
161.3869146	13.7649536
161.4702757	21.2157288
161.5536367	23.9056396
161.6369977	29.6397705
161.7203587	31.2972412
161.8037197	24.2174683
161.8870807	14.1108398
161.9704417	3.3273010
162.0538027	0.0010986
162.1371637	-2.2553101
162.2205247	-2.6925964
162.3038858	6.7577209
162.3872468	15.9647827
162.4706078	19.6481323
162.5539688	24.5462341
162.6373298	31.4619751
162.7206908	31.5258179
162.8040518	21.5606689
162.8874128	14.5084534
162.9707738	3.8387146
163.0541348	-0.7118530
163.1374958	-5.1127014
163.2208569	-6.1715088
163.3042179	-5.1007996
163.3875789	7.5568848
163.4709399	19.6120300
163.5543009	23.7111816
163.6376619	28.5976562
163.7210229	31.7532043
163.8043839	25.0593872
163.8877449	17.2480774
163.9711059	6.4931335
164.0544670	-4.2109375
164.1378280	-9.2294006
164.2211890	-8.8363342
164.3045500	3.4269104
164.3879110	15.9074402
164.4712720	18.2440186
164.5546330	25.4201355
164.6379940	32.9725952
164.7213550	36.9910278
164.8047160	24.6495972
164.8880771	16.2194519
164.9714381	5.7194824
165.0547991	-4.1809998
165.1381601	-4.2760010
165.2215211	-0.3901367
165.3048821	3.1269836
165.3882431	12.5915527
165.4716041	19.5006104
165.5549651	21.7673950
165.6383261	28.0537109
165.7216871	29.9253845
165.8050482	20.6766968
165.8884092	14.5678101
165.9717702	6.1906128
166.0551312	0.7092285
166.1384922	-3.8165588
166.2218532	-4.5571899
166.3052142	0.3129272
166.3885752	10.6349487
166.4719362	20.0157471
166.5552972	26.1783447
166.6386583	32.4839172
166.7220193	32.0666504
166.8053803	26.1881104
166.8887413	13.6336975
166.9721023	5.4043884
167.0554633	1.7910767
167.1388243	-5.8640747
167.2221853	-8.7774658
167.3055463	3.6964111
167.3889073	9.9775391
167.4722683	21.3338318
167.5556294	24.9632874
167.6389904	28.4925537
167.7223514	30.6044617
167.8057124	27.1913452
167.8890734	19.7511292
167.9724344	9.5650635
168.0557954	0.0163574
168.1391564	-5.4314575
168.2225174	-7.3563232
168.3058784	-3.9093018
168.3892395	11.6020813
168.4726005	20.7099304
168.5559615	25.6020508
168.6393225	29.8984375
168.7226835	31.9880371
168.8060445	25.5026855
168.8894055	15.5971375
168.9727665	6.8997803
169.0561275	1.4765320
169.1394885	-5.7055054
169.2228496	-12.8391724
169.3062106	-3.7470703
169.3895716	12.9500732
169.4729326	18.7015686
169.5562936	23.5503540
169.6396546	25.9611206
169.7230156	27.7920532
169.8063766	24.5152893
169.8897376	16.6342163
169.9730986	7.9739075
170.0564596	-2.7690735
170.1398207	-8.1917725
170.2231817	-7.3311462
170.3065427	-1.5103760
170.3899037	10.1069336
170.4732647	21.0345764
170.5566257	22.7273865
170.6399867	28.3296814
170.7233477	30.3635559
170.8067087	25.6902771
170.8900697	11.4511414
170.9734308	5.9880371
171.0567918	-3.6029053
171.1401528	-4.9134216
171.2235138	-5.8125916
171.3068748	1.6786804
171.3902358	14.7472229
171.4735968	20.3470154
171.5569578	23.0388489
171.6403188	29.4947815
171.7236798	31.6295471
171.8070409	26.6507874
171.8904019	15.6288147
171.9737629	7.2895508
172.0571239	0.7894897
172.1404849	-7.0053406
172.2238459	1.2296143
172.3072069	5.5175476
172.3905679	16.1140442
172.4739289	20.3773193
172.5572899	24.2976379
172.6406509	31.5461731
172.7240120	33.4777222
172.8073730	26.2747803
172.8907340	17.0940552
172.9740950	5.7333069
173.0574560	0.5665588
173.1408170	-6.7205505
173.2241780	-0.8940430
173.3075390	3.6902466
173.3909000	12.7756042
173.4742610	20.5896912
173.5576221	22.9772949
173.6409831	29.0478516
173.7243441	28.2106018
173.8077051	21.1527710
173.8910661	15.2968140
173.9744271	8.4643250
174.0577881	-1.0079651
174.1411491	-2.7978821
174.2245101	-1.1483765
174.3078711	4.2100220
174.3912321	15.3827820
174.4745932	19.4538269
174.5579542	22.6172485
174.6413152	29.8190918
174.7246762	29.4763489
174.8080372	22.4850464
174.8913982	17.5641785
174.9747592	2.7315979
175.0581202	0.0438538
175.1414812	-0.1179810
175.2248422	-0.4570007
175.3082033	10.0464478
175.3915643	18.2539368
175.4749253	19.3101807
175.5582863	24.2344971
175.6416473	31.1267090
175.7250083	32.0084839
175.8083693	23.3196106
175.8917303	18.1084900
175.9750913	7.3186035
176.0584523	1.8729858
176.1418134	-5.0561218
176.2251744	-8.3686829
176.3085354	-0.9208984
176.3918964	9.0606689
176.4752574	21.2248535
176.5586184	22.7306824
176.6419794	27.7405701
176.7253404	29.4323425
176.8087014	23.4301758
176.8920624	14.7867737
176.9754234	6.5668945
177.0587845	-0.4111023
177.1421455	-4.8181458
177.2255065	-7.7406006
177.3088675	-1.5187683
177.3922285	8.1214600
177.4755895	20.3883362
177.5589505	22.9604492
177.6423115	27.9590759
177.7256725	28.5317078
177.8090335	21.0876770
177.8923946	14.9226990
177.9757556	5.0617981
178.0591166	-3.2940369
178.1424776	-3.4002075
178.2258386	-2.0249329
178.3091996	0.1277771
178.3925606	17.9811707
178.4759216	24.5606384
178.5592826	24.5758972
178.6426436	29.7716675
178.7260046	30.4093323
178.8093657	24.4065857
178.8927267	18.5778809
178.9760877	7.4852295
179.0594487	1.6447144
179.1428097	-2.3555908
179.2261707	-4.6682434
179.3095317	0.3486633
179.3928927	11.0886841
179.4762537	18.9064636
179.5596147	25.2608032
179.6429758	30.6912537
179.7263368	31.1103210
179.8096978	27.3937378
179.8930588	14.5274048
179.9764198	7.0603333
180.0597808	-1.0412598
180.1431418	-4.3905334
180.2265028	-1.1593933
180.3098638	4.2070618
180.3932248	12.5029907
180.4765859	20.8078003
180.5599469	26.2114563
180.6433079	32.2619934
180.7266689	32.7287598
180.8100299	27.9121704
180.8933909	18.2164917
180.9767519	6.8222046
181.0601129	-0.0606079
181.1434739	-3.7731018
181.2268349	-2.6614685
181.3101959	6.2496643
181.3935570	16.1703796
181.4769180	19.8110352
181.5602790	27.5187073
181.6436400	33.1314087
181.7270010	30.0352173
181.8103620	24.3306274
181.8937230	15.4869995
181.9770840	5.4988098
182.0604450	1.1134338
182.1438060	-6.7136536
182.2271671	-0.0239868
182.3105281	6.9840393
182.3938891	16.2703552
182.4772501	22.8245239
182.5606111	25.3720398
182.6439721	35.6499939
182.7273331	35.9458313
182.8106941	26.0497437
182.8940551	14.9714355
182.9774161	9.6030579
183.0607772	-2.1219788
183.1441382	-8.8682861
183.2274992	-13.8131409
183.3108602	-4.5469666
183.3942212	12.2084656
183.4775822	23.1723022
183.5609432	25.1699524
183.6443042	27.6901245
183.7276652	31.1191711
183.8110262	24.9641724
183.8943872	14.1148071
183.9777483	5.7571716
184.0611093	-2.5933533
184.1444703	-3.2566833
184.2278313	-2.1562195
184.3111923	8.9267578
184.3945533	14.6719666
184.4779143	18.1052856
184.5612753	24.1942749
184.6446363	29.7293091
184.7279973	34.2810059
184.8113584	25.9478149
184.8947194	14.0690308
184.9780804	6.5894470
185.0614414	-0.9359436
185.1448024	-3.0119019
185.2281634	-3.7024536
185.3115244	5.0326538
185.3948854	16.8888245
185.4782464	23.8387146
185.5616074	24.0861206
185.6449684	28.8273926
185.7283295	28.8921814
185.8116905	25.3203125
185.8950515	15.5020447
185.9784125	5.3572693
186.0617735	-4.0411072
186.1451345	-7.4403381
186.2284955	-5.6168823
186.3118565	3.6905212
186.3952175	17.3680420
186.4785785	22.9799500
186.5619396	24.7463379
186.6453006	31.3843689
186.7286616	30.7079163
186.8120226	25.5617981
186.8953836	17.4251099
186.9787446	9.0294189
187.0621056	-0.2819519
187.1454666	-8.9678040
187.2288276	-4.6496582
187.3121886	3.0117798
187.3955497	10.4583130
187.4789107	17.3580933
187.5622717	24.6641235
187.6456327	32.0583191
187.7289937	30.9982605
187.8123547	25.5467834
187.8957157	13.6399231
187.9790767	8.7304382
188.0624377	0.1339722
188.1457987	-8.7423706
188.2291597	-1.5459595
188.3125208	-1.6030579
188.3958818	13.3093872
188.4792428	19.6408997
188.5626038	25.9183960
188.6459648	28.9949951
188.7293258	30.2192993
188.8126868	25.0519409
188.8960478	16.4282532
188.9794088	8.1646729
189.0627698	2.4316406
189.1461309	-7.5047302
189.2294919	-5.3639832
189.3128529	2.1271667
189.3962139	13.1273804
189.4795749	22.6007385
189.5629359	24.5851440
189.6462969	29.5120544
189.7296579	34.9495239
189.8130189	28.7445068
189.8963799	16.0769043
189.9797409	6.5801697
190.0631020	-0.6629639
190.1464630	-5.5447388
190.2298240	-0.3994751
190.3131850	5.2581787
190.3965460	16.2165527
190.4799070	21.2727966
190.5632680	27.9503174
190.6466290	32.2196045
190.7299900	33.9304810
190.8133510	27.5233154
190.8967121	17.1600647
190.9800731	6.7302551
191.0634341	2.5694580
191.1467951	-1.8220215
191.2301561	-2.6092224
191.3135171	9.3502502
191.3968781	15.6342163
191.4802391	21.0556641
191.5636001	28.3113403
191.6469611	31.5777588
191.7303222	36.9737549
191.8136832	26.2304993
191.8970442	17.2576599
191.9804052	5.7870178
192.0637662	1.4902649
192.1471272	-2.2663574
192.2304882	-0.8434143
192.3138492	7.7919922
192.3972102	12.0601807
192.4805712	19.2984009
192.5639322	25.2064514
192.6472933	31.6883850
192.7306543	33.7671204
192.8140153	29.8076782
192.8973763	17.6051025
192.9807373	6.1753235
193.0640983	-2.4602966
193.1474593	-4.9297180
193.2308203	-0.9023743
193.3141813	-1.3846436
193.3975423	18.6446838
193.4809034	23.0369263
193.5642644	28.1196594
193.6476254	31.9098206
193.7309864	33.1926880
193.8143474	27.1418152
193.8977084	14.4139709
193.9810694	6.9541931
194.0644304	-0.9566956
194.1477914	-3.5017395
194.2311524	-4.6704712
194.3145135	0.2647400
194.3978745	14.1069946
194.4812355	22.1664124
194.5645965	26.4405212
194.6479575	28.4175720
194.7313185	31.3572083
194.8146795	26.4120483
194.8980405	13.6848755
194.9814015	6.0196838
195.0647625	1.2649536
195.1481235	-1.3747864
195.2314846	-2.6053467
195.3148456	7.6809998
195.3982066	13.6024780
195.4815676	19.9757690
195.5649286	25.8402100
195.6482896	30.8924255
195.7316506	30.8915100
195.8150116	29.5066528
195.8983726	17.9848328
195.9817336	4.2772522
196.0650947	1.2275391
196.1484557	-1.7834778
196.2318167	-0.2731323
196.3151777	8.1011047
196.3985387	12.9710693
196.4818997	21.6894836
196.5652607	28.1130066
196.6486217	34.8168335
196.7319827	30.8182068
196.8153437	23.8306580
196.8987047	14.6854858
196.9820658	6.0382690
197.0654268	0.1471558
197.1487878	-3.8780212
197.2321488	-9.0815430
197.3155098	-3.1959839
197.3988708	11.2007446
197.4822318	21.0032043
197.5655928	25.0840149
197.6489538	31.7735291
197.7323148	32.2835083
197.8156759	27.0117188
197.8990369	14.9996643
197.9823979	4.6277771
198.0657589	0.4749451
198.1491199	-2.2830505
198.2324809	-1.0143127
198.3158419	4.5418701
198.3992029	16.3239136
198.4825639	22.1507568
198.5659249	28.2035217
198.6492860	32.1765442
198.7326470	35.4008484
198.8160080	26.0158081
198.8993690	17.7855530
198.9827300	6.6559143
199.0660910	-1.6490784
199.1494520	-2.6104431
199.2328130	-6.0149841
199.3161740	-1.0940857
199.3995350	19.2919312
199.4828960	24.4619751
199.5662571	27.0374756
199.6496181	30.1418152
199.7329791	34.8437195
199.8163401	25.9684143
199.8997011	13.6271362
199.9830621	6.0275574
200.0664231	0.2674255
200.1497841	-3.8832092
200.2331451	-1.8856506
200.3165061	3.1571350
200.3998672	16.4942322
200.4832282	21.0775146
200.5665892	24.9965515
200.6499502	35.2378235
200.7333112	33.7491455
200.8166722	25.5895691
200.9000332	16.8790894
200.9833942	10.0931702
201.0667552	2.1635437
201.1501162	-2.4323730
201.2334773	-2.0667419
201.3168383	7.5158997
201.4001993	16.6078491
201.4835603	24.9005127
201.5669213	25.7186584
201.6502823	32.0980530
201.7336433	37.6409607
201.8170043	28.4726868
201.9003653	19.3110962
201.9837263	9.1497192
202.0670873	-0.1152954
202.1504484	-2.7510071
202.2338094	-3.7236328
202.3171704	0.6321106
202.4005314	15.0776978
202.4838924	22.9188232
202.5672534	26.6632690
202.6506144	30.9259644
202.7339754	30.8696899
202.8173364	27.2997131
202.9006974	17.2367249
202.9840585	8.9579468
203.0674195	-0.2629395
203.1507805	-1.2972717
203.2341415	-4.4059448
203.3175025	-1.1589355
203.4008635	16.6329346
203.4842245	20.4140625
203.5675855	23.5341492
203.6509465	29.9689941
203.7343075	32.0480042
203.8176685	26.5871887
203.9010296	16.0277710
203.9843906	5.4410706
204.0677516	-0.2401123
204.1511126	-2.3683472
204.2344736	-6.1544189
204.3178346	-1.8346252
204.4011956	12.8570557
204.4845566	24.9186096
204.5679176	25.5101318
204.6512786	32.0798645
204.7346397	31.1146240
204.8180007	27.0686951
204.9013617	14.5235291
204.9847227	5.3440552
205.0680837	0.5847778
205.1514447	-5.3400269
205.2348057	1.9299316
205.3181667	8.4989929
205.4015277	19.8603210
205.4848887	21.5654297
205.5682498	28.5786438
205.6516108	34.8172302
205.7349718	33.2627563
205.8183328	28.1874390
205.9016938	19.0720520
205.9850548	10.4866028
206.0684158	2.2741089
206.1517768	-2.4630127
206.2351378	3.3908386
206.3184988	5.1284485
206.4018598	11.7063599
206.4852209	20.7888184
206.5685819	28.3153992
206.6519429	34.6079407
206.7353039	35.1784668
206.8186649	29.1858826
206.9020259	18.7776489
206.9853869	7.9373474
207.0687479	-0.3351746
207.1521089	-5.0318298
207.2354699	-2.5418091
207.3188310	8.1954956
207.4021920	17.1712036
207.4855530	24.3703613
207.5689140	25.1083679
207.6522750	28.6321106
207.7356360	28.3460083
207.8189970	27.8335571
207.9023580	17.2709351
207.9857190	6.6717834
208.0690800	-1.1158447
208.1524410	-3.6594238
208.2358021	-3.6388245
208.3191631	5.2417603
208.4025241	13.0847168
208.4858851	25.8990479
208.5692461	26.6616211
208.6526071	31.9047546
208.7359681	35.4960022
208.8193291	26.9613342
208.9026901	14.7921753
208.9860511	7.4988098
209.0694122	1.4839478
209.1527732	1.5491638
209.2361342	5.0773926
209.3194952	7.3701172
209.4028562	12.8599854
209.4862172	22.7956238
209.5695782	26.2506409
209.6529392	30.1819153
209.7363002	32.9931030
209.8196612	26.0894470
209.9030223	17.3976135
209.9863833	7.4552307
210.0697443	2.9410095
210.1531053	-0.6608276
210.2364663	6.1313782
210.3198273	9.1859741
210.4031883	20.5115356
210.4865493	21.6373596
210.5699103	25.9404297
210.6532713	33.5344543
210.7366323	31.3722229
210.8199934	27.0570679
210.9033544	19.4736633
210.9867154	7.1434631
211.0700764	2.5955811
211.1534374	-1.6725464
211.2367984	0.0628052
211.3201594	9.8935547
211.4035204	19.7525940
211.4868814	22.5793762
211.5702424	26.2095642
211.6536035	35.2281799
211.7369645	31.7654419
211.8203255	25.5510864
211.9036865	16.4771423
211.9870475	8.0688782
212.0704085	1.2283936
212.1537695	-5.9423523
212.2371305	-1.6515808
212.3204915	4.8650818
212.4038525	14.0890503
212.4872136	22.2489624
212.5705746	27.6119080
212.6539356	33.3834839
212.7372966	32.8329468
212.8206576	28.5225220
212.9040186	17.5451965
212.9873796	7.8410339
213.0707406	1.4226685
213.1541016	-1.7776489
213.2374626	2.5014343
213.3208236	8.8179932
213.4041847	17.4294128
213.4875457	19.5564575
213.5709067	24.7470703
213.6542677	30.6185608
213.7376287	27.4713745
213.8209897	24.2859192
213.9043507	18.1339722
213.9877117	5.9529724
214.0710727	0.1725464
214.1544337	-0.9784241
214.2377948	-4.7449036
214.3211558	1.0190735
214.4045168	18.5132751
214.4878778	25.0963440
214.5712388	25.2495117
214.6545998	32.7260132
214.7379608	32.0248413
214.8213218	28.1493530
214.9046828	19.3808899
214.9880438	11.4364624
215.0714048	4.5744324
215.1547659	-0.5545959
215.2381269	-3.3585205
215.3214879	8.1320496
215.4048489	18.8318176
215.4882099	20.1649780
215.5715709	28.2073059
215.6549319	31.8393555
215.7382929	34.7222900
215.8216539	28.4704285
215.9050149	17.7908936
215.9883760	9.1434631
216.0717370	-0.1347656
216.1550980	-3.5139160
216.2384590	1.1282654
216.3218200	8.8406982
216.4051810	17.5117798
216.4885420	21.5169983
216.5719030	27.4747620
216.6552640	33.7710266
216.7386250	35.6241150
216.8219861	30.5529175
216.9053471	14.2759399
216.9887081	7.5144958
217.0720691	0.5035095
217.1554301	-1.1395264
217.2387911	-4.6390686
217.3221521	1.0986938
217.4055131	13.4952087
217.4888741	26.3679810
217.5722351	27.8465881
217.6555961	35.8864441
217.7389572	31.5446472
217.8223182	28.5100708
217.9056792	17.4576111
217.9890402	9.3003235
218.0724012	2.8041382
218.1557622	-0.0194397
218.2391232	-0.6181641
218.3224842	10.9588928
218.4058452	19.5253296
218.4892062	22.1844788
218.5725673	28.0310669
218.6559283	34.7864685
218.7392893	32.7270203
218.8226503	27.8888245
218.9060113	19.3421631
218.9893723	8.0334167
219.0727333	0.8629761
219.1560943	-3.7564087
219.2394553	-3.1478882
219.3228163	1.6295471
219.4061773	15.6340637
219.4895384	24.7541504
219.5728994	24.9546509
219.6562604	31.2729797
219.7396214	35.0622559
219.8229824	28.7300415
219.9063434	19.6078796
219.9897044	10.7751160
220.0730654	0.0287170
220.1564264	-2.9589233
220.2397874	-1.2112122
220.3231485	5.3076782
220.4065095	18.0650940
220.4898705	21.7601013
220.5732315	27.2820435
220.6565925	31.9198914
220.7399535	34.2481689
220.8233145	27.3689270
220.9066755	13.9651489
220.9900365	9.1163940
221.0733975	3.2185059
221.1567586	2.0710754
221.2401196	0.4315186
221.3234806	5.8559875
221.4068416	17.5097961
221.4902026	23.2102356
221.5735636	27.2984619
221.6569246	32.0308533
221.7402856	35.4896240
221.8236466	27.7715149
221.9070076	17.5264282
221.9903686	9.4635315
222.0737297	0.0882874
222.1570907	-2.7503052
222.2404517	-0.5041199
222.3238127	3.3688660
222.4071737	16.1477356
222.4905347	23.1593933
222.5738957	27.3817749
222.6572567	28.6496887
222.7406177	32.3758240
222.8239787	25.8102112
222.9073398	19.1438599
222.9907008	8.6895447
223.0740618	2.7959290
223.1574228	-0.0876465
223.2407838	-0.1252136
223.3241448	7.7384644
223.4075058	18.8035278
223.4908668	24.5657959
223.5742278	28.0729980
223.6575888	31.7563477
223.7409499	34.4255371
223.8243109	27.3979492
223.9076719	18.6777954
223.9910329	10.1226196
224.0743939	3.3524780
224.1577549	0.4497681
224.2411159	2.6116943
224.3244769	14.3622131
224.4078379	18.9867554
224.4911989	22.6564636
224.5745599	27.0492859
224.6579210	33.1562195
224.7412820	34.3078918
224.8246430	28.2942200
224.9080040	19.7229004
224.9913650	7.1772461
225.0747260	0.5463257
225.1580870	-2.2346802
225.2414480	-0.3381042
225.3248090	1.6931763
225.4081700	16.1722717
225.4915311	21.2782288
225.5748921	25.8357849
225.6582531	36.0726929
225.7416141	31.6789856
225.8249751	27.0296021
225.9083361	17.4177246
225.9916971	4.9416504
226.0750581	0.9510193
226.1584191	1.3240051
226.2417801	3.1818848
226.3251411	5.8161926
226.4085022	14.7200317
226.4918632	19.5216370
226.5752242	27.2131958
226.6585852	36.5832520
226.7419462	35.7389221
226.8253072	28.4030457
226.9086682	17.9355164
226.9920292	7.0117493
227.0753902	0.0829773
227.1587512	-3.5866089
227.2421123	-1.3461609
227.3254733	10.3835144
227.4088343	18.9241943
227.4921953	25.0694275
227.5755563	30.6766357
227.6589173	35.3485413
227.7422783	38.8742065
227.8256393	30.5523682
227.9090003	21.8546448
227.9923613	6.8707581
228.0757224	1.8830566
228.1590834	-1.3873901
228.2424444	7.0082397
228.3258054	5.7967224
228.4091664	14.0421448
228.4925274	24.9571533
228.5758884	28.1235046
228.6592494	32.1245117
228.7426104	35.8577576
228.8259714	31.0814819
228.9093324	14.3089600
228.9926935	8.0872803
229.0760545	1.7014771
229.1594155	-0.8928223
229.2427765	2.4100952
229.3261375	9.0454407
229.4094985	17.0338135
229.4928595	23.0839233
229.5762205	25.7200928
229.6595815	33.6021423
229.7429425	33.0158081
229.8263036	29.6536865
229.9096646	17.3093872
229.9930256	6.7153320
230.0763866	1.0033875
230.1597476	-3.1369629
230.2431086	-4.5470886
230.3264696	2.5295715
230.4098306	17.3223267
230.4931916	22.9389343
230.5765526	28.3213501
230.6599136	31.1683655
230.7432747	34.8465576
230.8266357	28.7649841
230.9099967	20.3330688
230.9933577	6.6903381
231.0767187	-0.0364380
231.1600797	4.6031189
231.2434407	6.2949829
231.3268017	10.3747253
231.4101627	17.1486511
231.4935237	26.3858948
231.5768848	25.6415100
231.6602458	35.7397766
231.7436068	36.7281799
231.8269678	27.0696411
231.9103288	14.5655518
231.9936898	11.2013245
232.0770508	2.1934509
232.1604118	-6.2470398
232.2437728	0.3356934
232.3271338	9.7790833
232.4104949	16.5995483
232.4938559	22.8520508
232.5772169	28.9489441
232.6605779	34.4458618
232.7439389	34.2289124
232.8272999	27.9855652
232.9106609	16.2520447
232.9940219	9.8819580
233.0773829	2.6992493
233.1607439	0.9844666
233.2441049	-0.3307190
233.3274660	5.0217285
233.4108270	15.4726868
233.4941880	24.9521484
233.5775490	28.8226929
233.6609100	37.0068970
233.7442710	39.5678711
233.8276320	32.4150391
233.9109930	19.6084595
233.9943540	9.6697693
234.0777150	1.6869812
234.1610761	1.5724182
234.2444371	3.2660828
234.3277981	7.2780151
234.4111591	20.7723999
234.4945201	22.8470764
234.5778811	27.9042053
234.6612421	34.5957947
234.7446031	35.2586670
234.8279641	28.1321411
234.9113251	18.7905273
234.9946862	11.7210083
235.0780472	2.7129211
235.1614082	-2.9928284
235.2447692	-2.9089661
235.3281302	3.4064941
235.4114912	14.0997925
235.4948522	23.1767273
235.5782132	29.5422058
235.6615742	38.7346802
235.7449352	38.8923035
235.8282962	31.2026367
235.9116573	24.2935791
235.9950183	12.4466858
236.0783793	3.6253967
236.1617403	-0.2178955
236.2451013	1.6933899
236.3284623	7.5454712
236.4118233	13.6679993
236.4951843	24.7958069
236.5785453	29.4262695
236.6619063	33.6264038
236.7452674	37.3548889
236.8286284	27.0796814
236.9119894	21.7205811
236.9953504	7.6118164
237.0787114	3.3585205
237.1620724	0.0172729
237.2454334	5.5513306
237.3287944	11.1581116
237.4121554	18.3854065
237.4955164	22.7861938
237.5788774	26.2768250
237.6622385	35.7701111
237.7455995	37.4382324
237.8289605	28.5542297
237.9123215	19.8431702
237.9956825	9.5252075
238.0790435	4.9351196
238.1624045	1.7554016
238.2457655	1.9135742
238.3291265	13.7257690
238.4124875	17.3797913
238.4958486	22.4799500
238.5792096	29.2438660
238.6625706	36.4084778
238.7459316	36.8931580
238.8292926	33.1243896
238.9126536	16.1947632
238.9960146	8.8761902
239.0793756	1.7383728
239.1627366	0.1331177
239.2460976	3.1523743
239.3294587	13.9980164
239.4128197	17.7419434
239.4961807	21.5510254
239.5795417	29.8067322
239.6629027	32.6675720
239.7462637	38.9936218
239.8296247	31.2860718
239.9129857	19.9049683
239.9963467	11.0878906
240.0797077	3.8922424
240.1630687	1.7628784
240.2464298	4.1707764
240.3297908	4.5333252
240.4131518	14.0650940
240.4965128	24.0618896
240.5798738	28.7230225
240.6632348	34.0320435
240.7465958	35.8478394
240.8299568	30.1553345
240.9133178	17.7327576
240.9966788	9.7776489
241.0800399	3.4474792
241.1634009	1.6931152
241.2467619	5.8410034
241.3301229	6.7491150
241.4134839	16.4831543
241.4968449	26.9586487
241.5802059	28.7267456
241.6635669	35.5697632
241.7469279	35.8227539
241.8302889	30.2898865
241.9136500	18.2703247
241.9970110	10.8440247
242.0803720	2.1119080
242.1637330	-2.3124390
242.2470940	-0.5850830
242.3304550	9.3728333
242.4138160	15.7143860
242.4971770	22.4486694
242.5805380	28.5643005
242.6638990	33.0427246
242.7472600	34.7482300
242.8306211	31.7129517
242.9139821	19.5851746
242.9973431	8.6998596
243.0807041	4.4189453
243.1640651	0.9962769
243.2474261	3.1228638
243.3307871	10.4244690
243.4141481	17.0100098
243.4975091	22.7014160
243.5808701	28.8432617
243.6642312	33.4370117
243.7475922	33.0020142
243.8309532	27.5234680
243.9143142	19.4948425
243.9976752	9.1364136
244.0810362	-0.2429504
244.1643972	-2.2265320
244.2477582	-0.9006958
244.3311192	9.9313965
244.4144802	17.2083435
244.4978412	25.3234253
244.5812023	30.1037292
244.6645633	35.8931580
244.7479243	38.5870667
244.8312853	31.1504211
244.9146463	19.7212830
244.9980073	9.7796326
245.0813683	5.8054810
245.1647293	-0.7019348
245.2480903	-2.0732727
245.3314513	8.8081665
245.4148124	19.0910034
245.4981734	25.9103699
245.5815344	29.9671021
245.6648954	35.5634766
245.7482564	32.7982483
245.8316174	28.0126648
245.9149784	17.9962463
245.9983394	9.2069092
246.0817004	1.9489746
246.1650614	0.9882507
246.2484225	-1.3722839
246.3317835	8.7384033
246.4151445	17.5298157
246.4985055	22.8905334
246.5818665	26.7319946
246.6652275	33.7572021
246.7485885	37.2345276
246.8319495	31.5455933
246.9153105	17.9986267
246.9986715	8.6731262
247.0820325	1.6993103
247.1653936	-0.2015991
247.2487546	4.8289490
247.3321156	6.7803955
247.4154766	17.3929138
247.4988376	24.4779663
247.5821986	30.6145630
247.6655596	35.8793030
247.7489206	37.1976318
247.8322816	28.8130798
247.9156426	21.7331238
247.9990037	9.2033997
248.0823647	4.6092529
248.1657257	3.7852478
248.2490867	7.4073181
248.3324477	9.7861938
248.4158087	15.0397339
248.4991697	23.8374023
248.5825307	31.3029785
248.6658917	36.4255066
248.7492527	34.8217468
248.8326137	28.8487549
248.9159748	16.1578064
248.9993358	10.9665222
249.0826968	3.1308899
249.1660578	-0.0882568
249.2494188	-1.3196716
249.3327798	4.8309021
249.4161408	13.6333618
249.4995018	23.9010315
249.5828628	32.8292847
249.6662238	36.5039368
249.7495849	39.3216248
249.8329459	29.3254700
249.9163069	17.0184631
249.9996679	10.4362793
