# time(yr)	moisture(mm/m)
0.0000000	325.8628540
0.0833610	344.0468445
0.1667220	344.0793457
0.2500830	366.6970520
0.3334440	389.2789612
0.4168050	319.4096069
0.5001661	326.8871460
0.5835271	282.4261780
0.6668881	232.0035400
0.7502491	236.3384399
0.8336101	250.1766968
0.9169711	284.3647766
1.0003321	327.6956787
1.0836931	362.5545654
1.1670541	373.3326416
1.2504151	401.0453796
1.3337762	330.9553833
1.4171372	318.2322388
1.5004982	290.8476562
1.5838592	292.1140747
1.6672202	249.3141022
1.7505812	242.7724457
1.8339422	282.4562988
1.9173032	304.5452271
2.0006642	351.7555542
2.0840252	408.0980225
2.1673863	408.7919617
2.2507473	421.7676697
2.3341083	338.8558350
2.4174693	305.7789307
2.5008303	288.3916016
2.5841913	298.9623718
2.6675523	250.0164185
2.7509133	234.1538086
2.8342743	253.2112274
2.9176353	295.5875244
3.0009963	329.1546631
3.0843574	327.9249878
3.1677184	388.8493347
3.2510794	421.7626648
3.3344404	349.4061890
3.4178014	330.3296814
3.5011624	307.2280273
3.5845234	311.9725342
3.6678844	266.7790833
3.7512454	266.7881775
3.8346064	238.1013947
3.9179675	256.3133240
4.0013285	289.3984375
4.0846895	312.5935669
4.1680505	312.9225464
4.2514115	339.0521851
4.3347725	326.6213074
4.4181335	315.5675964
4.5014945	307.0049438
4.5848555	277.2391968
4.6682165	233.4864502
4.7515775	237.0096283
4.8349386	278.3278198
4.9182996	309.5019836
5.0016606	332.3728943
5.0850216	342.6403198
5.1683826	342.9818420
5.2517436	342.9820251
5.3351046	390.1785889
5.4184656	311.9284363
5.5018266	286.7819519
5.5851876	267.2932129
5.6685487	236.0226288
5.7519097	200.1385651
5.8352707	269.5346985
5.9186317	314.8914795
6.0019927	328.0870056
6.0853537	397.6315308
6.1687147	397.4588013
6.2520757	417.4085999
6.3354367	329.2654114
6.4187977	318.9057312
6.5021588	277.9685669
6.5855198	255.6969452
6.6688808	222.2444000
6.7522418	214.9737396
6.8356028	231.7136536
6.9189638	313.6546631
7.0023248	314.0076904
7.0856858	398.6285400
7.1690468	404.0940247
7.2524078	419.8294067
7.3357688	339.9708557
7.4191299	323.5091553
7.5024909	292.0770264
7.5858519	289.2879639
7.6692129	275.9115601
7.7525739	277.4495239
7.8359349	304.9107971
7.9192959	312.2741394
8.0026569	377.9984436
8.0860179	380.4923096
8.1693789	382.4505310
8.2527400	412.5240784
8.3361010	330.7577820
8.4194620	300.7395935
8.5028230	249.9927368
8.5861840	234.6182861
8.6695450	227.2902527
8.7529060	212.6397400
8.8362670	211.2554626
8.9196280	290.7570801
9.0029890	323.0131836
9.0863500	324.5396729
9.1697111	324.8181152
9.2530721	324.8080444
9.3364331	387.1561890
9.4197941	307.5714111
9.5031551	310.1946411
9.5865161	274.3066101
9.6698771	226.6799011
9.7532381	271.9009705
9.8365991	286.4753113
9.9199601	279.9345703
10.0033212	315.3298950
10.0866822	357.0878296
10.1700432	359.0350952
10.2534042	382.2261963
10.3367652	335.9511414
10.4201262	292.5335388
10.5034872	235.3414612
10.5868482	220.7128296
10.6702092	239.8430481
10.7535702	257.9622803
10.8369313	263.7553406
10.9202923	291.9803467
11.0036533	301.2215271
11.0870143	316.6518555
11.1703753	327.9244080
11.2537363	365.9827881
11.3370973	334.4674072
11.4204583	315.7635498
11.5038193	298.1106873
11.5871803	289.7062683
11.6705413	262.1470642
11.7539024	235.6056976
11.8372634	267.1013794
11.9206244	308.8709717
12.0039854	336.5822754
12.0873464	341.5119629
12.1707074	341.7210388
12.2540684	369.4667969
12.3374294	363.6098022
12.4207904	312.0914307
12.5041514	286.9981995
12.5875125	232.6071930
12.6708735	246.5649872
12.7542345	282.5217590
12.8375955	285.8707886
12.9209565	293.2606812
13.0043175	305.2527466
13.0876785	327.6428223
13.1710395	327.8643494
13.2544005	368.5802307
13.3377615	353.9169006
13.4211226	301.6872559
13.5044836	251.5866699
13.5878446	243.2426910
13.6712056	188.6798859
13.7545666	211.7783203
13.8379276	248.7142944
13.9212886	262.7047424
14.0046496	272.0585632
14.0880106	294.2231750
14.1713716	294.4076843
14.2547326	333.1925964
14.3380937	319.9866943
14.4214547	287.4679565
14.5048157	241.4392853
14.5881767	221.9643707
14.6715377	186.1252594
14.7548987	204.0428772
14.8382597	240.8195343
14.9216207	279.9857483
15.0049817	340.8562622
15.0883427	375.4314270
15.1717038	375.4411316
15.2550648	375.4411926
15.3384258	384.1773987
15.4217868	325.0351562
15.5051478	314.4807739
15.5885088	267.7084961
15.6718698	252.3986664
15.7552308	247.1647797
15.8385918	254.4743195
15.9219528	279.4362488
16.0053138	325.9893799
16.0886749	327.5115662
16.1720359	327.5145569
16.2553969	327.5155029
16.3387579	386.9875793
16.4221189	321.9944458
16.5054799	266.6087646
16.5888409	258.9223328
16.6722019	287.0179138
16.7555629	281.0228882
16.8389239	260.3334045
16.9222850	329.0509338
17.0056460	356.7665100
17.0890070	397.5832214
17.1723680	397.9153137
17.2557290	397.8616333
17.3390900	390.3648682
17.4224510	318.6428223
17.5058120	257.8193359
17.5891730	319.8488770
17.6725340	294.6399536
17.7558951	332.0976868
17.8392561	310.8223267
17.9226171	293.7304382
18.0059781	299.3121948
18.0893391	354.8790588
18.1727001	411.8803406
18.2560611	399.9030151
18.3394221	339.0314331
18.4227831	301.3123169
18.5061441	313.3203430
18.5895051	296.6250610
18.6728662	254.2487030
18.7562272	279.4819031
18.8395882	299.2489319
18.9229492	299.1563416
19.0063102	324.4142761
19.0896712	358.0985718
19.1730322	358.9866028
19.2563932	389.4930420
19.3397542	350.3719177
19.4231152	290.3734131
19.5064763	275.5590210
19.5898373	231.1790161
19.6731983	199.3121948
19.7565593	190.9835205
19.8399203	187.5785370
19.9232813	230.2984924
20.0066423	305.3348083
20.0900033	315.0942383
20.1733643	315.0968323
20.2567253	369.3240662
20.3400864	326.1849365
20.4234474	310.1055603
20.5068084	258.6463318
20.5901694	286.9260254
20.6735304	301.9275818
20.7568914	265.6410217
20.8402524	276.0115051
20.9236134	332.2181091
21.0069744	335.0847168
21.0903354	378.0218506
21.1736964	387.2659607
21.2570575	372.2900696
21.3404185	328.4974976
21.4237795	303.7735291
21.5071405	290.6210022
21.5905015	243.3859558
21.6738625	264.9661255
21.7572235	265.3026123
21.8405845	251.6415710
21.9239455	299.1476135
22.0073065	331.4105530
22.0906676	337.0930176
22.1740286	337.1173401
22.2573896	361.8545532
22.3407506	362.9604797
22.4241116	323.2363586
22.5074726	255.6824646
22.5908336	236.0491028
22.6741946	219.2442627
22.7575556	261.6690369
22.8409166	334.8404541
22.9242776	329.6066284
23.0076387	373.8109436
23.0909997	380.7392883
23.1743607	380.7398071
23.2577217	380.7402344
23.3410827	388.0821228
23.4244437	315.3603210
23.5078047	261.6096497
23.5911657	222.4151154
23.6745267	230.1929932
23.7578877	247.7444611
23.8412488	293.1263428
23.9246098	295.7251587
24.0079708	322.1109619
24.0913318	322.8032227
24.1746928	322.8564453
24.2580538	322.8565979
24.3414148	380.9444580
24.4247758	315.0694275
24.5081368	289.2219849
24.5914978	238.4841614
24.6748589	197.5630646
24.7582199	206.5716705
24.8415809	275.3749390
24.9249419	323.7229004
25.0083029	324.6582031
25.0916639	340.1970520
25.1750249	340.3478088
25.2583859	340.3931885
25.3417469	380.1924438
25.4251079	325.3083801
25.5084689	310.1597900
25.5918300	310.3281555
25.6751910	252.6028442
25.7585520	234.3176727
25.8419130	312.0542908
25.9252740	315.7570801
26.0086350	317.4260864
26.0919960	389.2914124
26.1753570	390.5518799
26.2587180	390.7012939
26.3420790	395.3875732
26.4254401	325.8857117
26.5088011	293.3522034
26.5921621	317.0236511
26.6755231	243.2896271
26.7588841	232.6895905
26.8422451	249.0764923
26.9256061	286.3876343
27.0089671	324.3991089
27.0923281	326.9547424
27.1756891	327.0559082
27.2590501	327.0565186
27.3424112	366.9780579
27.4257722	308.8789673
27.5091332	236.8173676
27.5924942	191.3662872
27.6758552	187.5958710
27.7592162	195.8307648
27.8425772	205.7933044
27.9259382	331.6037903
28.0092992	346.2840576
28.0926602	430.6753235
28.1760213	443.8906555
28.2593823	451.0695190
28.3427433	329.7856140
28.4261043	311.8298035
28.5094653	277.2725830
28.5928263	243.0149384
28.6761873	250.6390839
28.7595483	276.2099915
28.8429093	312.2318726
28.9262703	295.7866516
29.0096314	364.2757263
29.0929924	418.2443848
29.1763534	419.8461304
29.2597144	425.6530762
29.3430754	366.1672974
29.4264364	302.8733215
29.5097974	274.5366211
29.5931584	242.0826874
29.6765194	219.9032745
29.7598804	203.3359070
29.8432414	291.4718628
29.9266025	326.2071228
30.0099635	327.1697388
30.0933245	416.3509827
30.1766855	387.9313660
30.2600465	353.7807617
30.3434075	340.7333984
30.4267685	333.5462036
30.5101295	312.5247192
30.5934905	284.3918762
30.6768515	231.3195496
30.7602126	241.5474548
30.8435736	289.9419861
30.9269346	311.6653137
31.0102956	320.8159485
31.0936566	410.6726990
31.1770176	452.2707520
31.2603786	446.2772522
31.3437396	328.5405579
31.4271006	280.0493774
31.5104616	283.3356323
31.5938227	236.4410706
31.6771837	192.8760223
31.7605447	179.0815735
31.8439057	209.8462372
31.9272667	321.0891418
32.0106277	361.2465210
32.0939887	405.5054932
32.1773497	405.9248657
32.2607107	409.9869995
32.3440717	388.2000122
32.4274327	303.8665466
32.5107938	271.3626099
32.5941548	233.1693268
32.6775158	226.2143402
32.7608768	225.1781158
32.8442378	270.8668823
32.9275988	337.0515442
33.0109598	354.9890137
33.0943208	378.0925903
33.1776818	378.4883118
33.2610428	378.4883118
33.3444039	403.6965637
33.4277649	328.5228882
33.5111259	304.7055054
33.5944869	241.5397339
33.6778479	212.2015228
33.7612089	233.5462646
33.8445699	266.6408386
33.9279309	309.5477600
34.0112919	332.6658020
34.0946529	342.3684387
34.1780139	342.4583130
34.2613750	345.9710388
34.3447360	383.4241638
34.4280970	320.2263489
34.5114580	308.0474854
34.5948190	277.5608521
34.6781800	240.7890778
34.7615410	218.7396088
34.8449020	273.3699341
34.9282630	320.1693726
35.0116240	332.6727600
35.0949851	338.3797913
35.1783461	338.4342651
35.2617071	338.4087219
35.3450681	381.5973206
35.4284291	304.6984558
35.5117901	263.7497559
35.5951511	235.3572693
35.6785121	186.7557831
35.7618731	219.1949921
35.8452341	260.8600159
35.9285952	290.6258545
36.0119562	301.5693970
36.0953172	306.5278625
36.1786782	306.7177734
36.2620392	346.8960571
36.3454002	331.1938477
36.4287612	334.0105591
36.5121222	298.8962708
36.5954832	271.8159790
36.6788442	233.0791168
36.7622052	265.2050476
36.8455663	303.7315674
36.9289273	313.8937378
37.0122883	336.0600891
37.0956493	372.7379761
37.1790103	373.0500183
37.2623713	376.8309326
37.3457323	389.8748779
37.4290933	316.7438354
37.5124543	293.1370850
37.5958153	232.8384094
37.6791764	183.0466614
37.7625374	179.3334808
37.8458984	206.2653351
37.9292594	313.9999084
38.0126204	323.3533325
38.0959814	358.3914490
38.1793424	360.3942566
38.2627034	399.8844299
38.3460644	331.4844971
38.4294254	310.5290833
38.5127864	268.2934875
38.5961475	219.6171265
38.6795085	264.6851501
38.7628695	251.0649567
38.8462305	268.9905090
38.9295915	320.4384766
39.0129525	382.4315796
39.0963135	403.7364502
39.1796745	403.8549805
39.2630355	421.3380127
39.3463965	390.7563171
39.4297576	317.3601990
39.5131186	303.7085571
39.5964796	235.3823547
39.6798406	238.1492157
39.7632016	269.8336182
39.8465626	291.4233398
39.9299236	289.9362793
40.0132846	325.6565552
40.0966456	339.7361450
40.1800066	340.1083984
40.2633677	374.8187866
40.3467287	331.4557800
40.4300897	302.4274902
40.5134507	300.8610535
40.5968117	242.2575378
40.6801727	264.4910889
40.7635337	238.6821899
40.8468947	239.5534821
40.9302557	284.7257690
41.0136167	297.5949707
41.0969777	345.6060181
41.1803388	347.8518372
41.2636998	347.8614502
41.3470608	387.5911255
41.4304218	319.8282471
41.5137828	299.0175476
41.5971438	217.4560699
41.6805048	199.9327087
41.7638658	197.6435699
41.8472268	239.2744293
41.9305878	286.7874451
42.0139489	334.9730225
42.0973099	340.9191284
42.1806709	341.3722839
42.2640319	341.6278992
42.3473929	371.1264343
42.4307539	306.9859314
42.5141149	319.5156250
42.5974759	252.9113617
42.6808369	214.2639618
42.7641979	218.8919525
42.8475590	295.3921814
42.9309200	300.9909973
43.0142810	301.9867859
43.0976420	344.5886536
43.1810030	345.5952148
43.2643640	345.5982666
43.3477250	365.1694031
43.4310860	330.0843811
43.5144470	306.6802063
43.5978080	243.2845001
43.6811690	192.5948334
43.7645301	200.6547546
43.8478911	244.3412933
43.9312521	290.0539246
44.0146131	322.1477356
44.0979741	324.0845947
44.1813351	324.0943298
44.2646961	354.3454590
44.3480571	335.8576965
44.4314181	298.8394165
44.5147791	280.1735840
44.5981402	222.2025452
44.6815012	177.9359131
44.7648622	186.0392609
44.8482232	259.6055603
44.9315842	296.0213928
45.0149452	310.5853271
45.0983062	355.3538513
45.1816672	355.5490723
45.2650282	369.3062134
45.3483892	360.0315247
45.4317502	305.9828796
45.5151113	256.3845825
45.5984723	215.8772736
45.6818333	200.8755493
45.7651943	236.4461517
45.8485553	320.5942993
45.9319163	332.3329163
46.0152773	315.6835327
46.0986383	355.8915710
46.1819993	356.2019653
46.2653603	379.6291504
46.3487214	360.2436829
46.4320824	311.5437927
46.5154434	272.8243408
46.5988044	243.3730927
46.6821654	254.2053528
46.7655264	262.4912109
46.8488874	286.3259583
46.9322484	327.9695740
47.0156094	343.6468201
47.0989704	388.4080505
47.1823315	389.3092041
47.2656925	389.5415649
47.3490535	412.8600159
47.4324145	315.1247559
47.5157755	321.4316711
47.5991365	240.0207825
47.6824975	206.5030823
47.7658585	260.8635559
47.8492195	297.7546997
47.9325805	311.3784485
48.0159415	355.2531738
48.0993026	366.9238281
48.1826636	367.2646790
48.2660246	424.4698486
48.3493856	372.7823792
48.4327466	313.1892090
48.5161076	244.6372223
48.5994686	204.4221649
48.6828296	181.5394897
48.7661906	190.1833649
48.8495516	215.0186005
48.9329127	253.5000153
49.0162737	265.1934204
49.0996347	265.3459167
49.1829957	265.3549500
49.2663567	301.2569275
49.3497177	309.7225342
49.4330787	275.4265137
49.5164397	289.1492615
49.5998007	255.5305328
49.6831617	207.1655731
49.7665227	230.8409119
49.8498838	254.0420532
49.9332448	295.9810181
50.0166058	347.4666748
50.0999668	361.7431335
50.1833278	362.2817383
50.2666888	362.3060608
50.3500498	384.2735596
50.4334108	325.3831482
50.5167718	263.4815369
50.6001328	210.9232483
50.6834939	190.3987885
50.7668549	207.7003326
50.8502159	271.2823792
50.9335769	323.9822998
51.0169379	372.2027588
51.1002989	380.3424988
51.1836599	380.8597107
51.2670209	380.8989868
51.3503819	391.0773315
51.4337429	301.7225037
51.5171040	281.3819275
51.6004650	260.1241455
51.6838260	264.2671204
51.7671870	239.1330719
51.8505480	289.2532654
51.9339090	300.5894775
52.0172700	372.6461487
52.1006310	417.7221069
52.1839920	417.7269592
52.2673530	427.6459961
52.3507140	341.8213196
52.4340751	333.7186279
52.5174361	314.5714417
52.6007971	272.4336243
52.6841581	282.6215515
52.7675191	276.0784607
52.8508801	265.0821533
52.9342411	309.3352966
53.0176021	417.9090576
53.1009631	428.7859192
53.1843241	429.0972290
53.2676852	429.1128540
53.3510462	440.6593323
53.4344072	341.4697571
53.5177682	293.4139709
53.6011292	219.0926056
53.6844902	203.2532654
53.7678512	201.6679688
53.8512122	237.1088409
53.9345732	293.5452881
54.0179342	311.1387939
54.1012953	338.4273682
54.1846563	338.4860840
54.2680173	338.4873047
54.3513783	376.4591370
54.4347393	306.4869690
54.5181003	290.3168030
54.6014613	228.6620483
54.6848223	189.6843872
54.7681833	199.3632202
54.8515443	262.3540955
54.9349053	295.8309937
55.0182664	351.4924011
55.1016274	394.8462219
55.1849884	395.4906921
55.2683494	415.5073242
55.3517104	339.6359863
55.4350714	302.2953796
55.5184324	300.6695557
55.6017934	276.4177246
55.6851544	206.4264984
55.7685154	280.7740173
55.8518765	289.6507874
55.9352375	327.6689148
56.0185985	328.7485657
56.1019595	336.9026184
56.1853205	338.2522583
56.2686815	377.5735779
56.3520425	330.0078735
56.4354035	316.9938660
56.5187645	277.0088806
56.6021255	281.6050110
56.6854865	249.1688995
56.7688476	196.3996735
56.8522086	224.8290405
56.9355696	273.0642090
57.0189306	307.0113525
57.1022916	318.1905518
57.1856526	389.4110718
57.2690136	370.8901367
57.3523746	329.3362732
57.4357356	316.9083557
57.5190966	295.0998535
57.6024577	213.3205261
57.6858187	201.5983429
57.7691797	214.6780853
57.8525407	257.7185669
57.9359017	286.7695618
58.0192627	303.9974365
58.1026237	330.4718628
58.1859847	330.7249451
58.2693457	354.5799561
58.3527067	337.9624329
58.4360678	331.7343750
58.5194288	291.2633362
58.6027898	206.3757477
58.6861508	195.3211365
58.7695118	192.8350372
58.8528728	223.3182983
58.9362338	292.1954041
59.0195948	305.7069702
59.1029558	317.7320557
59.1863168	317.9703369
59.2696778	344.3671875
59.3530389	373.0315552
59.4363999	317.0210876
59.5197609	304.6473083
59.6031219	222.7233276
59.6864829	180.9860687
59.7698439	208.8740845
59.8532049	221.9014130
59.9365659	251.3877716
60.0199269	281.0937805
60.1032879	304.3905029
60.1866490	304.7188721
60.2700100	304.7204895
60.3533710	366.5067444
60.4367320	311.7615051
60.5200930	290.1573181
60.6034540	208.7334290
60.6868150	191.1559906
60.7701760	207.3241730
60.8535370	248.7986755
60.9368980	287.3851929
61.0202591	354.2092590
61.1036201	346.6413879
61.1869811	368.6347046
61.2703421	384.6675415
61.3537031	329.6823425
61.4370641	298.5491028
61.5204251	241.5043640
61.6037861	282.2249451
61.6871471	241.3723602
61.7705081	271.4011841
61.8538691	291.7072449
61.9372302	316.1479492
62.0205912	372.6083069
62.1039522	381.5806274
62.1873132	381.5808105
62.2706742	381.5809631
62.3540352	406.1160583
62.4373962	325.5714417
62.5207572	324.1423035
62.6041182	226.0056458
62.6874792	228.2126617
62.7708403	187.6133423
62.8542013	245.9890442
62.9375623	262.4609070
63.0209233	281.8507690
63.1042843	302.9998779
63.1876453	304.0142517
63.2710063	331.2445984
63.3543673	334.8697510
63.4377283	289.2125244
63.5210893	256.9815674
63.6044503	235.4246216
63.6878114	221.3824921
63.7711724	241.8130646
63.8545334	228.3300934
63.9378944	284.8634033
64.0212554	299.1011963
64.1046164	309.7838135
64.1879774	309.8339233
64.2713384	381.8494873
64.3546994	333.7156982
64.4380604	316.0953369
64.5214215	281.0971985
64.6047825	197.1964417
64.6881435	165.3316803
64.7715045	210.5084686
64.8548655	270.5530090
64.9382265	291.8500061
65.0215875	410.4491577
65.1049485	421.2529602
65.1883095	421.6264038
65.2716705	421.7376404
65.3550316	416.6204834
65.4383926	323.8007507
65.5217536	250.3591156
65.6051146	259.9599304
65.6884756	248.0942841
65.7718366	231.5876160
65.8551976	269.6879883
65.9385586	305.6772156
66.0219196	320.3931580
66.1052806	333.3836975
66.1886416	333.6802368
66.2720027	377.6711426
66.3553637	342.0328979
66.4387247	325.3847656
66.5220857	292.0552979
66.6054467	265.2754211
66.6888077	195.3907623
66.7721687	224.8023987
66.8555297	252.7137146
66.9388907	277.9074707
67.0222517	298.2750244
67.1056128	312.0584412
67.1889738	312.0595093
67.2723348	374.9937439
67.3556958	367.4980164
67.4390568	320.1978455
67.5224178	271.1127319
67.6057788	211.4065704
67.6891398	189.1966553
67.7725008	189.3394623
67.8558618	269.1454163
67.9392228	277.9294739
68.0225839	303.5305176
68.1059449	313.3637085
68.1893059	313.3703308
68.2726669	313.3749390
68.3560279	371.5584106
68.4393889	319.7689514
68.5227499	288.6840515
68.6061109	222.3184967
68.6894719	177.8813171
68.7728329	184.1757507
68.8561940	222.3922272
68.9395550	266.0284729
69.0229160	332.7193909
69.1062770	349.3215637
69.1896380	349.7920227
69.2729990	367.9437561
69.3563600	349.7609863
69.4397210	323.6042480
69.5230820	262.9709778
69.6064430	261.8511963
69.6898041	277.6513977
69.7731651	280.6297913
69.8565261	277.1234436
69.9398871	264.3929749
70.0232481	281.2009888
70.1066091	286.5757141
70.1899701	286.8052063
70.2733311	286.8724365
70.3566921	347.4922791
70.4400531	334.0448303
70.5234141	323.5487061
70.6067752	257.2501831
70.6901362	217.6416168
70.7734972	222.7493896
70.8568582	265.9605103
70.9402192	289.3967896
71.0235802	333.4395752
71.1069412	355.5072021
71.1903022	355.5553284
71.2736632	355.5583801
71.3570242	374.1383667
71.4403853	317.8066406
71.5237463	332.2487488
71.6071073	294.2740784
71.6904683	206.1517029
71.7738293	214.8640900
71.8571903	229.2286072
71.9405513	308.6248779
72.0239123	341.0636292
72.1072733	385.6088867
72.1906343	385.6505737
72.2739954	398.3375244
72.3573564	384.8206177
72.4407174	332.8627625
72.5240784	333.2851562
72.6074394	280.9140930
72.6908004	198.4889069
72.7741614	197.8642426
72.8575224	295.7859802
72.9408834	333.0611572
73.0242444	329.2796631
73.1076054	356.3216858
73.1909665	356.3241577
73.2743275	377.1228027
73.3576885	340.5642395
73.4410495	316.1445007
73.5244105	291.4255676
73.6077715	240.3282776
73.6911325	224.3430634
73.7744935	261.0169067
73.8578545	286.1753235
73.9412155	320.6568298
74.0245766	317.4465637
74.1079376	372.2816162
74.1912986	389.9589233
74.2746596	417.3136597
74.3580206	335.5574951
74.4413816	321.0512085
74.5247426	279.0001831
74.6081036	251.3017426
74.6914646	197.7760162
74.7748256	177.4482422
74.8581866	224.9596100
74.9415477	263.2104797
75.0249087	279.2590637
75.1082697	299.8450928
75.1916307	300.4393616
75.2749917	344.6071472
75.3583527	353.0803223
75.4417137	305.8530579
75.5250747	260.0274963
75.6084357	234.8245850
75.6917967	188.7890930
75.7751578	176.9196167
75.8585188	201.5028076
75.9418798	281.2456360
76.0252408	313.4697266
76.1086018	341.0828857
76.1919628	341.4620361
76.2753238	372.6381836
76.3586848	324.9923401
76.4420458	315.4490662
76.5254068	247.9965363
76.6087679	239.3959503
76.6921289	184.2337646
76.7754899	182.8355103
76.8588509	225.1445770
76.9422119	249.7419586
77.0255729	361.1833496
77.1089339	424.6299438
77.1922949	426.6127319
77.2756559	450.4665833
77.3590169	336.7496643
77.4423779	287.2693481
77.5257390	328.6463928
77.6091000	245.6445618
77.6924610	181.4587860
77.7758220	173.7658081
77.8591830	248.3708038
77.9425440	285.0942078
78.0259050	300.9547119
78.1092660	323.8837585
78.1926270	334.8358154
78.2759880	348.3430786
78.3593491	357.0317688
78.4427101	310.0810242
78.5260711	260.2922668
78.6094321	186.0022430
78.6927931	177.1484070
78.7761541	196.7213745
78.8595151	291.0743408
78.9428761	302.9428711
79.0262371	348.4124756
79.1095981	370.6271057
79.1929591	370.8078308
79.2763202	370.8082581
79.3596812	388.7717896
79.4430422	319.9436340
79.5264032	261.7681274
79.6097642	223.4897919
79.6931252	207.4697571
79.7764862	236.5567780
79.8598472	237.9223785
79.9432082	234.7953339
80.0265692	305.5749817
80.1099303	372.6512451
80.1932913	373.2338562
80.2766523	373.2368469
80.3600133	384.0639038
80.4433743	316.0250244
80.5267353	283.5498962
80.6100963	264.6714783
80.6934573	190.2856750
80.7768183	178.0233459
80.8601793	226.3453827
80.9435404	261.4536743
81.0269014	325.9087524
81.1102624	331.5300903
81.1936234	331.5320129
81.2769844	331.5169067
81.3603454	354.6359253
81.4437064	316.6036072
81.5270674	278.8796387
81.6104284	260.8229980
81.6937894	200.6654510
81.7771504	208.2725220
81.8605115	242.9535980
81.9438725	301.3543091
82.0272335	302.2303162
82.1105945	329.1727600
82.1939555	331.9266968
82.2773165	331.9279480
82.3606775	367.8072815
82.4440385	313.0546875
82.5273995	307.4687500
82.6107605	251.4851990
82.6941216	243.2794647
82.7774826	261.9007568
82.8608436	314.8391113
82.9442046	336.6075134
83.0275656	412.2585144
83.1109266	436.5253296
83.1942876	436.5635986
83.2776486	430.8533936
83.3610096	343.0864868
83.4443706	283.8444824
83.5277317	254.2869110
83.6110927	197.4191284
83.6944537	182.5919495
83.7778147	195.1505432
83.8611757	321.9819946
83.9445367	308.6414185
84.0278977	313.4513550
84.1112587	352.5425110
84.1946197	366.5770874
84.2779807	337.7495422
84.3613417	323.9980164
84.4447028	277.5119019
84.5280638	200.5964050
84.6114248	172.2208099
84.6947858	161.3537445
84.7781468	167.3687744
84.8615078	191.2545013
84.9448688	255.7315826
85.0282298	306.3236694
85.1115908	336.8642578
85.1949518	337.3407288
85.2783129	358.2710876
85.3616739	344.6636963
85.4450349	331.2053528
85.5283959	295.3252258
85.6117569	230.9197388
85.6951179	213.2481079
85.7784789	278.4681091
85.8618399	300.2522888
85.9452009	307.3026428
86.0285619	314.0328064
86.1119229	336.9349670
86.1952840	337.7622070
86.2786450	340.9257812
86.3620060	356.4863892
86.4453670	332.3368530
86.5287280	324.3036804
86.6120890	289.4006958
86.6954500	222.5932465
86.7788110	198.9490662
86.8621720	232.6231995
86.9455330	296.5079956
87.0288941	325.2380066
87.1122551	370.5347900
87.1956161	371.2352905
87.2789771	371.2356873
87.3623381	392.8238220
87.4456991	323.1189880
87.5290601	294.7337341
87.6124211	247.9418793
87.6957821	214.2762604
87.7791431	255.8929291
87.8625042	268.8858032
87.9458652	298.3700256
88.0292262	325.9881592
88.1125872	377.8277893
88.1959482	380.3767395
88.2793092	380.3657837
88.3626702	379.4585266
88.4460312	327.9852295
88.5293922	287.4533081
88.6127532	255.0403748
88.6961142	205.1091461
88.7794753	192.7934875
88.8628363	255.2405548
88.9461973	324.2132263
89.0295583	346.0792236
89.1129193	383.2231445
89.1962803	383.2824097
89.2796413	377.2780151
89.3630023	315.6347351
89.4463633	323.8411560
89.5297243	285.7084656
89.6130854	207.2121887
89.6964464	179.0641327
89.7798074	250.9264374
89.8631684	251.7453156
89.9465294	283.0368347
90.0298904	316.8988953
90.1132514	346.1507568
90.1966124	346.5141296
90.2799734	367.9147644
90.3633344	354.3815613
90.4466955	321.1477966
90.5300565	305.4275818
90.6134175	201.6431122
90.6967785	171.8738251
90.7801395	213.6617126
90.8635005	318.4935608
90.9468615	306.9739990
91.0302225	351.2126465
91.1135835	373.9677429
91.1969445	442.4230347
91.2803055	468.4098511
91.3636666	367.0774231
91.4470276	299.9177856
91.5303886	272.2713318
91.6137496	228.5575104
91.6971106	196.4209290
91.7804716	269.6879883
91.8638326	310.1252136
91.9471936	314.1229248
92.0305546	328.3496399
92.1139156	339.8720398
92.1972767	340.0216980
92.2806377	340.0571289
92.3639987	372.2993774
92.4473597	332.2512512
92.5307207	317.9495544
92.6140817	277.0507812
92.6974427	216.2204132
92.7808037	199.9365234
92.8641647	258.8958740
92.9475257	341.4040222
93.0308867	321.7000427
93.1142478	353.2582397
93.1976088	422.8018494
93.2809698	395.5681152
93.3643308	318.2001953
93.4476918	307.6664429
93.5310528	266.1437378
93.6144138	207.4601135
93.6977748	174.4484253
93.7811358	210.0822296
93.8644968	254.1383514
93.9478579	323.0827332
94.0312189	383.1794434
94.1145799	401.1035156
94.1979409	401.1406860
94.2813019	401.1597290
94.3646629	395.3894043
94.4480239	320.3681946
94.5313849	267.4670105
94.6147459	200.3620911
94.6981069	210.1812439
94.7814680	264.8463135
94.8648290	309.7840881
94.9481900	319.6408691
95.0315510	346.8782349
95.1149120	378.0057373
95.1982730	378.2661438
95.2816340	379.0171204
95.3649950	405.3680420
95.4483560	315.1239624
95.5317170	284.8459473
95.6150780	222.4048462
95.6984391	195.4722290
95.7818001	252.5693207
95.8651611	255.9971161
95.9485221	290.6039124
96.0318831	377.5002747
96.1152441	401.9634094
96.1986051	401.9970093
96.2819661	401.9967651
96.3653271	359.3456421
96.4486881	304.7348022
96.5320492	266.7400818
96.6154102	241.2057953
96.6987712	197.6541901
96.7821322	198.1683502
96.8654932	206.2072754
96.9488542	249.5979004
97.0322152	313.9512939
97.1155762	344.4540100
97.1989372	373.7964478
97.2822982	371.1152649
97.3656592	377.9634399
97.4490203	323.4020691
97.5323813	299.6710510
97.6157423	221.1148224
97.6991033	188.8157196
97.7824643	228.3237915
97.8658253	261.1694946
97.9491863	316.9297791
98.0325473	353.1821594
98.1159083	394.5766907
98.1992693	394.5791626
98.2826304	394.5813904
98.3659914	417.0629578
98.4493524	337.1294250
98.5327134	303.7154541
98.6160744	315.3974304
98.6994354	224.0777283
98.7827964	233.2521820
98.8661574	274.3024902
98.9495184	318.0112305
99.0328794	330.5691528
99.1162405	346.4285278
99.1996015	346.4297180
99.2829625	346.4302368
99.3663235	382.6784363
99.4496845	317.6569824
99.5330455	262.3680420
99.6164065	244.9032135
99.6997675	184.5469360
99.7831285	185.3511047
99.8664895	235.6734314
99.9498505	285.3851929
100.0332116	300.4548035
100.1165726	319.2641296
100.1999336	319.3377686
100.2832946	319.4444580
100.3666556	376.4853821
100.4500166	341.1447144
100.5333776	305.7145386
100.6167386	269.8943481
100.7000996	240.0534973
100.7834606	229.2617950
100.8668217	307.6393127
100.9501827	332.3985596
101.0335437	314.4532166
101.1169047	374.4508362
101.2002657	374.5625610
101.2836267	433.6117859
101.3669877	347.9418335
101.4503487	321.1850891
101.5337097	308.1757507
101.6170707	243.9057159
101.7004318	225.0445557
101.7837928	241.0896912
101.8671538	267.6636963
101.9505148	272.6811218
102.0338758	347.5119629
102.1172368	359.6296997
102.2005978	359.9313354
102.2839588	360.0130920
102.3673198	425.2561340
102.4506808	325.8997192
102.5340418	293.4840088
102.6174029	232.9120941
102.7007639	238.7216492
102.7841249	218.8935699
102.8674859	224.9180298
102.9508469	277.9361877
103.0342079	341.5214844
103.1175689	341.7084045
103.2009299	342.3475037
103.2842909	342.4742432
103.3676519	375.6897278
103.4510130	321.8437805
103.5343740	296.4616699
103.6177350	232.0419922
103.7010960	187.9150391
103.7844570	174.2982483
103.8678180	244.0924377
103.9511790	308.7598267
104.0345400	317.2785950
104.1179010	370.0728149
104.2012620	370.2310791
104.2846230	397.2294617
104.3679841	345.5962524
104.4513451	310.9264526
104.5347061	261.7394409
104.6180671	236.1466980
104.7014281	192.2559204
104.7847891	240.7536316
104.8681501	300.4571838
104.9515111	330.3555908
105.0348721	431.3076782
105.1182331	437.7277832
105.2015942	438.0168152
105.2849552	442.1078491
105.3683162	392.7542419
105.4516772	330.3204041
105.5350382	302.7423401
105.6183992	213.5353699
105.7017602	190.0581665
105.7851212	222.4918976
105.8684822	259.7275696
105.9518432	300.4194336
106.0352043	340.9542236
106.1185653	365.0465088
106.2019263	365.0485535
106.2852873	365.0504761
106.3686483	388.5612183
106.4520093	328.3909607
106.5353703	285.0843506
106.6187313	223.8414307
106.7020923	180.7296143
106.7854533	173.0956573
106.8688143	211.9689941
106.9521754	278.6222229
107.0355364	320.1585388
107.1188974	348.9308167
107.2022584	349.3369446
107.2856194	349.3327026
107.3689804	399.8295593
107.4523414	322.5119019
107.5357024	300.4604492
107.6190634	244.0868988
107.7024244	204.6238556
107.7857855	260.2783813
107.8691465	275.1825256
107.9525075	293.4437561
108.0358685	300.6198425
108.1192295	354.5780029
108.2025905	355.1459656
108.2859515	376.2855225
108.3693125	327.7522583
108.4526735	308.6426086
108.5360345	241.5658875
108.6193955	209.2517700
108.7027566	173.1599274
108.7861176	183.9539490
108.8694786	231.0665894
108.9528396	265.8224792
109.0362006	308.4149170
109.1195616	328.4134521
109.2029226	328.4848328
109.2862836	360.2829590
109.3696446	333.8363037
109.4530056	300.4984741
109.5363667	276.0162354
109.6197277	261.3867188
109.7030887	259.2277222
109.7864497	254.2057037
109.8698107	274.6427002
109.9531717	269.9427185
110.0365327	290.7734985
110.1198937	292.1061096
110.2032547	292.3045044
110.2866157	360.1647339
110.3699768	325.3801880
110.4533378	304.1485901
110.5366988	275.0053711
110.6200598	205.1773224
110.7034208	184.6196747
110.7867818	209.0880127
110.8701428	309.8258057
110.9535038	310.1036377
111.0368648	349.7747192
111.1202258	375.7866211
111.2035868	376.4126892
111.2869479	399.6776733
111.3703089	371.6320801
111.4536699	329.8428345
111.5370309	276.9253235
111.6203919	227.5813293
111.7037529	213.0722809
111.7871139	234.3377075
111.8704749	306.2693481
111.9538359	306.8596191
112.0371969	320.2986450
112.1205580	331.6863403
112.2039190	331.9236450
112.2872800	332.1194763
112.3706410	395.8778992
112.4540020	315.9544067
112.5373630	303.8085022
112.6207240	312.2055969
112.7040850	259.2155457
112.7874460	210.4468689
112.8708070	217.0442810
112.9541681	265.2462463
113.0375291	293.1480103
113.1208901	306.3912659
113.2042511	306.3899841
113.2876121	330.2971191
113.3709731	355.9615784
113.4543341	312.2528687
113.5376951	247.2905731
113.6210561	170.9751434
113.7044171	167.8234863
113.7877781	172.3824615
113.8711392	188.5052948
113.9545002	250.1823273
114.0378612	315.1256714
114.1212222	346.0257263
114.2045832	346.8303833
114.2879442	380.3378296
114.3713052	338.9734802
114.4546662	300.3498535
114.5380272	230.1345215
114.6213882	194.2071228
114.7047493	184.9005585
114.7881103	234.5108490
114.8714713	281.4210205
114.9548323	327.6433411
115.0381933	353.3660889
115.1215543	373.2980042
115.2049153	373.3160400
115.2882763	373.3165588
115.3716373	416.8927612
115.4549983	319.9208984
115.5383593	271.8397827
115.6217204	223.3348999
115.7050814	187.0906830
115.7884424	176.3336029
115.8718034	194.6459961
115.9551644	323.2887878
116.0385254	300.1678467
116.1218864	309.8712158
116.2052474	310.0079041
116.2886084	310.0130615
116.3719694	362.7222595
116.4553305	333.5862427
116.5386915	299.1585388
116.6220525	246.3919830
116.7054135	191.0767365
116.7887745	223.2795715
116.8721355	276.5841370
116.9554965	275.6631165
117.0388575	325.0530090
117.1222185	340.4348145
117.2055795	340.4367065
117.2889406	340.4386292
117.3723016	367.6473389
117.4556626	298.6583862
117.5390236	235.4622345
117.6223846	205.1683655
117.7057456	165.2295227
117.7891066	217.1043701
117.8724676	221.3923187
117.9558286	268.8797913
118.0391896	303.4479675
118.1225506	317.1134949
118.2059117	317.3538513
118.2892727	358.5006104
118.3726337	346.1357117
118.4559947	315.5533447
118.5393557	232.7522430
118.6227167	182.0611572
118.7060777	186.6772766
118.7894387	211.0511932
118.8727997	220.2204590
118.9561607	287.6520081
119.0395218	337.7705688
119.1228828	367.0151367
119.2062438	367.1294861
119.2896048	382.1306763
119.3729658	345.8912048
119.4563268	298.6297607
119.5396878	312.1013489
119.6230488	228.3900146
119.7064098	179.3633423
119.7897708	259.2231750
119.8731318	261.5135498
119.9564929	304.9302673
120.0398539	433.9320984
120.1232149	437.6363831
120.2065759	438.3927612
120.2899369	438.3927917
120.3732979	450.6349487
120.4566589	347.8080139
120.5400199	303.4054565
120.6233809	281.9914246
120.7067419	229.0235291
120.7901030	239.1101990
120.8734640	298.7059937
120.9568250	332.6160583
121.0401860	314.3621216
121.1235470	370.2537231
121.2069080	400.1624756
121.2902690	420.2109985
121.3736300	400.8835754
121.4569910	331.3407898
121.5403520	326.5525818
121.6237131	221.0740814
121.7070741	194.8067627
121.7904351	189.5094147
121.8737961	201.3157654
121.9571571	247.4080353
122.0405181	271.1454773
122.1238791	335.1375427
122.2072401	420.5361328
122.2906011	420.9462585
122.3739621	424.6015320
122.4573231	321.4966125
122.5406842	304.5012207
122.6240452	226.1252136
122.7074062	168.1079712
122.7907672	202.3585052
122.8741282	242.7113037
122.9574892	277.4713440
123.0408502	341.3786316
123.1242112	385.0967712
123.2075722	387.0051270
123.2909332	387.0059509
123.3742943	408.1408386
123.4576553	299.3405457
123.5410163	279.5099182
123.6243773	259.8293152
123.7077383	221.8052521
123.7910993	260.9667053
123.8744603	268.6273499
123.9578213	293.2895203
124.0411823	345.8441467
124.1245433	354.2455750
124.2079044	354.5997314
124.2912654	354.5961304
124.3746264	366.6614990
124.4579874	295.3474426
124.5413484	296.9112549
124.6247094	250.6492462
124.7080704	189.0871277
124.7914314	170.1196747
124.8747924	190.0613556
124.9581534	280.0372620
125.0415144	313.6448669
125.1248755	347.4751282
125.2082365	348.3746338
125.2915975	348.3816528
125.3749585	380.5228271
125.4583195	329.4026794
125.5416805	315.5131531
125.6250415	295.5464783
125.7084025	261.5187378
125.7917635	287.4804993
125.8751245	318.5680237
125.9584856	321.4422607
126.0418466	370.4513855
126.1252076	415.2665710
126.2085686	415.7450256
126.2919296	415.8166809
126.3752906	436.7034912
126.4586516	344.0233459
126.5420126	320.6406250
126.6253736	303.3742981
126.7087346	216.8377991
126.7920956	213.0709534
126.8754567	234.1020813
126.9588177	281.2307129
127.0421787	301.4447937
127.1255397	326.8360901
127.2089007	344.1957397
127.2922617	369.9353943
127.3756227	356.2388611
127.4589837	335.4275818
127.5423447	289.8391113
127.6257057	253.2460632
127.7090668	186.3815155
127.7924278	208.3477173
127.8757888	264.3329773
127.9591498	296.1762390
128.0425108	317.0065002
128.1258718	360.7115173
128.2092328	360.7500000
128.2925938	382.7138367
128.3759548	411.0697327
128.4593158	326.5821533
128.5426769	320.5229492
128.6260379	222.3081665
128.7093989	199.2400360
128.7927599	250.7671051
128.8761209	301.1605225
128.9594819	317.6916199
129.0428429	335.1600952
129.1262039	347.6430359
129.2095649	347.9759827
129.2929259	374.8056641
129.3762869	368.8888855
129.4596480	306.2400208
129.5430090	250.0555573
129.6263700	193.6582031
129.7097310	182.0861359
129.7930920	186.5029907
129.8764530	200.6752930
129.9598140	235.1547852
130.0431750	240.7743073
130.1265360	246.3575592
130.2098970	246.8221893
130.2932581	285.7778320
130.3766191	313.3959351
130.4599801	315.1947632
130.5433411	292.0463257
130.6267021	235.2267914
130.7100631	232.7137146
130.7934241	298.8459473
130.8767851	304.4913635
130.9601461	317.1265259
131.0435071	317.0801086
131.1268682	377.3794250
131.2102292	381.1417847
131.2935902	396.3196716
131.3769512	362.8374329
131.4603122	315.9031372
131.5436732	302.3657837
131.6270342	264.9707336
131.7103952	218.5546570
131.7937562	234.4622040
131.8771172	328.7991638
131.9604782	315.6262817
132.0438393	310.8821411
132.1272003	323.8268738
132.2105613	323.8285828
132.2939223	357.4776917
132.3772833	323.6272888
132.4606443	289.9051819
132.5440053	242.1707458
132.6273663	204.1652985
132.7107273	166.6325226
132.7940883	228.0274506
132.8774494	221.0250702
132.9608104	280.3565063
133.0441714	317.1778564
133.1275324	335.0317383
133.2108934	335.2653198
133.2942544	346.5643616
133.3776154	360.8396606
133.4609764	300.1130371
133.5443374	253.4672852
133.6276984	198.5915527
133.7110594	227.2100525
133.7944205	265.5783997
133.8777815	299.8815002
133.9611425	308.3101807
134.0445035	344.9138184
134.1278645	458.4588623
134.2112255	458.5591431
134.2945865	458.5594788
134.3779475	455.0317383
134.4613085	331.3510132
134.5446695	302.9057007
134.6280306	272.9347534
134.7113916	197.1788025
134.7947526	174.0399323
134.8781136	265.7838745
134.9614746	290.6974792
135.0448356	330.9323120
135.1281966	363.4465332
135.2115576	364.2477722
135.2949186	377.4781494
135.3782796	338.1710510
135.4616407	323.8131714
135.5450017	295.8552856
135.6283627	218.8084106
135.7117237	172.6653442
135.7950847	230.7283630
135.8784457	269.5417786
135.9618067	322.6823425
136.0451677	369.9890747
136.1285287	398.9434204
136.2118897	400.4813843
136.2952507	401.6872864
136.3786118	428.7729797
136.4619728	307.0143738
136.5453338	252.6210785
136.6286948	201.1016846
136.7120558	180.1463776
136.7954168	213.1267395
136.8787778	288.5225830
136.9621388	322.2315979
137.0454998	353.1657715
137.1288608	383.1782837
137.2122219	384.6952820
137.2955829	412.2459717
137.3789439	350.2731934
137.4623049	315.5101624
137.5456659	309.5183716
137.6290269	243.6740570
137.7123879	199.3701935
137.7957489	225.6898804
137.8791099	271.6972046
137.9624709	309.5893250
138.0458319	329.4894714
138.1291930	374.8818054
138.2125540	375.2261353
138.2959150	405.9068909
138.3792760	338.3404541
138.4626370	315.6950989
138.5459980	315.7850952
138.6293590	298.7229309
138.7127200	212.1449890
138.7960810	201.8055420
138.8794420	248.6533203
138.9628031	314.9942932
139.0461641	373.1177979
139.1295251	385.4950256
139.2128861	386.2659302
139.2962471	396.3174133
139.3796081	387.5323792
139.4629691	329.8909607
139.5463301	264.7904053
139.6296911	237.3783569
139.7130521	210.3804169
139.7964132	260.0072937
139.8797742	301.2232666
139.9631352	303.2612915
140.0464962	331.5705872
140.1298572	392.0131226
140.2132182	396.0267029
140.2965792	356.3165283
140.3799402	329.4562073
140.4633012	283.4055481
140.5466622	234.6308441
140.6300232	187.3395538
140.7133843	167.9533997
140.7967453	205.7714996
140.8801063	242.2042999
140.9634673	292.7414246
141.0468283	338.2737122
141.1301893	342.3806152
141.2135503	342.8374634
141.2969113	357.6889038
141.3802723	375.4081421
141.4636333	312.6144409
141.5469944	252.7368622
141.6303554	246.4564819
141.7137164	214.0276489
141.7970774	220.1849823
141.8804384	320.1794128
141.9637994	320.9571838
142.0471604	367.0863953
142.1305214	407.3676453
142.2138824	407.3733826
142.2972434	407.3734131
142.3806045	424.0070496
142.4639655	354.8944397
142.5473265	288.6539612
142.6306875	210.9459381
142.7140485	187.8058472
142.7974095	216.5999298
142.8807705	263.5996094
142.9641315	306.0469360
143.0474925	295.1748657
143.1308535	306.8608704
143.2142145	307.0470886
143.2975756	347.2164307
143.3809366	348.4494934
143.4642976	300.5862427
143.5476586	287.3265686
143.6310196	231.6942444
143.7143806	189.0958099
143.7977416	262.1426392
143.8811026	308.0981140
143.9644636	325.4567261
144.0478246	363.6366882
144.1311857	386.3448792
144.2145467	386.8237000
144.2979077	416.3432007
144.3812687	350.2530518
144.4646297	341.4387817
144.5479907	298.4954834
144.6313517	203.1136627
144.7147127	185.1925812
144.7980737	194.9308929
144.8814347	237.2721100
144.9647957	311.6381836
145.0481568	336.6673889
145.1315178	372.6083069
145.2148788	372.9156189
145.2982398	389.8814697
145.3816008	381.2142944
145.4649618	318.7117004
145.5483228	289.8329163
145.6316838	206.3949280
145.7150448	218.3142853
145.7984058	224.0240021
145.8817669	251.9525299
145.9651279	247.4213715
146.0484889	275.3421021
146.1318499	290.2829895
146.2152109	290.8843689
146.2985719	290.9048462
146.3819329	322.5408325
146.4652939	307.1187439
146.5486549	234.6603699
146.6320159	271.0278015
146.7153770	259.6015930
146.7987380	273.6004944
146.8820990	273.6186523
146.9654600	271.3329468
147.0488210	307.3535767
147.1321820	337.1792297
147.2155430	337.5381775
147.2989040	345.7962341
147.3822650	332.1449280
147.4656260	328.0339050
147.5489870	274.3620911
147.6323481	210.5825348
147.7157091	228.8537140
147.7990701	192.9023438
147.8824311	222.2038116
147.9657921	334.8838501
148.0491531	335.8009338
148.1325141	370.8126526
148.2158751	370.9774170
148.2992361	370.9835205
148.3825971	385.0529785
148.4659582	329.2411804
148.5493192	278.2556763
148.6326802	200.7481537
148.7160412	184.1284790
148.7994022	188.8546448
148.8827632	237.3332672
148.9661242	256.7870483
149.0494852	281.7870178
149.1328462	296.6948853
149.2162072	296.9991455
149.2995682	349.8727417
149.3829293	337.2630615
149.4662903	318.1958618
149.5496513	278.3723145
149.6330123	195.0601044
149.7163733	207.4032135
149.7997343	199.7413483
149.8830953	219.0008850
149.9664563	320.7531128
150.0498173	326.3400574
150.1331783	341.6453857
150.2165394	355.8574829
150.2999004	381.4690857
150.3832614	327.9524841
150.4666224	292.9841309
150.5499834	238.0519562
150.6333444	174.5565948
150.7167054	191.8802490
150.8000664	216.4433136
150.8834274	268.1289978
150.9667884	310.9729614
151.0501495	304.9466858
151.1335105	323.8369141
151.2168715	324.1300354
151.3002325	324.1455994
151.3835935	372.1127014
151.4669545	315.5791016
151.5503155	301.5041504
151.6336765	256.6347351
151.7170375	201.7199249
151.8003985	240.0527344
151.8837595	264.0127258
151.9671206	321.6797180
152.0504816	315.2419739
152.1338426	387.8856812
152.2172036	416.2335205
152.3005646	384.6350098
152.3839256	301.9890747
152.4672866	268.5831909
152.5506476	256.0832520
152.6340086	204.2734222
152.7173696	174.8286133
152.8007307	196.0743408
152.8840917	228.4722900
152.9674527	298.9396362
153.0508137	321.4908447
153.1341747	339.1334229
153.2175357	339.3303833
153.3008967	378.1497803
153.3842577	367.8553467
153.4676187	313.7057800
153.5509797	274.1997070
153.6343408	228.0475006
153.7177018	272.2112427
153.8010628	256.3222656
153.8844238	294.3753357
153.9677848	321.7194214
154.0511458	335.5295715
154.1345068	355.9430847
154.2178678	391.4790039
154.3012288	329.9288635
154.3845898	334.0290833
154.4679508	315.2527161
154.5513119	239.9122009
154.6346729	230.8862457
154.7180339	218.1479492
154.8013949	224.9988861
154.8847559	261.4941101
154.9681169	302.6051331
155.0514779	316.6252747
155.1348389	384.8400269
155.2181999	384.6026306
155.3015609	395.7145691
155.3849220	323.2415466
155.4682830	298.3917236
155.5516440	317.1563416
155.6350050	245.8685913
155.7183660	200.8802490
155.8017270	266.5091248
155.8850880	272.5141296
155.9684490	276.7993774
156.0518100	306.4258423
156.1351710	312.6560974
156.2185320	312.8229370
156.3018931	334.7825928
156.3852541	396.4179993
156.4686151	311.2949219
156.5519761	275.4543457
156.6353371	234.6050415
156.7186981	203.9574127
156.8020591	208.8802032
156.8854201	214.3513336
156.9687811	300.9258118
157.0521421	327.4877014
157.1355032	366.2114563
157.2188642	367.5628052
157.3022252	388.9913940
157.3855862	374.1719666
157.4689472	319.5796509
157.5523082	271.0274963
157.6356692	194.3169861
157.7190302	185.6949005
157.8023912	266.1083984
157.8857522	282.9783020
157.9691133	323.5846558
158.0524743	321.0583801
158.1358353	370.9597168
158.2191963	391.1688232
158.3025573	374.0213013
158.3859183	328.8885498
158.4692793	299.6528320
158.5526403	267.3991394
158.6360013	245.0886383
158.7193623	191.1372223
158.8027233	231.4049377
158.8860844	253.8619385
158.9694454	306.7321472
159.0528064	372.5210571
159.1361674	440.7005310
159.2195284	461.1793823
159.3028894	431.9771423
159.3862504	332.2576294
159.4696114	307.2183228
159.5529724	272.6495667
159.6363334	223.3032227
159.7196945	166.6542511
159.8030555	165.0021362
159.8864165	273.3161011
159.9697775	312.9510498
160.0531385	361.2857056
160.1364995	369.2086487
160.2198605	357.6397400
160.3032215	404.0075684
160.3865825	342.6405640
160.4699435	324.8492126
160.5533045	263.9172668
160.6366656	261.3924561
160.7200266	217.1803741
160.8033876	205.2932892
160.8867486	247.2417603
160.9701096	280.2794189
161.0534706	318.9138184
161.1368316	337.9367065
161.2201926	364.6776123
161.3035536	370.3782654
161.3869146	354.0462036
161.4702757	317.1647339
161.5536367	299.9851074
161.6369977	230.5368195
161.7203587	177.6507568
161.8037197	186.5165405
161.8870807	259.9821777
161.9704417	297.4358826
162.0538027	300.2164917
162.1371637	357.0292969
162.2205247	403.9582520
162.3038858	358.8405151
162.3872468	321.8428040
162.4706078	294.3011169
162.5539688	271.6214905
162.6373298	196.3504333
162.7206908	172.2203064
162.8040518	226.3811493
162.8874128	324.3239136
162.9707738	320.6082764
163.0541348	327.2446899
163.1374958	368.0674438
163.2208569	395.0397034
163.3042179	395.2153625
163.3875789	403.1339417
163.4709399	330.6343994
163.5543009	298.7698364
163.6376619	250.1431427
163.7210229	185.4312744
163.8043839	173.2026825
163.8877449	219.5706787
163.9711059	323.1987000
164.0544670	346.3007812
164.1378280	380.7171936
164.2211890	380.7407837
164.3045500	415.2168274
164.3879110	333.7388611
164.4712720	320.5629578
164.5546330	277.2099609
164.6379940	203.5900269
164.7213550	171.3225098
164.8047160	204.8323517
164.8880771	274.4364014
164.9714381	313.4861450
165.0547991	319.4446716
165.1381601	368.8913574
165.2215211	388.1643066
165.3048821	341.6443176
165.3882431	340.2372437
165.4716041	338.9869995
165.5549651	269.7504883
165.6383261	232.6379089
165.7216871	203.0449066
165.8050482	192.3593140
165.8884092	205.6379395
165.9717702	272.5554504
166.0551312	327.2988281
166.1384922	393.4309998
166.2218532	421.9426270
166.3052142	426.4052734
166.3885752	373.8755493
166.4719362	316.4301758
166.5552972	256.6507568
166.6386583	210.2883911
166.7220193	225.0791168
166.8053803	282.3648376
166.8887413	325.4899597
166.9721023	333.7678528
167.0554633	341.8307800
167.1388243	404.2024231
167.2221853	404.2821655
167.3055463	408.2093201
167.3889073	323.9346008
167.4722683	313.7324524
167.5556294	244.0841217
167.6389904	235.7593994
167.7223514	173.7068939
167.8057124	205.0199738
167.8890734	246.2047272
167.9724344	291.4564209
168.0557954	308.1164246
168.1391564	350.9158936
168.2225174	353.4466248
168.3058784	367.7044067
168.3892395	366.4005432
168.4726005	339.5858459
168.5559615	271.3916321
168.6393225	207.2551575
168.7226835	238.6271820
168.8060445	238.2258606
168.8894055	237.8940125
168.9727665	267.7822266
169.0561275	313.3445435
169.1394885	377.7677612
169.2228496	381.5087891
169.3062106	388.6493530
169.3895716	355.5040283
169.4729326	294.6210938
169.5562936	259.1836853
169.6396546	247.3290863
169.7230156	253.3127441
169.8063766	308.0447693
169.8897376	309.3118896
169.9730986	336.0919189
170.0564596	334.4559326
170.1398207	372.8511353
170.2231817	375.4351501
170.3065427	376.6241760
170.3899037	382.7468872
170.4732647	307.7550964
170.5566257	215.1872253
170.6399867	187.0627289
170.7233477	168.4326172
170.8067087	201.9911652
170.8900697	270.1995239
170.9734308	306.3780212
171.0567918	360.5202637
171.1401528	388.1424255
171.2235138	389.1347656
171.3068748	411.2637939
171.3902358	326.4705811
171.4735968	297.0841980
171.5569578	244.0721436
171.6403188	215.0132904
171.7236798	191.1351471
171.8070409	218.8690643
171.8904019	254.5143738
171.9737629	275.5465088
172.0571239	284.3313599
172.1404849	323.5278931
172.2238459	344.2004700
172.3072069	351.3550415
172.3905679	319.0466919
172.4739289	309.8115540
172.5572899	245.0482635
172.6406509	191.7550812
172.7240120	198.0479279
172.8073730	203.2729950
172.8907340	257.1957703
172.9740950	299.7063599
173.0574560	295.2337036
173.1408170	333.3099670
173.2241780	347.1123047
173.3075390	376.9542542
173.3909000	327.3992920
173.4742610	323.5155029
173.5576221	294.1811523
173.6409831	235.1288910
173.7243441	220.9815521
173.8077051	324.6036072
173.8910661	333.1339722
173.9744271	325.2436523
174.0577881	340.3005981
174.1411491	379.0161133
174.2245101	402.5200500
174.3078711	351.4647522
174.3912321	347.1574402
174.4745932	319.9508972
174.5579542	291.9717102
174.6413152	239.4800720
174.7246762	198.0411530
174.8080372	269.6370544
174.8913982	259.8566284
174.9747592	275.9303894
175.0581202	278.8918152
175.1414812	316.3406067
175.2248422	346.6342773
175.3082033	308.2018738
175.3915643	293.9682312
175.4749253	276.6548157
175.5582863	240.6711121
175.6416473	183.4387665
175.7250083	164.9129791
175.8083693	195.8894806
175.8917303	240.1918182
175.9750913	323.8817749
176.0584523	321.5331116
176.1418134	414.8667603
176.2251744	474.3971252
176.3085354	470.5347290
176.3918964	353.9416504
176.4752574	329.9721375
176.5586184	275.9025269
176.6419794	251.2838287
176.7253404	262.5293579
176.8087014	260.0740356
176.8920624	295.0987549
176.9754234	284.5193176
177.0587845	317.1651917
177.1421455	363.6836548
177.2255065	363.7407227
177.3088675	402.0135498
177.3922285	382.7831726
177.4755895	328.4852905
177.5589505	268.1712646
177.6423115	228.1457367
177.7256725	203.8263550
177.8090335	270.8374939
177.8923946	318.9269104
177.9757556	324.7040405
178.0591166	331.4296265
178.1424776	367.0024719
178.2258386	420.6539001
178.3091996	426.6332397
178.3925606	334.9891357
178.4759216	270.3299561
178.5592826	225.2187500
178.6426436	173.6067657
178.7260046	200.6423035
178.8093657	209.3503418
178.8927267	216.8507080
178.9760877	209.6953888
179.0594487	231.7964935
179.1428097	253.3092499
179.2261707	273.5862427
179.3095317	346.1724854
179.3928927	327.3627930
179.4762537	302.9068298
179.5596147	262.6565247
179.6429758	204.0027008
179.7263368	172.4317322
179.8096978	193.7746582
179.8930588	240.4811554
179.9764198	279.7699890
180.0597808	319.7306519
180.1431418	387.9541016
180.2265028	390.3129578
180.3098638	371.4157410
180.3932248	330.2777710
180.4765859	323.9063721
180.5599469	249.3614655
180.6433079	182.4970551
180.7266689	196.7304230
180.8100299	179.1620178
180.8933909	202.5975494
180.9767519	227.0439453
181.0601129	281.8783875
181.1434739	302.3171082
181.2268349	345.8912964
181.3101959	363.4729919
181.3935570	313.2942505
181.4769180	291.8661194
181.5602790	242.0310822
181.6436400	186.2243042
181.7270010	196.1636810
181.8103620	268.9995117
181.8937230	318.8867493
181.9770840	321.5299377
182.0604450	314.9843445
182.1438060	397.4518433
182.2271671	406.8488159
182.3105281	331.4790955
182.3938891	314.0663452
182.4772501	304.1980286
182.5606111	227.2991028
182.6439721	171.2709351
182.7273331	186.0404968
182.8106941	234.2158508
182.8940551	277.5097046
182.9774161	297.7694092
183.0607772	326.5099792
183.1441382	369.6243591
183.2274992	370.0837402
183.3108602	379.7817688
183.3942212	388.4051208
183.4775822	330.0304871
183.5609432	286.0242310
183.6443042	269.5515137
183.7276652	220.3817749
183.8110262	234.7034149
183.8943872	248.8972626
183.9777483	319.0089722
184.0611093	346.1712646
184.1444703	374.0427856
184.2278313	367.0113220
184.3111923	358.4137268
184.3945533	337.5173035
184.4779143	310.0997925
184.5612753	252.7046204
184.6446363	253.5598297
184.7279973	189.0976715
184.8113584	203.9615479
184.8947194	281.4858093
184.9780804	332.6075439
185.0614414	333.5462036
185.1448024	342.5197754
185.2281634	379.1720886
185.3115244	395.2814331
185.3948854	317.5439148
185.4782464	283.1263123
185.5616074	320.0397339
185.6449684	276.2392578
185.7283295	228.3470001
185.8116905	259.9885559
185.8950515	287.7648926
185.9784125	322.7093811
186.0617735	311.4642639
186.1451345	345.5703125
186.2284955	375.8859863
186.3118565	390.9320679
186.3952175	332.3830566
186.4785785	304.1533813
186.5619396	278.3324280
186.6453006	199.7542725
186.7286616	201.5979004
186.8120226	218.0872192
186.8953836	273.8522949
186.9787446	294.9409485
187.0621056	282.0183411
187.1454666	310.1752319
187.2288276	328.4690247
187.3121886	432.4415588
187.3955497	320.6473999
187.4789107	327.6082458
187.5622717	262.3728943
187.6456327	222.2381134
187.7289937	167.4653931
187.8123547	245.1872101
187.8957157	287.9224548
187.9790767	310.5391846
188.0624377	312.0722351
188.1457987	345.2830200
188.2291597	382.3822021
188.3125208	396.8490295
188.3958818	352.0724182
188.4792428	313.0213013
188.5626038	239.0955200
188.6459648	239.6181183
188.7293258	224.9037018
188.8126868	265.3879395
188.8960478	295.0685425
188.9794088	332.7019958
189.0627698	327.8836060
189.1461309	357.2472534
189.2294919	363.2720032
189.3128529	407.7538757
189.3962139	331.4800415
189.4795749	331.8197327
189.5629359	282.2416992
189.6462969	189.7511597
189.7296579	164.7222290
189.8130189	209.9789276
189.8963799	257.6000366
189.9797409	301.8641663
190.0631020	319.9797974
190.1464630	433.7321472
190.2298240	446.7164917
190.3131850	335.4749146
190.3965460	334.5044250
190.4799070	285.6483459
190.5632680	247.0923767
190.6466290	182.3148193
190.7299900	180.9797058
190.8133510	267.3833008
190.8967121	279.0561829
190.9800731	278.3540649
191.0634341	304.5384216
191.1467951	328.7663269
191.2301561	389.3930359
191.3135171	314.8515015
191.3968781	305.0914001
191.4802391	271.5046997
191.5636001	224.8667297
191.6469611	163.1698608
191.7303222	163.0799255
191.8136832	251.6708679
191.8970442	307.7442017
191.9804052	329.8225403
192.0637662	327.9638672
192.1471272	355.8242493
192.2304882	395.5564575
192.3138492	318.5697632
192.3972102	302.7779846
192.4805712	291.7336426
192.5639322	245.4997253
192.6472933	194.5189056
192.7306543	173.4496460
192.8140153	174.6738281
192.8973763	208.5357361
192.9807373	302.6327209
193.0640983	305.0567932
193.1474593	329.5555420
193.2308203	413.2953796
193.3141813	390.7150574
193.3975423	329.6528015
193.4809034	292.6431885
193.5642644	230.1690063
193.6476254	217.6694641
193.7309864	199.0039673
193.8143474	230.1426849
193.8977084	304.5445251
193.9810694	334.6056824
194.0644304	338.0626526
194.1477914	414.6896667
194.2311524	418.7670288
194.3145135	430.4898376
194.3978745	337.9821777
194.4812355	318.5194702
194.5645965	224.9990692
194.6479575	271.9111328
194.7313185	202.2139587
194.8146795	213.2448883
194.8980405	215.4817047
194.9814015	258.1454468
195.0647625	293.1918030
195.1481235	338.7341003
195.2314846	380.6157837
195.3148456	365.5021973
195.3982066	324.9158325
195.4815676	295.0466309
195.5649286	237.6979370
195.6482896	205.3040771
195.7316506	171.2908630
195.8150116	194.3785095
195.8983726	238.9284515
195.9817336	265.2053528
196.0650947	279.9417725
196.1484557	298.8296814
196.2318167	340.8007507
196.3151777	320.2229919
196.3985387	298.1071777
196.4818997	290.7891235
196.5652607	215.7169952
196.6486217	172.7317963
196.7319827	276.0258484
196.8153437	239.9181671
196.8987047	242.3808136
196.9820658	300.9603577
197.0654268	329.4132385
197.1487878	423.0314941
197.2321488	437.9619751
197.3155098	440.1268005
197.3988708	373.3423767
197.4822318	317.2850647
197.5655928	268.4417725
197.6489538	207.0802612
197.7323148	182.5468140
197.8156759	207.4947205
197.8990369	260.7395935
197.9823979	296.1545105
198.0657589	316.1358032
198.1491199	319.8350830
198.2324809	348.7527771
198.3158419	379.8161926
198.3992029	335.0884399
198.4825639	312.9208984
198.5659249	277.2861023
198.6492860	205.9553986
198.7326470	187.2565155
198.8160080	203.7850342
198.8993690	244.2762909
198.9827300	317.8800659
199.0660910	313.4621887
199.1494520	382.0860291
199.2328130	474.3971252
199.3161740	474.2154541
199.3995350	344.1922913
199.4828960	314.5707092
199.5662571	262.6086426
199.6496181	191.9403992
199.7329791	167.0974274
199.8163401	210.2687225
199.8997011	257.0045166
199.9830621	264.2650757
200.0664231	310.5054932
200.1497841	357.6814575
200.2331451	364.9392700
200.3165061	366.2902527
200.3998672	325.5703735
200.4832282	311.2597046
200.5665892	232.3093872
200.6499502	179.0240479
200.7333112	182.7292786
200.8166722	231.7515411
200.9000332	283.2813721
200.9833942	312.5475159
201.0667552	327.7175903
201.1501162	333.0600586
201.2334773	382.3457031
201.3168383	355.7395020
201.4001993	329.9107361
201.4835603	253.3030548
201.5669213	195.2599792
201.6502823	179.3303223
201.7336433	178.9161530
201.8170043	210.5279541
201.9003653	222.3971863
201.9837263	294.7557068
202.0670873	316.3897705
202.1504484	336.4488831
202.2338094	366.8221436
202.3171704	381.4101562
202.4005314	320.8467407
202.4838924	274.6205444
202.5672534	249.6629181
202.6506144	225.8592987
202.7339754	234.4951477
202.8173364	247.3978119
202.9006974	299.9472351
202.9840585	325.5584412
203.0674195	346.6565857
203.1507805	364.2593994
203.2341415	368.8741760
203.3175025	392.1672058
203.4008635	340.0776672
203.4842245	305.1829529
203.5675855	286.7796021
203.6509465	244.4713135
203.7343075	186.9037476
203.8176685	246.5478668
203.9010296	316.0353699
203.9843906	324.5692139
204.0677516	318.6143188
204.1511126	359.8093262
204.2344736	423.1641541
204.3178346	437.3701782
204.4011956	355.1609802
204.4845566	305.2756348
204.5679176	221.5748444
204.6512786	177.6433716
204.7346397	166.3035583
204.8180007	185.8170166
204.9013617	232.5714569
204.9847227	293.5289307
205.0680837	318.6206055
205.1514447	357.4360962
205.2348057	361.2928467
205.3181667	336.1278992
205.4015277	321.6245728
205.4848887	309.3915710
205.5682498	250.3477020
205.6516108	200.3467102
205.7349718	205.4012604
205.8183328	200.2959595
205.9016938	305.4872742
205.9850548	301.2289429
206.0684158	312.9676819
206.1517768	348.8847656
206.2351378	325.8622742
206.3184988	330.9408875
206.4018598	316.2657471
206.4852209	281.7943726
206.5685819	215.3605957
206.6519429	178.4864960
206.7353039	163.6651001
206.8186649	192.2830505
206.9020259	263.1638794
206.9853869	277.6039734
207.0687479	298.7213135
207.1521089	360.7859497
207.2354699	471.1926880
207.3188310	380.2244873
207.4021920	320.6319580
207.4855530	303.8059692
207.5689140	297.0666504
207.6522750	244.5181274
207.7356360	280.3418274
207.8189970	290.1015625
207.9023580	294.2373657
207.9857190	304.0036926
208.0690800	322.6200256
208.1524410	367.2411804
208.2358021	378.5301208
208.3191631	373.7288208
208.4025241	314.1587830
208.4858851	295.3462219
208.5692461	217.7013245
208.6526071	193.4671326
208.7359681	167.3257446
208.8193291	227.8137207
208.9026901	312.8786926
208.9860511	331.4609375
209.0694122	311.9430847
209.1527732	310.9211121
209.2361342	315.2889709
209.3194952	338.1110535
209.4028562	337.3348083
209.4862172	293.0553589
209.5695782	232.6957550
209.6529392	215.5802460
209.7363002	205.3988647
209.8196612	215.8496094
209.9030223	254.6416779
209.9863833	278.7102661
210.0697443	307.1146240
210.1531053	316.2068787
210.2364663	343.0334473
210.3198273	326.2000732
210.4031883	323.6486206
210.4865493	284.4663696
210.5699103	279.3948669
210.6532713	208.2554779
210.7366323	199.7380829
210.8199934	205.0249176
210.9033544	222.8975220
210.9867154	270.3415833
211.0700764	292.9191284
211.1534374	310.4905396
211.2367984	346.1435852
211.3201594	309.4198303
211.4035204	313.0956116
211.4868814	321.6158142
211.5702424	276.8557434
211.6536035	210.6073151
211.7369645	237.4381104
211.8203255	230.7080383
211.9036865	230.4008026
211.9870475	279.0414429
212.0704085	297.1348267
212.1537695	326.7019958
212.2371305	412.4225159
212.3204915	365.1426392
212.4038525	334.2475891
212.4872136	274.0777893
212.5705746	254.9158936
212.6539356	190.6707611
212.7372966	225.9664612
212.8206576	254.8946075
212.9040186	256.3101807
212.9873796	298.0161743
213.0707406	327.6766052
213.1541016	385.8945007
213.2374626	350.8456421
213.3208236	302.4333191
213.4041847	339.1664429
213.4875457	293.7995911
213.5709067	256.5543823
213.6542677	220.6550903
213.7376287	228.0349731
213.8209897	224.2251587
213.9043507	277.3948364
213.9877117	306.3132019
214.0710727	315.6976624
214.1544337	337.3418579
214.2377948	370.5997925
214.3211558	407.0244446
214.4045168	338.3601074
214.4878778	303.1224670
214.5712388	268.6460571
214.6545998	195.1286469
214.7379608	231.6960144
214.8213218	218.0917206
214.9046828	236.9916534
214.9880438	321.7698975
215.0714048	326.0097656
215.1547659	331.8353882
215.2381269	402.7514954
215.3214879	353.8519592
215.4048489	326.9777527
215.4882099	309.0130920
215.5715709	222.3530579
215.6549319	184.1640778
215.7382929	173.4713593
215.8216539	198.3345032
215.9050149	200.4436035
215.9883760	245.4319153
216.0717370	308.1952820
216.1550980	379.9860840
216.2384590	418.3483276
216.3218200	329.4314270
216.4051810	323.0781860
216.4885420	309.7396851
216.5719030	239.5257263
216.6552640	187.7314453
216.7386250	180.0281372
216.8219861	213.3541718
216.9053471	259.0425110
216.9887081	287.1476440
217.0720691	304.3454285
217.1554301	315.4652710
217.2387911	335.4349976
217.3221521	363.1919556
217.4055131	346.5945435
217.4888741	298.8870850
217.5722351	228.0893097
217.6555961	185.9306030
217.7389572	170.0626221
217.8223182	196.4864807
217.9056792	194.5890503
217.9890402	195.9966125
218.0724012	225.8861389
218.1557622	271.0120544
218.2391232	311.2445068
218.3224842	309.5036621
218.4058452	336.8629150
218.4892062	320.4846497
218.5725673	213.6250305
218.6559283	169.4147186
218.7392893	175.6079407
218.8226503	274.5867310
218.9060113	311.4943848
218.9893723	321.1678162
219.0727333	337.1888123
219.1560943	427.4230347
219.2394553	437.6046448
219.3228163	422.2532959
219.4061773	339.6595764
219.4895384	296.7875366
219.5728994	293.0384216
219.6562604	252.3589172
219.7396214	186.6704407
219.8229824	219.7292480
219.9063434	253.0734863
219.9897044	247.3104706
220.0730654	265.4668884
220.1564264	319.3013611
220.2397874	341.2406311
220.3231485	312.4182434
220.4065095	317.2969055
220.4898705	304.6843872
220.5732315	261.3185120
220.6565925	236.7172852
220.7399535	232.5666656
220.8233145	221.2183838
220.9066755	271.6963501
220.9900365	316.9710388
221.0733975	324.4418640
221.1567586	348.5787964
221.2401196	325.1484070
221.3234806	334.1778870
221.4068416	313.8437805
221.4902026	295.8845825
221.5735636	263.7059937
221.6569246	220.1920166
221.7402856	184.9306183
221.8236466	224.8534393
221.9070076	246.2087860
221.9903686	288.2450562
222.0737297	322.4561157
222.1570907	302.8166504
222.2404517	367.8636780
222.3238127	387.2356567
222.4071737	316.8785095
222.4905347	307.2796326
222.5738957	285.6049194
222.6572567	221.9673767
222.7406177	230.5667572
222.8239787	264.7689209
222.9073398	324.4169617
222.9907008	340.3110352
223.0740618	331.1427917
223.1574228	314.8903809
223.2407838	346.0872803
223.3241448	314.6159058
223.4075058	294.5527344
223.4908668	316.5010376
223.5742278	285.2641907
223.6575888	272.4463196
223.7409499	207.5723724
223.8243109	254.2461090
223.9076719	301.7203674
223.9910329	286.1650696
224.0743939	316.7597656
224.1577549	323.5705566
224.2411159	305.1106567
224.3244769	299.5138245
224.4078379	325.4708252
224.4911989	293.4538574
224.5745599	274.8784485
224.6579210	217.4695587
224.7412820	196.8571014
224.8246430	225.5484772
224.9080040	224.3089905
224.9913650	303.6330261
225.0747260	306.5724182
225.1580870	346.2398987
225.2414480	376.9092407
225.3248090	421.8550720
225.4081700	322.8092041
225.4915311	287.9851685
225.5748921	224.7588348
225.6582531	206.5589752
225.7416141	204.2028809
225.8249751	207.3415527
225.9083361	217.2907867
225.9916971	270.4759216
226.0750581	283.6390076
226.1584191	322.9986267
226.2417801	302.7450562
226.3251411	304.3677673
226.4085022	319.6420288
226.4918632	291.1687012
226.5752242	245.2889709
226.6585852	217.6213684
226.7419462	190.9407196
226.8253072	186.2418213
226.9086682	267.7490540
226.9920292	293.0174255
227.0753902	333.2635193
227.1587512	339.7235413
227.2421123	370.6049500
227.3254733	330.0346680
227.4088343	311.3923645
227.4921953	284.5959167
227.5755563	225.3046417
227.6589173	178.4214630
227.7422783	166.5119629
227.8256393	188.5609741
227.9090003	210.8095703
227.9923613	311.1002808
228.0757224	334.3873901
228.1590834	346.7583313
228.2424444	343.8560181
228.3258054	325.1308289
228.4091664	329.0745850
228.4925274	320.0665588
228.5758884	298.3946228
228.6592494	258.5892334
228.7426104	202.7290802
228.8259714	187.7676544
228.9093324	262.7220764
228.9926935	337.8188477
229.0760545	327.8740234
229.1594155	323.7377930
229.2427765	324.7787476
229.3261375	300.5774536
229.4094985	320.8958740
229.4928595	288.2557068
229.5762205	249.9596252
229.6595815	188.1304932
229.7429425	180.4145355
229.8263036	192.0831909
229.9096646	263.6156006
229.9930256	302.4541626
230.0763866	315.0079651
230.1597476	331.7986145
230.2431086	375.1753540
230.3264696	376.6601562
230.4098306	318.1361084
230.4931916	304.2573242
230.5765526	243.8241425
230.6599136	229.6280518
230.7432747	186.7120056
230.8266357	213.6200409
230.9099967	228.2073517
230.9933577	302.9650879
231.0767187	301.0952454
231.1600797	301.8416443
231.2434407	302.4651794
231.3268017	296.3010559
231.4101627	318.1002502
231.4935237	308.0548706
231.5768848	259.7883301
231.6602458	224.2216339
231.7436068	178.2660370
231.8269678	199.6307678
231.9103288	220.6942139
231.9936898	257.8765259
232.0770508	270.0336609
232.1604118	316.5069580
232.2437728	346.9662781
232.3271338	337.5415344
232.4104949	331.5100098
232.4938559	330.4338989
232.5772169	255.9146576
232.6605779	190.4877930
232.7439389	177.3115234
232.8272999	231.6286469
232.9106609	296.8448792
232.9940219	297.5595703
233.0773829	321.7262268
233.1607439	322.8487244
233.2441049	317.9862366
233.3274660	315.2003784
233.4108270	305.0780334
233.4941880	245.7293701
233.5775490	206.7821960
233.6609100	172.5153961
233.7442710	167.1490021
233.8276320	175.5926208
233.9109930	209.3774109
233.9943540	268.3315430
234.0777150	282.6929626
234.1610761	302.2812500
234.2444371	323.5436401
234.3277981	347.0750427
234.4111591	308.7720032
234.4945201	273.2271118
234.5778811	257.6218262
234.6612421	204.7636871
234.7446031	198.3315430
234.8279641	224.9947205
234.9113251	253.8242340
234.9946862	293.0363464
235.0780472	336.3980408
235.1614082	423.9327087
235.2447692	466.7946472
235.3281302	347.5652161
235.4114912	326.8173523
235.4948522	292.9194031
235.5782132	257.2647095
235.6615742	198.1188660
235.7449352	174.7678223
235.8282962	180.5843048
235.9116573	222.5262146
235.9950183	265.8973083
236.0783793	312.9787903
236.1617403	357.4895630
236.2451013	329.3572083
236.3284623	328.0370789
236.4118233	334.4276733
236.4951843	321.1667786
236.5785453	284.7343445
236.6619063	212.3906097
236.7452674	211.1058807
236.8286284	205.6342926
236.9119894	224.8480225
236.9953504	280.1086426
237.0787114	290.1161499
237.1620724	289.3858032
237.2454334	298.6317444
237.3287944	315.5077209
237.4121554	314.3425598
237.4955164	294.5355530
237.5788774	252.3043823
237.6622385	195.3205414
237.7455995	172.7698212
237.8289605	230.6331787
237.9123215	223.3509521
237.9956825	227.0468140
238.0790435	245.0002441
238.1624045	256.2372437
238.2457655	278.6721802
238.3291265	298.0349731
238.4124875	305.4756165
238.4958486	314.2782898
238.5792096	250.4007263
238.6625706	220.4592743
238.7459316	179.4816589
238.8292926	192.7979889
238.9126536	254.3015747
238.9960146	279.4721069
239.0793756	298.2953796
239.1627366	323.3280334
239.2460976	328.4566345
239.3294587	322.9052734
239.4128197	322.3385315
239.4961807	316.3612976
239.5795417	238.8735962
239.6629027	223.2503662
239.7462637	190.3664246
239.8296247	177.1515045
239.9129857	244.3212280
239.9963467	293.9300232
240.0797077	292.5859070
240.1630687	295.7994690
240.2464298	311.3896484
240.3297908	337.0461426
240.4131518	336.5285034
240.4965128	327.0274658
240.5798738	265.0833740
240.6632348	197.5043945
240.7465958	192.1852722
240.8299568	251.5743103
240.9133178	252.6512756
240.9966788	275.5737305
241.0800399	306.1860962
241.1634009	310.8954773
241.2467619	329.1306152
241.3301229	324.8082581
241.4134839	318.8057251
241.4968449	289.4193420
241.5802059	266.6606140
241.6635669	245.8216705
241.7469279	209.3827515
241.8302889	244.9310303
241.9136500	240.6687164
241.9970110	276.9837646
242.0803720	312.2913513
242.1637330	381.4841919
242.2470940	417.2377014
242.3304550	321.7107239
242.4138160	327.2686462
242.4971770	309.1015015
242.5805380	253.0272064
242.6638990	200.7261353
242.7472600	178.2929077
242.8306211	193.5373688
242.9139821	268.3106079
242.9973431	310.9659424
243.0807041	329.9849243
243.1640651	323.1381531
243.2474261	333.5364380
243.3307871	305.8560181
243.4141481	323.5037231
243.4975091	294.8748474
243.5808701	252.1118469
243.6642312	222.1092682
243.7475922	200.9280090
243.8309532	264.9047241
243.9143142	326.2688293
243.9976752	322.8918152
244.0810362	305.4492493
244.1643972	320.3728943
244.2477582	362.6357727
244.3311192	337.9444275
244.4144802	316.1013184
244.4978412	267.5110779
244.5812023	226.2976990
244.6645633	189.8099213
244.7479243	202.9555664
244.8312853	275.7950134
244.9146463	317.3908386
244.9980073	338.2754822
245.0813683	324.6192627
245.1647293	324.9942627
245.2480903	321.2912598
245.3314513	340.9241638
245.4148124	326.5755615
245.4981734	320.2845764
245.5815344	238.3833466
245.6648954	194.2428284
245.7482564	203.2018585
245.8316174	244.1349487
245.9149784	298.5481567
245.9983394	327.8358154
246.0817004	315.1343994
246.1650614	326.8611755
246.2484225	364.9753723
246.3317835	323.5769653
246.4151445	334.6769104
246.4985055	321.4617004
246.5818665	301.0289307
246.6652275	226.8508606
246.7485885	184.7603760
246.8319495	196.0167847
246.9153105	246.1863403
246.9986715	291.1525574
247.0820325	331.3489685
247.1653936	328.7751160
247.2487546	308.6954346
247.3321156	308.8037720
247.4154766	302.4489746
247.4988376	297.0231628
247.5821986	228.3902435
247.6655596	205.4994965
247.7489206	211.8326721
247.8322816	252.0545654
247.9156426	268.2573242
247.9990037	273.9016113
248.0823647	300.4266357
248.1657257	321.8819275
248.2490867	338.7245789
248.3324477	322.6735840
248.4158087	306.5567627
248.4991697	311.7409973
248.5825307	220.9951782
248.6658917	216.7424011
248.7492527	199.8601990
248.8326137	196.9624329
248.9159748	238.3286133
248.9993358	303.1101379
249.0826968	325.5466309
249.1660578	351.5048828
249.2494188	355.4196167
249.3327798	357.7835693
249.4161408	338.7275391
249.4995018	335.4635925
249.5828628	251.9797058
249.6662238	188.5612488
249.7495849	170.4049683
249.8329459	252.3512268
249.9163069	303.2443848
249.9996679	329.1699524
